                
1     1 75.00033
2     2 76.00157
3     3 75.99976
4     4 74.97253
5     5 62.97956
6     6 54.99831
7     7 44.00105
8     8 85.00516
9     9 31.99998
10   10 28.00010
11   11 23.00098
12   12 20.00013
13   13 17.00642
14   14 19.00000
15   15 37.00094
16   16 36.00092
17   17 18.00847
18   18 87.00016
19   19 44.01023
20   20 95.01369
21   21 19.00018
22   22 19.03032
23   23 18.01355
24   24 18.00004
25   25 18.00001
26   26 19.99971
27   27 19.00061
28   28 19.99979
29   29 19.00002
30   30 19.97398
31   31 19.99937
32   32 19.99981
33   33 89.00009
34   34 19.99747
35   35 19.99356
36   36 40.02383
37   37 36.00402
38   38 32.00192
39   39 70.00010
40   40 70.00003
41   41 36.99849
42   42 42.00000
43   43 70.00003
44   44 67.00068
45   45 62.00085
46   46 54.00001
47   47 46.00019
48   48 46.99975
49   49 45.00000
50   50 49.00000
51   51 48.99983
52   52 47.03745
53   53 42.99991
54   54 41.00034
55   55 41.00087
56   56 35.99983
57   57 45.00003
58   58 58.00027
59   59 61.00180
60   60 63.00174
61   61 62.00115
62   62 61.00213
63   63 61.00000
64   64 66.98757
65   65 70.99428
66   66 75.97918
67   67 80.99998
68   68 82.98971
69   69 86.99965
70   70 87.99995
71   71 91.80180
72   72 91.96641
73   73 16.95242
74   74 95.98515
75   75 95.99697
76   76 97.99934
77   77 92.99946
78   78 92.99284
79   79 92.99997
80   80 89.99698
81   81 88.99551
82   82 83.99573
83   83 79.98670
84   84 77.99993
85   85 73.00000
86   86 68.99615
87   87 62.99993
88   88 28.00009
89   89 32.00070
90   90 38.00064
91   91 44.99998
92   92 47.96831
93   93 60.00041
94   94 71.00429
95   95 75.00000
96   96 72.99579
97   97 73.00099
98   98 74.21591
99   99 75.03145
100 100 75.00010
