                 
1     1  77.98705
2     2  89.00015
3     3  90.00649
4     4  88.99978
5     5  64.99612
6     6  19.98967
7     7  20.97293
8     8  37.99991
9     9  32.02934
10   10  26.00275
11   11  22.99695
12   12  20.99483
13   13  19.00021
14   14  16.99768
15   15  18.99995
16   16  18.99997
17   17  18.99955
18   18  50.00151
19   19  18.99456
20   20  18.00001
21   21  18.99994
22   22 100.03293
23   23  17.99944
24   24  19.99993
25   25  18.99997
26   26  17.98893
27   27  15.99997
28   28  18.99113
29   29  20.00000
30   30  17.99998
31   31  17.94060
32   32  18.00000
33   33  18.99999
34   34  18.99962
35   35  19.99632
36   36  17.99997
37   37  19.99126
38   38  15.99911
39   39  70.01655
40   40  72.00015
41   41  36.99933
42   42  85.00032
43   43  73.00002
44   44  17.99267
45   45  61.02803
46   46  54.00020
47   47  41.01389
48   48  41.00020
49   49  44.02194
50   50  43.99976
51   51  43.00000
52   52  44.00618
53   53  44.00139
54   54  41.00003
55   55  41.00054
56   56  41.99964
57   57  53.00178
58   58  58.00001
59   59  61.03699
60   60  65.00094
61   61  79.02945
62   62  61.00004
63   63  72.00258
64   64  66.00302
65   65  69.00000
66   66  75.00125
67   67  80.00592
68   68  83.00000
69   69  51.96423
70   70  88.99934
71   71  95.09735
72   72  89.00478
73   73  92.99930
74   74  96.00000
75   75 105.00008
76   76  95.00003
77   77  93.01214
78   78  93.00718
79   79  96.00028
80   80 100.00000
81   81  89.04399
82   82  95.00749
83   83  17.99913
84   84  78.01915
85   85  73.01634
86   86  67.03504
87   87  62.00788
88   88  14.99998
89   89  14.99724
90   90  36.99954
91   91  41.99860
92   92  50.97804
93   93  59.98755
94   94  72.00000
95   95  77.99990
96   96  76.99995
97   97  76.99551
98   98  76.00390
99   99  77.00011
100 100  77.98272
