1     1   200.9999
2     2   200.9993
3     3   200.9996
4     4   199.9984
5     5   203.0000
6     6   200.9985
7     7   200.9999
8     8   199.9998
9     9   200.9994
10   10   200.9988
11   11   202.9998
12   12   200.9997
13   13   201.0000
14   14   201.9998
15   15   201.9995
16   16   203.9994
17   17   200.9996
18   18   200.9999
19   19   198.9958
20   20   198.9994
21   21   200.9996
22   22   200.9997
23   23   201.0000
24   24   200.9978
25   25   200.9997
26   26   201.0000
27   27   198.9985
28   28   200.9982
29   29   202.0000
30   30   201.9995
31   31   199.0000
32   32   201.9993
33   33   201.0000
34   34   200.9998
35   35   200.9996
36   36   202.0000
37   37   202.9993
38   38   200.9991
39   39   200.9997
40   40   201.9772
41   41   200.9992
42   42   200.9995
43   43   200.0000
44   44   200.9998
45   45   201.0000
46   46   201.9998
47   47   200.9996
48   48   201.0000
49   49   203.9999
50   50   201.9965
51   51   202.9996
52   52   200.9988
53   53   200.9985
54   54   200.9998
55   55   204.0000
56   56   200.0000
57   57   200.9992
58   58   206.9992
59   59   200.9996
60   60   200.9999
61   61   200.0000
62   62   200.9982
63   63   200.9998
64   64   200.9998
65   65   200.9813
66   66   201.9999
67   67   200.9988
68   68   200.9990
69   69   203.9962
70   70   204.0000
71   71   201.9996
72   72   200.9993
73   73   202.0000
74   74   199.9994
75   75   200.9988
76   76   200.9970
77   77   201.0000
78   78   200.9996
79   79   200.0000
80   80   200.9990
81   81   200.9997
82   82   201.0000
83   83   200.9998
84   84   201.9996
85   85   200.9999
86   86   201.9992
87   87   205.9999
88   88   199.9997
89   89   200.9983
90   90   201.9997
91   91   204.0000
92   92   200.9988
93   93   199.9981
94   94   201.9999
95   95   200.9999
96   96   200.9995
97   97   200.9998
98   98   200.9985
99   99   199.9992
100 100   201.0000
101 101   200.9992
102 102   200.9999
103 103   200.9983
104 104   200.9948
105 105   200.9997
106 106   202.0000
107 107   202.9641
108 108   201.0000
109 109   201.0000
110 110   201.0000
111 111   203.9999
112 112   201.0000
113 113   200.0000
114 114   201.0000
115 115   199.9997
116 116   199.9994
117 117   200.9996
118 118   201.0000
119 119   200.0000
120 120   201.9930
121 121   200.9998
122 122   200.9999
123 123   202.9998
124 124   201.0000
125 125   200.9998
126 126   200.9987
127 127   200.9985
128 128   200.9997
129 129   200.9959
130 130   200.0000
131 131   201.9994
132 132   200.0000
133 133   201.9997
134 134   204.9987
135 135   200.0000
136 136   201.0000
137 137   201.0000
138 138   199.9977
139 139   198.9992
140 140   200.9669
141 141   201.9999
142 142   200.9994
143 143   202.9949
144 144   203.9985
145 145   200.9997
146 146   200.9996
147 147   199.9941
148 148   202.9999
149 149   200.9992
150 150   199.9999
151 151   201.9996
152 152   200.9998
153 153   200.0000
154 154   200.9999
155 155   200.9987
156 156   204.9999
157 157   200.0000
158 158   201.0000
159 159   202.0000
160 160   200.9998
161 161   198.0000
162 162   203.9999
163 163   200.9999
164 164   200.9973
165 165   200.9995
166 166   200.9996
167 167   200.0000
168 168   200.9981
169 169   200.9999
170 170   202.9988
171 171   202.9968
172 172   200.9981
173 173   201.9996
174 174   200.9999
175 175   207.9994
176 176   200.9995
177 177   200.9948
178 178   201.9985
179 179   205.0000
180 180   200.9981
181 181   198.9995
182 182   200.9995
183 183   201.0000
184 184   200.9986
185 185   199.9999
186 186   200.9995
187 187   200.9998
188 188   200.0000
189 189   202.9998
190 190   200.0000
191 191   201.0000
192 192   202.9970
193 193   200.9999
194 194   199.9934
195 195   200.9991
196 196   200.9992
197 197   200.9985
198 198   200.0000
199 199   204.9994
200 200   205.0000
201 201   200.9995
202 202   200.0000
203 203   201.9999
204 204   201.0000
205 205   200.9990
206 206   202.0000
207 207   201.9992
208 208   204.9998
209 209   205.9998
210 210   202.9983
211 211   199.9982
212 212   200.9998
213 213   199.9983
214 214   200.9998
215 215   203.9999
216 216   200.9996
217 217   201.0000
218 218   200.9997
219 219   201.9984
220 220   200.9999
221 221   200.9997
222 222   205.9997
223 223   202.0000
224 224   200.9967
225 225   200.9999
226 226   200.9991
227 227   200.0000
228 228   201.0000
229 229   200.9993
230 230   200.9985
231 231   200.9964
232 232   200.9997
233 233   199.0000
234 234   196.9965
235 235   200.9996
236 236   201.9994
237 237   201.0000
238 238   200.9979
239 239   201.9982
240 240   200.9998
241 241   200.9997
242 242   200.9995
243 243   199.9935
244 244   200.9999
245 245   200.9995
246 246   200.9992
247 247   200.9996
248 248   200.9900
249 249   201.0000
250 250   200.9998
251 251   202.0000
252 252   200.9969
253 253   200.9995
254 254   201.0000
255 255   200.9969
256 256   200.9999
257 257   200.9993
258 258   204.0000
259 259   200.9997
260 260   200.9999
261 261   200.9999
262 262   196.9967
263 263   198.9985
264 264   201.9999
265 265   200.9992
266 266   201.0000
267 267   200.9979
268 268   201.0000
269 269   200.9996
270 270   201.0000
271 271   200.9999
272 272   199.9999
273 273   201.9999
274 274   199.9981
275 275   200.9998
276 276   200.9999
277 277   200.9999
278 278   202.0000
279 279   201.0000
280 280   201.0000
281 281   199.9929
282 282   200.9996
283 283   202.0000
284 284   201.0000
285 285   194.9970
286 286   197.9970
287 287   200.9998
288 288   200.0000
289 289   200.9997
290 290   200.9995
291 291   200.9996
292 292   201.0000
293 293   200.9997
294 294   203.0000
295 295   200.9993
296 296   200.9996
297 297   200.9988
298 298   200.9984
299 299   201.0000
300 300   200.9995
301 301   200.9985
302 302   199.9997
303 303   200.9999
304 304   200.0000
305 305   200.9989
306 306   200.9997
307 307   200.9998
308 308   199.9968
309 309   200.9989
310 310   200.9996
311 311   200.9995
312 312   200.9999
313 313   202.9999
314 314   199.9976
315 315   200.9993
316 316   202.9999
317 317   200.9988
318 318   202.0000
319 319   201.9999
320 320   202.0000
321 321   201.9998
322 322   200.9991
323 323   200.9995
324 324   200.9992
325 325   200.0000
326 326   200.9993
327 327   199.9998
328 328   200.9992
329 329   201.9523
330 330   199.9996
331 331   200.9989
332 332   200.9994
333 333   202.0000
334 334   200.9989
335 335   201.9998
336 336   199.9976
337 337   201.9998
338 338   200.9999
339 339   201.0000
340 340   200.9999
341 341   203.0000
342 342   200.9999
343 343   201.0000
344 344   201.9996
345 345   199.9995
346 346   200.9993
347 347   200.9997
348 348   201.9994
349 349   198.9993
350 350   201.9999
351 351   201.0000
352 352   199.9992
353 353   198.9978
354 354   200.9991
355 355   201.0000
356 356   200.9999
357 357   199.9957
358 358   201.9994
359 359   200.0000
360 360   200.9995
361 361   200.9982
362 362   200.9988
363 363   200.9968
364 364   200.9958
365 365   200.9999
366 366   200.9980
367 367   200.9996
368 368   200.9990
369 369   200.9999
370 370   201.9989
371 371   200.9993
372 372   200.9999
373 373   201.0000
374 374   200.9962
375 375   200.9903
376 376   201.0000
377 377   202.0000
378 378   200.9975
379 379   200.9996
380 380   200.9995
381 381   201.0000
382 382   200.9997
383 383   199.9964
384 384   200.9995
385 385   200.9998
386 386   200.9975
387 387   202.9990
388 388   200.9994
389 389   198.9950
390 390   201.0000
391 391   201.9999
392 392   200.9630
393 393   200.9996
394 394   202.0000
395 395   200.9733
396 396   200.9999
397 397   201.0000
398 398   199.9996
399 399   202.9949
400 400   200.9999
