                
1     1 74.00012
2     2 76.00140
3     3 76.00000
4     4 74.99938
5     5 66.98719
6     6 55.99986
7     7 44.00023
8     8 85.00003
9     9 31.99996
10   10 28.00001
11   11 23.00158
12   12 20.00133
13   13 17.03544
14   14 17.00114
15   15 25.04289
16   16 28.00041
17   17 18.00001
18   18 87.00563
19   19 43.02047
20   20 93.00011
21   21 19.00186
22   22 19.00011
23   23 17.00022
24   24 18.01957
25   25 18.00009
26   26 20.00000
27   27 19.06744
28   28 19.99984
29   29 19.00435
30   30 19.96055
31   31 19.99945
32   32 19.99175
33   33 90.00349
34   34 19.99734
35   35 19.99737
36   36 19.99994
37   37 38.00227
38   38 73.00028
39   39 69.00000
40   40 70.00043
41   41 36.99990
42   42 41.99883
43   43 70.00005
44   44 66.00018
45   45 62.00324
46   46 54.00026
47   47 46.00063
48   48 47.99761
49   49 44.98121
50   50 48.00044
51   51 48.99105
52   52 47.00003
53   53 42.99955
54   54 41.00000
55   55 42.00039
56   56 42.00000
57   57 45.00004
58   58 58.00004
59   59 61.00174
60   60 61.00000
61   61 62.00138
62   62 61.00005
63   63 61.01779
64   64 66.99398
65   65 70.99912
66   66 76.99997
67   67 79.99382
68   68 83.99999
69   69 86.99996
70   70 87.97248
71   71 89.99978
72   72 92.99987
73   73 94.99840
74   74 94.99907
75   75 95.99249
76   76 95.99936
77   77 95.99976
78   78 92.99270
79   79 93.99575
80   80 89.99999
81   81 87.96581
82   82 83.98664
83   83 80.99885
84   84 76.99951
85   85 73.99990
86   86 67.99991
87   87 62.95301
88   88 29.00914
89   89 32.00013
90   90 38.00002
91   91 44.99981
92   92 47.99970
93   93 60.00119
94   94 71.00003
95   95 74.99891
96   96 72.99796
97   97 73.00048
98   98 73.03876
99   99 75.01736
100 100 75.00172
