                 
1     1  87.99951
2     2  89.00017
3     3  89.00029
4     4  90.99990
5     5  14.00000
6     6  13.99995
7     7  15.99860
8     8  36.96256
9     9  32.99999
10   10  16.99766
11   11  13.96507
12   12  22.99738
13   13  13.93331
14   14  16.99935
15   15  35.00028
16   16  40.02257
17   17  49.00719
18   18  59.00037
19   19  60.00002
20   20  99.00017
21   21  94.00000
22   22  18.00000
23   23 102.00084
24   24  72.00001
25   25  96.00270
26   26  17.99981
27   27  17.99872
28   28  13.99977
29   29  14.00000
30   30  15.99529
31   31  18.99998
32   32  13.99939
33   33  15.99898
34   34  15.99986
35   35  13.99981
36   36  15.99997
37   37  16.99985
38   38  19.98504
39   39  69.00374
40   40  72.00010
41   41  75.00812
42   42  20.99579
43   43  71.00010
44   44  47.00000
45   45  60.00045
46   46  50.01099
47   47  39.00018
48   48  46.00007
49   49  47.00165
50   50  83.00001
51   51  46.99966
52   52  42.00038
53   53  44.00000
54   54  41.00308
55   55  39.00008
56   56 100.00113
57   57  53.00036
58   58  58.00051
59   59  62.00721
60   60  64.00072
61   61  27.98898
62   62  61.00009
63   63  62.00397
64   64  67.00083
65   65  70.00001
66   66  76.99939
67   67  13.99986
68   68  83.99996
69   69  62.99840
70   70  87.99870
71   71  90.00230
72   72  91.00000
73   73  93.99950
74   74 100.00000
75   75 105.00007
76   76  95.02110
77   77  91.00024
78   78  91.00868
79   79  88.00225
80   80 100.00003
81   81  87.00000
82   82  83.00401
83   83  14.99930
84   84  88.02263
85   85  74.00839
86   86  68.00029
87   87  62.00001
88   88  28.99430
89   89  32.02110
90   90  37.99941
91   91  42.99973
92   92  51.99999
93   93  60.99999
94   94  73.99993
95   95  90.00000
96   96  76.98762
97   97  88.00181
98   98  91.00003
99   99  89.00000
100 100  87.99976
