1     1   204.0003
2     2   201.0003
3     3   198.0002
4     4   199.0002
5     5   202.0005
6     6   200.0001
7     7   198.0000
8     8   200.0001
9     9   200.0003
10   10   194.0002
11   11   217.0004
12   12   200.0003
13   13   200.0000
14   14   200.0001
15   15   200.0002
16   16   200.0001
17   17   199.0002
18   18   195.0159
19   19   196.0028
20   20   201.0001
21   21   198.0001
22   22   200.0043
23   23   197.0156
24   24   203.0000
25   25   200.0000
26   26   190.0001
27   27   200.0004
28   28   229.0002
29   29   199.0001
30   30   198.0002
31   31   200.0002
32   32   202.0485
33   33   199.0000
34   34   190.0001
35   35   203.0000
36   36   200.0074
37   37   199.0002
38   38   200.0001
39   39   200.0001
40   40   200.0001
41   41   215.0000
42   42   200.0001
43   43   202.0001
44   44   200.0166
45   45   199.0000
46   46   191.0000
47   47   200.0002
48   48   198.0049
49   49   197.0001
50   50   199.0010
51   51   200.0001
52   52   197.0004
53   53   191.0001
54   54   201.0000
55   55   197.0001
56   56   201.0013
57   57   201.0000
58   58   201.0002
59   59   199.0001
60   60   201.0001
61   61   200.0003
62   62   203.0001
63   63   194.0039
64   64   200.0047
65   65   203.0001
66   66   198.0061
67   67   199.0012
68   68   192.0003
69   69   197.0019
70   70   199.0035
71   71   200.0892
72   72   201.0016
73   73   202.0002
74   74   194.0087
75   75   200.0000
76   76   200.0001
77   77   198.0001
78   78   199.0014
79   79   197.0001
80   80   202.0006
81   81   200.0001
82   82   199.0005
83   83   202.0001
84   84   200.0001
85   85   199.0004
86   86   200.0003
87   87   197.0001
88   88   188.0000
89   89   201.0000
90   90   202.0004
91   91   182.0000
92   92   204.0001
93   93   200.0000
94   94   196.0008
95   95   200.0003
96   96   199.0000
97   97   202.0003
98   98   200.0004
99   99   195.0005
100 100   202.0001
101 101   196.0002
102 102   201.0001
103 103   191.0005
104 104   199.0011
105 105   199.0093
106 106   204.0003
107 107   201.0001
108 108   200.0007
109 109   200.0000
110 110   200.0001
111 111   200.0000
112 112   199.0001
113 113   200.0001
114 114   200.0000
115 115   208.0000
116 116   200.0004
117 117   188.0119
118 118   200.0001
119 119   200.0001
120 120   199.0002
121 121   196.0132
122 122   202.0007
123 123   200.0002
124 124   201.0000
125 125   200.0001
126 126   199.0011
127 127   197.0002
128 128   200.0004
129 129   195.0004
130 130   202.0007
131 131   200.0000
132 132   201.0001
133 133   203.0544
134 134   200.0001
135 135   200.0006
136 136   200.0001
137 137   200.0001
138 138   200.0003
139 139   195.0002
140 140   197.0001
141 141   197.0001
142 142   199.0001
143 143   223.0004
144 144   209.0005
145 145   199.0000
146 146   200.0006
147 147   220.0000
148 148   198.0001
149 149   197.0000
150 150   201.0006
151 151   200.0003
152 152   201.0010
153 153   190.0001
154 154   206.0027
155 155   201.0005
156 156   200.0182
157 157   200.0059
158 158   200.0005
159 159   201.0000
160 160   199.0001
161 161   197.0003
162 162   200.0001
163 163   198.0000
164 164   192.0000
165 165   201.0003
166 166   200.0001
167 167   196.0000
168 168   199.0053
169 169   198.0004
170 170   218.0003
171 171   192.0037
172 172   200.0001
173 173   200.0020
174 174   193.0000
175 175   197.0281
176 176   204.0007
177 177   203.0044
178 178   196.0006
179 179   200.0001
180 180   199.0000
181 181   198.0002
182 182   204.0002
183 183   197.0000
184 184   202.0014
185 185   199.0011
186 186   212.0001
187 187   200.0001
188 188   200.0002
189 189   200.0000
190 190   201.0002
191 191   199.0001
192 192   202.0000
193 193   197.0001
194 194   200.0000
195 195   201.0008
196 196   198.0007
197 197   200.0001
198 198   192.0002
199 199   197.0011
200 200   201.0004
201 201   199.0001
202 202   197.0000
203 203   196.0001
204 204   213.0002
205 205   200.0004
206 206   198.0001
207 207   201.0014
208 208   198.0011
209 209   201.0004
210 210   205.0006
211 211   203.0000
212 212   197.0002
213 213   207.0002
214 214   204.0001
215 215   205.0005
216 216   200.0002
217 217   198.0006
218 218   199.0000
219 219   196.0001
220 220   200.0000
221 221   199.0001
222 222   188.0000
223 223   200.0000
224 224   200.0006
225 225   201.0003
226 226   200.0149
227 227   200.0009
228 228   200.0013
229 229   202.0002
230 230   197.0079
231 231   199.0002
232 232   198.0004
233 233   195.0000
234 234   200.0000
235 235   200.0223
236 236   200.0010
237 237   199.0000
238 238   206.0001
239 239   198.0000
240 240   190.0089
241 241   203.0004
242 242   200.0048
243 243   192.0265
244 244   194.0011
245 245   201.0001
246 246   200.0011
247 247   198.0004
248 248   200.0002
249 249   201.0004
250 250   200.0001
251 251   201.0001
252 252   189.0004
253 253   200.0000
254 254   198.0000
255 255   199.0000
256 256   199.0000
257 257   206.0001
258 258   200.0001
259 259   199.0002
260 260   198.0001
261 261   200.0005
262 262   199.0002
263 263   198.0001
264 264   199.0004
265 265   198.0003
266 266   203.0005
267 267   205.0006
268 268   200.0122
269 269   193.0078
270 270   199.0007
271 271   207.0366
272 272   202.0008
273 273   200.0003
274 274   198.0001
275 275   199.0002
276 276   205.0002
277 277   199.0006
278 278   198.0000
279 279   204.0014
280 280   193.0001
281 281   202.0002
282 282   204.0001
283 283   200.0006
284 284   193.0003
285 285   193.0000
286 286   198.0010
287 287   200.0020
288 288   198.0001
289 289   199.0001
290 290   200.0003
291 291   198.0003
292 292   201.0002
293 293   197.0010
294 294   200.0003
295 295   200.0003
296 296   202.0000
297 297   207.0002
298 298   199.0012
299 299   200.0003
300 300   198.0000
301 301   200.0001
302 302   202.0002
303 303   203.0000
304 304   204.0276
305 305   200.0032
306 306   200.0000
307 307   199.0195
308 308   197.0004
309 309   200.0001
310 310   200.0001
311 311   200.0001
312 312   199.0005
313 313   201.0010
314 314   200.0000
315 315   195.0004
316 316   199.0004
317 317   207.0012
318 318   199.0001
319 319   200.0001
320 320   200.0005
321 321   199.0001
322 322   201.0012
323 323   194.0039
324 324   200.0003
325 325   198.0022
326 326   201.0001
327 327   200.0013
328 328   200.0003
329 329   200.0013
330 330   200.0001
331 331   201.0002
332 332   197.0001
333 333   200.0001
334 334   199.0105
335 335   198.0001
336 336   201.0003
337 337   191.0163
338 338   200.0001
339 339   199.0011
340 340   195.0128
341 341   210.0012
342 342   199.0000
343 343   200.0000
344 344   199.0005
345 345   201.0000
346 346   198.0001
347 347   198.0004
348 348   196.0005
349 349   196.0001
350 350   199.0004
351 351   200.0005
352 352   202.0074
353 353   200.0001
354 354   192.0002
355 355   198.0001
356 356   200.0000
357 357   199.0002
358 358   200.0000
359 359   200.0001
360 360   196.0001
361 361   188.0046
362 362   182.0006
363 363   198.0001
364 364   201.0009
365 365   202.0002
366 366   201.0022
367 367   200.0001
368 368   198.0001
369 369   200.0001
370 370   203.0025
371 371   196.0140
372 372   200.0001
373 373   200.0002
374 374   199.0010
375 375   193.0001
376 376   198.0002
377 377   200.0001
378 378   201.0002
379 379   197.0002
380 380   199.0001
381 381   200.0011
382 382   197.0002
383 383   199.0004
384 384   198.0001
385 385   199.0000
386 386   206.0001
387 387   192.0003
388 388   196.0003
389 389   200.0001
390 390   199.0019
391 391   201.0000
392 392   199.0017
393 393   200.0001
394 394   202.0002
395 395   200.0002
396 396   204.0008
397 397   200.0007
398 398   193.0001
399 399   204.0000
400 400   200.0001
