                  
1     1 117.000004
2     2  89.000006
3     3  89.000142
4     4  90.999642
5     5  64.000029
6     6  51.000001
7     7  44.000000
8     8 107.000058
9     9  32.000018
10   10   9.999801
11   11  24.000057
12   12  11.000102
13   13  86.000307
14   14  87.002343
15   15  92.012783
16   16  40.000348
17   17  47.000783
18   18  59.000811
19   19 107.000135
20   20 108.002073
21   21 112.000470
22   22 115.000277
23   23  18.000089
24   24 117.000430
25   25  18.000001
26   26  70.000438
27   27 118.001945
28   28  19.003182
29   29 116.000013
30   30  19.998943
31   31  19.993092
32   32  19.000842
33   33 107.000030
34   34  19.000000
35   35  19.999920
36   36  94.001496
37   37  36.000026
38   38  19.000012
39   39  88.013129
40   40  72.000913
41   41  98.000056
42   42 102.024402
43   43 106.000165
44   44  64.000756
45   45  60.000001
46   46  49.000187
47   47  39.000305
48   48  45.000003
49   49  47.000131
50   50  42.000014
51   51  45.000086
52   52  43.000124
53   53  45.000008
54   54  41.000251
55   55  38.000391
56   56  41.000000
57   57  53.000041
58   58  58.000569
59   59  62.000473
60   60  62.000112
61   61  27.000123
62   62  83.000485
63   63  61.000011
64   64  66.000055
65   65  70.000104
66   66  76.002642
67   67  79.002582
68   68  82.000055
69   69  85.000095
70   70  87.000099
71   71  93.000010
72   72  91.000001
73   73  91.000303
74   74 118.001106
75   75 107.000952
76   76 117.000107
77   77  91.000001
78   78  90.000109
79   79  88.000011
80   80  90.000051
81   81  87.000000
82   82  83.000086
83   83  80.001091
84   84  80.000046
85   85  73.000978
86   86  67.000389
87   87  62.000001
88   88  28.000102
89   89  91.000028
90   90  96.000276
91   91  43.000503
92   92  50.000031
93   93  60.000263
94   94  71.000054
95   95 113.000010
96   96  76.000003
97   97  88.000138
98   98  90.000028
99   99 117.000000
100 100 117.000002
