                 
1     1  77.99996
2     2  89.00016
3     3  90.02675
4     4  90.00000
5     5  12.99992
6     6  12.98578
7     7  18.98352
8     8  37.99995
9     9  31.00106
10   10  26.00111
11   11  20.99998
12   12  22.99798
13   13  75.00000
14   14  16.99968
15   15  19.99954
16   16  17.99998
17   17  18.99920
18   18  52.00215
19   19  18.98925
20   20  17.00003
21   21  18.99999
22   22  98.01929
23   23  17.99793
24   24  19.99999
25   25  19.98473
26   26  18.98786
27   27  18.97467
28   28  17.99984
29   29  19.99950
30   30  17.99999
31   31  18.97803
32   32  18.99265
33   33  18.99934
34   34  17.99942
35   35  16.99461
36   36  20.00000
37   37  17.99993
38   38  15.93681
39   39  69.00001
40   40  72.03520
41   41  35.99566
42   42  84.00176
43   43  72.00028
44   44  14.99943
45   45  62.00018
46   46  54.00005
47   47  45.01086
48   48  41.00047
49   49  44.00394
50   50  44.99766
51   51  45.00000
52   52  43.00198
53   53  46.01106
54   54  41.00008
55   55  37.01788
56   56  42.00000
57   57  53.00888
58   58  58.00142
59   59  63.00003
60   60  63.03449
61   61  80.01480
62   62  61.00650
63   63  65.00027
64   64  66.00641
65   65  82.01010
66   66  88.00802
67   67  79.00135
68   68  83.00000
69   69  52.99994
70   70  88.99985
71   71  91.00063
72   72  89.00000
73   73  94.00000
74   74  95.99935
75   75 106.00018
76   76  96.00000
77   77  94.00375
78   78  93.00001
79   79  91.00002
80   80  16.98131
81   81  87.00000
82   82  95.00000
83   83  94.00075
84   84  12.97865
85   85  73.02076
86   86  81.00012
87   87  76.00007
88   88  13.99995
89   89  12.96135
90   90  35.99562
91   91  42.99593
92   92  50.98831
93   93  60.99800
94   94  71.99961
95   95  78.98842
96   96  74.99996
97   97  76.99963
98   98  75.00208
99   99  77.00017
100 100  77.99967
