                 
1     1  52.99584
2     2  89.00011
3     3  11.95694
4     4  90.99960
5     5  12.99040
6     6  11.99935
7     7  14.99980
8     8  37.99995
9     9  32.99998
10   10  28.00000
11   11  17.98727
12   12  11.99931
13   13  29.99995
14   14  16.99834
15   15  35.00152
16   16  18.99643
17   17  45.00003
18   18  59.06817
19   19  60.00000
20   20  99.03561
21   21  92.00019
22   22  19.98064
23   23  16.99997
24   24  19.99269
25   25  94.03674
26   26  17.99980
27   27  11.98784
28   28  15.99986
29   29  14.99984
30   30  14.99233
31   31  17.99993
32   32  15.00000
33   33  16.99920
34   34  18.94239
35   35  14.00000
36   36  13.99982
37   37  16.99934
38   38  19.99993
39   39  69.07005
40   40  73.00034
41   41  76.00002
42   42  19.99982
43   43  71.00000
44   44  99.00007
45   45  60.00033
46   46  49.00000
47   47  44.00034
48   48  45.00044
49   49  47.00126
50   50 102.00033
51   51  45.99852
52   52  43.00006
53   53  45.00646
54   54  12.99992
55   55  39.00000
56   56  12.99963
57   57  53.00060
58   58  58.00035
59   59  62.00020
60   60  64.00000
61   61  79.09095
62   62  60.02097
63   63  12.99999
64   64  66.00044
65   65  83.01317
66   66  76.99966
67   67  21.99911
68   68  82.99876
69   69  85.99992
70   70  87.99931
71   71  90.00027
72   72  93.00002
73   73  91.99838
74   74  94.99999
75   75  96.99465
76   76  94.00008
77   77  91.00000
78   78  90.00000
79   79  89.00008
80   80  38.94333
81   81  89.00121
82   82  83.00260
83   83  14.99986
84   84  90.05614
85   85  86.00644
86   86  67.00006
87   87  62.00695
88   88  28.99998
89   89  12.99524
90   90  38.00000
91   91  44.99604
92   92  50.99960
93   93  60.99999
94   94  73.99993
95   95  88.98968
96   96  77.00000
97   97  88.67237
98   98  92.00058
99   99  89.00056
100 100  53.00000
