                
1     1 201,0000
2     2 201,9983
3     3 200,9949
4     4 200,9867
5     5 195,9999
6     6 201,9964
7     7 200,9888
8     8 200,9998
9     9 200,9980
10   10 200,6782
11   11 201,0000
12   12 200,9938
13   13 199,9972
14   14 200,9982
15   15 200,0000
16   16 201,0000
17   17 200,9908
18   18 200,9921
19   19 204,9969
20   20 200,0000
21   21 200,9993
22   22 200,9962
23   23 200,9991
24   24 201,0000
25   25 196,9584
26   26 201,0000
27   27 201,0000
28   28 200,9996
29   29 202,0000
30   30 200,9930
31   31 200,9975
32   32 201,0000
33   33 203,9999
34   34 201,0000
35   35 201,0000
36   36 200,9980
37   37 199,0000
38   38 202,0000
39   39 200,9926
40   40 200,0000
41   41 201,9994
42   42 200,9991
43   43 202,0000
44   44 202,0000
45   45 201,0000
46   46 200,9999
47   47 200,9999
48   48 201,0000
49   49 204,9918
50   50 200,9988
51   51 200,9999
52   52 203,9992
53   53 200,9727
54   54 201,9887
55   55 201,0000
56   56 201,0000
57   57 201,9989
58   58 198,9999
59   59 201,9999
60   60 201,0000
61   61 199,0000
62   62 199,9923
63   63 203,0000
64   64 201,9971
65   65 202,0000
66   66 201,9975
67   67 200,9975
68   68 203,0000
69   69 199,9998
70   70 201,0000
71   71 201,0000
72   72 195,0000
73   73 200,9981
74   74 200,9995
75   75 201,0000
76   76 200,9983
77   77 200,0000
78   78 201,9973
79   79 196,0000
80   80 202,9952
81   81 200,0000
82   82 200,9971
83   83 201,9967
84   84 199,9999
85   85 202,0000
86   86 202,9965
87   87 199,9958
88   88 201,1682
89   89 200,9995
90   90 202,0352
91   91 201,9999
92   92 190,9979
93   93 200,0000
94   94 202,0000
95   95 201,0000
96   96 200,0000
97   97 200,9999
98   98 208,0000
99   99 200,9985
100 100 200,9963
101 101 200,0000
102 102 202,9999
103 103 200,9958
104 104 200,9895
105 105 199,9999
106 106 203,9996
107 107 194,9957
108 108 201,0000
109 109 201,9920
110 110 200,9982
111 111 201,9999
112 112 201,9990
113 113 203,0000
114 114 200,9971
115 115 200,9983
116 116 203,9998
117 117 201,9981
118 118 201,0000
119 119 200,0000
120 120 203,0000
121 121 202,0000
122 122 201,0000
123 123 199,9996
124 124 201,0000
125 125 200,9945
126 126 202,0000
127 127 201,9939
128 128 200,9993
129 129 201,9993
130 130 200,9980
131 131 200,0000
132 132 201,9949
133 133 202,9949
134 134 200,9999
135 135 200,9977
136 136 200,9930
137 137 200,9989
138 138 201,9995
139 139 200,9901
140 140 207,7967
141 141 201,0000
142 142 200,9963
143 143 201,0000
144 144 202,0000
145 145 200,0000
146 146 200,9939
147 147 201,0000
148 148 201,9999
149 149 200,0000
150 150 201,0000
151 151 199,9999
152 152 204,9958
153 153 201,9993
154 154 202,9925
155 155 204,9994
156 156 201,0000
157 157 199,9999
158 158 203,0000
159 159 201,0000
160 160 198,9971
161 161 201,0000
162 162 200,9982
163 163 201,0000
164 164 199,9993
165 165 201,0000
166 166 199,9985
167 167 200,9840
168 168 196,9998
169 169 204,0000
170 170 200,9925
171 171 200,9989
172 172 200,9988
173 173 200,9997
174 174 200,9997
175 175 201,9966
176 176 200,9996
177 177 200,9974
178 178 200,9923
179 179 201,0000
180 180 199,9996
181 181 198,9953
182 182 200,9924
183 183 200,9875
184 184 201,9997
185 185 201,9961
186 186 198,9996
187 187 200,9990
188 188 198,9994
189 189 201,0000
190 190 204,0000
191 191 205,9964
192 192 200,9984
193 193 201,0000
194 194 199,9931
195 195 200,9992
196 196 201,0000
197 197 199,9999
198 198 201,0000
199 199 201,0000
200 200 199,1003
201 201 205,0000
202 202 200,9982
203 203 203,9979
204 204 200,0000
205 205 200,7939
206 206 202,0000
207 207 201,9870
208 208 200,9942
209 209 202,0000
210 210 202,0000
211 211 202,0000
212 212 200,9999
213 213 204,9980
214 214 200,9968
215 215 201,0000
216 216 197,0000
217 217 200,9990
218 218 201,9848
219 219 202,0000
220 220 200,9998
221 221 200,9897
222 222 201,0000
223 223 203,0000
224 224 203,9997
225 225 200,9999
226 226 201,0000
227 227 200,0000
228 228 202,9856
229 229 200,0000
230 230 200,9915
231 231 200,9970
232 232 202,0000
233 233 200,9959
234 234 201,0000
235 235 200,9953
236 236 200,9758
237 237 200,9985
238 238 201,0000
239 239 201,0000
240 240 201,9980
241 241 201,0000
242 242 201,0000
243 243 200,9993
244 244 201,0000
245 245 200,9943
246 246 198,9802
247 247 200,9997
248 248 199,9829
249 249 202,9998
250 250 203,9846
251 251 203,9945
252 252 202,9880
253 253 199,9962
254 254 203,0000
255 255 201,9999
256 256 200,9974
257 257 200,0000
258 258 198,9999
259 259 200,9954
260 260 204,0000
261 261 203,0000
262 262 200,0000
263 263 200,9991
264 264 201,0000
265 265 200,9991
266 266 200,9950
267 267 200,9812
268 268 200,9998
269 269 200,9982
270 270 201,0000
271 271 200,9983
272 272 201,0000
273 273 201,0000
274 274 200,9967
275 275 201,0000
276 276 201,0000
277 277 201,0000
278 278 200,9996
279 279 199,9933
280 280 200,9954
281 281 200,9959
282 282 202,0000
283 283 201,0000
284 284 201,9977
285 285 200,9960
286 286 201,0000
287 287 201,9876
288 288 201,9999
289 289 202,0000
290 290 202,9986
291 291 202,0000
292 292 200,9856
293 293 201,9809
294 294 200,9978
295 295 201,0000
296 296 200,0000
297 297 201,0000
298 298 200,9952
299 299 200,8520
300 300 200,9995
301 301 198,9711
302 302 200,9908
303 303 200,9999
304 304 206,0000
305 305 200,8040
306 306 199,9999
307 307 200,9959
308 308 200,9988
309 309 201,0000
310 310 203,0000
311 311 200,9952
312 312 200,9926
313 313 204,0000
314 314 200,0001
315 315 200,9998
316 316 203,0000
317 317 201,9929
318 318 200,9941
319 319 201,0000
320 320 201,9999
321 321 197,9675
322 322 202,0000
323 323 198,9999
324 324 201,9966
325 325 200,9971
326 326 202,9974
327 327 201,9930
328 328 197,0000
329 329 201,9869
330 330 201,0425
331 331 202,9977
332 332 202,0000
333 333 197,9835
334 334 202,0000
335 335 202,0000
336 336 200,9968
337 337 200,9978
338 338 200,9991
339 339 200,9961
340 340 202,0000
341 341 199,9999
342 342 198,9998
343 343 200,9997
344 344 200,9991
345 345 200,9998
346 346 201,0000
347 347 198,9845
348 348 201,8677
349 349 202,9804
350 350 203,0000
351 351 201,0000
352 352 200,9991
353 353 201,0000
354 354 202,0000
355 355 198,9999
356 356 195,9946
357 357 200,9964
358 358 201,0000
359 359 203,9974
360 360 201,0000
361 361 200,9984
362 362 196,9715
363 363 202,0000
364 364 200,9992
365 365 200,9953
366 366 200,9999
367 367 201,0046
368 368 203,0000
369 369 200,9964
370 370 196,9871
371 371 200,9957
372 372 200,9975
373 373 200,9940
374 374 200,9978
375 375 201,0000
376 376 200,9979
377 377 202,9977
378 378 204,9995
379 379 197,9866
380 380 201,0000
381 381 199,9862
382 382 200,9980
383 383 201,9978
384 384 204,9932
385 385 199,0000
386 386 204,0000
387 387 201,0000
388 388 193,9999
389 389 200,9983
390 390 200,9813
391 391 197,9999
392 392 200,9971
393 393 201,0000
394 394 201,0000
395 395 201,0000
396 396 205,9984
397 397 201,0000
398 398 201,0000
399 399 199,9986
400 400 201,0000
