199.952842
199.952752
199.952662
199.952572
199.952482
199.952392
199.952302
199.952212
199.952122
199.952032
199.951941
199.951851
199.951761
199.951671
199.951581
199.951491
199.951401
199.951311
199.951221
199.951131
199.951041
199.950951
199.950861
199.950770
199.950680
199.950590
199.950500
199.950410
199.950320
199.950230
199.950140
199.950050
199.949960
199.949870
199.949780
199.949690
199.949600
199.949509
199.949419
199.949329
199.949239
199.949149
199.949059
199.948969
199.948879
199.948789
199.948699
199.948609
199.948519
199.948429
199.948338
199.948248
199.948158
199.948068
199.947978
199.947888
199.947798
199.947708
199.947618
199.947528
199.947438
199.947348
199.947258
199.947168
199.947077
199.946987
199.946897
199.946807
199.946717
199.946627
199.946537
199.946447
199.946357
199.946267
199.946177
199.946087
199.945997
199.945906
199.945816
199.945726
199.945636
199.945546
199.945456
199.945366
199.945276
199.945186
199.945096
199.945006
199.944916
199.944826
199.944736
199.944645
199.944555
199.944465
199.944375
199.944285
199.944195
199.944105
199.944015
199.943925
199.943835
199.943745
199.943655
199.943565
199.943474
199.943384
199.943294
199.943204
199.943114
199.943024
199.942934
199.942844
199.942754
199.942664
199.942574
199.942484
199.942394
199.942304
199.942213
199.942123
199.942033
199.941943
199.941853
199.941763
199.941673
199.941583
199.941493
199.941403
199.941313
199.941223
199.941133
199.941042
199.940952
199.940862
199.940772
199.940682
199.940592
199.940502
199.940412
199.940322
199.940232
199.940142
199.940052
199.939962
199.939872
199.939781
199.939691
199.939601
199.939511
199.939421
199.939331
199.939241
199.939151
199.939061
199.938971
199.938881
199.938791
199.938701
199.938610
199.938520
199.938430
199.938340
199.938250
199.938160
199.938070
199.937980
199.937890
199.937800
199.937710
199.937620
199.937530
199.937440
199.937349
199.937259
199.937169
199.937079
199.936989
199.936899
199.936809
199.936719
199.936629
199.936539
199.936449
199.936359
199.936269
199.936178
199.936088
199.935998
199.935908
199.935818
199.935728
199.935638
199.935548
199.935458
199.935368
199.935278
199.935188
199.935098
199.935008
199.934917
199.934827
199.934737
199.934647
199.934557
199.934467
199.934377
199.934287
199.934197
199.934107
199.934017
199.933927
199.933837
199.933746
199.933656
199.933566
199.933476
199.933386
199.933296
199.933206
199.933116
199.933026
199.932936
199.932846
199.932756
199.932666
199.932576
199.932485
199.932395
199.932305
199.932215
199.932125
199.932035
199.931945
199.931855
199.931765
199.931675
199.931585
199.931495
199.931405
199.931314
199.931224
199.931134
199.931044
199.930954
199.930864
199.930774
199.930684
199.930594
199.930504
199.930414
199.930324
199.930234
199.930144
199.930053
199.929963
199.929873
199.929783
199.929693
199.929603
199.929513
199.929423
199.929333
199.929243
199.929153
199.929063
199.928973
199.928882
199.928792
199.928702
199.928612
199.928522
199.928432
199.928342
199.928252
199.928162
199.928072
199.927982
199.927892
199.927802
199.927712
199.927621
199.927531
199.927441
199.927351
199.927261
199.927171
199.927081
199.926991
199.926901
199.926811
199.926721
199.926631
199.926541
199.926450
199.926360
199.926270
199.926180
199.926090
199.926000
199.925910
199.925820
199.925730
199.925640
199.925550
199.925460
199.925370
199.925280
199.925189
199.925099
199.925009
199.924919
199.924829
199.924739
199.924649
199.924559
199.924469
199.924379
199.924289
199.924199
199.924109
199.924018
199.923928
199.923838
199.923748
199.923658
199.923568
199.923478
199.923388
199.923298
199.923208
199.923118
199.923028
199.922938
199.922848
199.922757
199.922667
199.922577
199.922487
199.922397
199.922307
199.922217
199.922127
199.922037
199.921947
199.921857
199.921767
199.921677
199.921586
199.921496
199.921406
199.921316
199.921226
199.921136
199.921046
199.920956
199.920866
199.920776
199.920686
199.920596
199.920506
199.920416
199.920325
199.920235
199.920145
199.920055
199.919965
199.919875
199.919785
199.919695
199.919605
199.919515
199.919425
199.919335
199.919245
199.919154
199.919064
199.918974
199.918884
199.918794
199.918704
199.918614
199.918524
199.918434
199.918344
199.918254
199.918164
199.918074
199.917984
199.917893
199.917803
199.917713
199.917623
199.917533
199.917443
199.917353
199.917263
199.917173
199.917083
199.916993
199.916903
