                 
1     1  52.99899
2     2  89.01501
3     3  89.00000
4     4  90.97646
5     5  90.00023
6     6  17.99645
7     7  15.99858
8     8  38.00000
9     9  32.99970
10   10  27.00557
11   11  15.99600
12   12  24.84733
13   13  29.99642
14   14  15.98350
15   15  33.00096
16   16  18.99997
17   17  47.01043
18   18  77.00228
19   19  62.00009
20   20  97.00001
21   21  92.00025
22   22  19.98690
23   23 101.00015
24   24  19.99934
25   25  94.00054
26   26  70.00044
27   27  15.99767
28   28  19.99971
29   29  16.93343
30   30  17.97231
31   31  19.99878
32   32  17.99871
33   33  17.99965
34   34  18.00000
35   35  18.99366
36   36  15.99975
37   37  15.99957
38   38  19.99991
39   39  69.00000
40   40  72.00004
41   41  76.00002
42   42  20.99451
43   43  71.00120
44   44  64.00000
45   45  60.00000
46   46  50.01082
47   47  39.00058
48   48  45.00000
49   49  47.00097
50   50  86.04200
51   51  46.99993
52   52  43.00082
53   53  46.00010
54   54  41.07799
55   55  39.00046
56   56  77.00002
57   57  53.00043
58   58  58.00154
59   59  62.00838
60   60  64.00299
61   61  79.09779
62   62  59.00004
63   63  61.00199
64   64  67.00128
65   65  70.00205
66   66  77.00000
67   67  16.98873
68   68  82.87732
69   69  63.00000
70   70  87.99944
71   71  94.00237
72   72  93.00001
73   73  91.99962
74   74  99.99380
75   75 104.00986
76   76  95.00053
77   77  91.00038
78   78  90.00621
79   79  92.00020
80   80  42.85957
81   81  87.00085
82   82  83.00006
83   83  16.99982
84   84  79.01550
85   85  74.00019
86   86  67.00476
87   87  62.00400
88   88  29.99884
89   89  32.03223
90   90  38.00000
91   91  43.99248
92   92  51.00000
93   93  60.99233
94   94  71.99962
95   95  88.99937
96   96  76.99991
97   97  88.00749
98   98  90.00016
99   99  89.00000
100 100  50.99991
