                  
1     1  90.645136
2     2  33.146840
3     3  97.132802
4     4 109.384462
5     5 101.989805
6     6   3.104435
7     7  26.198823
8     8  81.693410
9     9   2.313741
10   10  19.569964
11   11  26.721076
12   12   2.525113
13   13  12.061157
14   14  29.669205
15   15  74.856353
16   16  41.039233
17   17   4.591582
18   18  91.042587
19   19  68.862715
20   20  92.698750
21   21  17.460520
22   22  49.206087
23   23  47.022801
24   24  43.513276
25   25  42.576840
26   26   5.039709
27   27  37.286432
28   28  30.284402
29   29  20.490361
30   30  40.848564
31   31  40.781044
32   32  20.471326
33   33  19.307106
34   34  91.715976
35   35  30.422560
36   36  86.584079
37   37 106.308081
38   38  82.616778
39   39  49.388083
40   40  19.993596
41   41  15.050641
42   42 108.853650
43   43  92.301962
44   44 107.709395
45   45  35.630999
46   46  71.389904
47   47  38.691214
48   48  40.758574
49   49 112.594650
50   50  32.790474
51   51  12.948850
52   52  74.553983
53   53  56.638396
54   54  97.475068
55   55 101.715937
56   56  19.565283
57   57  98.684735
58   58   6.885182
59   59  89.244147
60   60   9.722980
61   61   2.004386
62   62  16.935280
63   63  33.397367
64   64   8.692079
65   65  41.198574
66   66  61.742962
67   67  42.541286
68   68  36.005631
69   69  67.594913
70   70  31.529994
71   71  78.741867
72   72  58.086165
73   73  21.413696
74   74  32.979551
75   75  76.010070
76   76  56.743042
77   77  23.794125
78   78  70.146899
79   79   8.825723
80   80  49.923796
81   81  66.363989
82   82  72.864533
83   83  54.667801
84   84  27.363681
85   85  14.033134
86   86  71.360377
87   87  17.084169
88   88  23.207577
89   89 101.948992
90   90  34.613074
91   91  40.742451
92   92  49.413008
93   93  87.046752
94   94   3.417273
95   95   9.989301
96   96  96.256451
97   97  75.617056
98   98 119.497773
99   99  53.272953
100 100  60.386622
101 101 116.748615
102 102 104.409818
103 103   5.855094
104 104   9.896736
105 105  43.036270
106 106 111.172292
107 107  67.609423
108 108 115.048115
109 109 112.133376
110 110   4.301523
111 111  29.898008
112 112  11.137854
113 113  37.447946
114 114  36.930151
115 115  50.039454
116 116   5.469590
117 117  50.687672
118 118   1.582888
119 119  70.960666
120 120  33.145672
121 121  43.607181
122 122  44.529825
123 123  40.338009
124 124  71.050935
125 125  59.057684
126 126  38.356671
127 127   1.158417
128 128  32.646067
129 129  35.283810
130 130   6.957183
131 131  47.593018
132 132  69.321113
133 133  73.636548
134 134  52.382184
135 135  76.010286
136 136  42.507271
137 137  23.563239
138 138  62.782027
139 139 112.939516
140 140  52.914074
141 141  75.675378
142 142  27.561022
143 143  61.652511
144 144  37.938035
145 145  68.910799
146 146 116.849760
147 147 101.550547
148 148 111.888766
149 149  29.058140
150 150 110.606129
151 151  63.819973
152 152 118.700584
153 153  10.409794
154 154  26.004099
155 155  74.053614
156 156  46.576960
157 157 109.387805
158 158  73.827812
159 159  66.970090
160 160 106.227342
161 161  40.322803
162 162  23.033142
163 163  57.069326
164 164   4.172568
165 165  21.782829
166 166  76.435977
167 167  78.043326
168 168 102.078966
169 169  85.092308
170 170  43.374197
171 171  25.949237
172 172  74.399339
173 173  63.027751
174 174   7.898919
175 175  30.667715
176 176   8.930853
177 177   7.646658
178 178  44.028022
179 179  11.029276
180 180  18.062768
181 181  47.594261
182 182  44.777338
183 183   2.811609
184 184  85.895041
185 185  77.132188
186 186  91.598130
187 187   6.626033
188 188  23.829267
189 189 107.823151
190 190  47.370746
191 191  47.900350
192 192 111.386669
193 193  80.425162
194 194  12.685339
195 195  29.118154
196 196  79.496985
197 197  10.781603
198 198  99.395506
199 199   5.284130
200 200  76.406228
