                
1     1 77.99994
2     2 89.00007
3     3 90.01154
4     4 89.00000
5     5 64.99946
6     6 18.99310
7     7 20.94261
8     8 38.00000
9     9 32.00023
10   10 26.00080
11   11 19.98050
12   12 22.99974
13   13 72.00046
14   14 18.97463
15   15 17.99577
16   16 17.98748
17   17 18.99970
18   18 52.00552
19   19 18.99999
20   20 19.00015
21   21 18.99555
22   22 98.00012
23   23 18.98591
24   24 19.97534
25   25 18.99245
26   26 18.98670
27   27 17.99996
28   28 18.99989
29   29 20.00000
30   30 18.99575
31   31 17.99721
32   32 17.99990
33   33 92.02861
34   34 19.99985
35   35 19.98311
36   36 19.98880
37   37 18.99995
38   38 15.99635
39   39 69.00005
40   40 74.00049
41   41 31.97745
42   42 84.00033
43   43 73.00008
44   44 17.80104
45   45 60.00255
46   46 54.00088
47   47 45.00000
48   48 41.00340
49   49 44.00004
50   50 44.99999
51   51 43.00006
52   52 43.00001
53   53 46.00009
54   54 41.00007
55   55 41.00054
56   56 40.99969
57   57 53.00020
58   58 58.00366
59   59 63.00005
60   60 61.00000
61   61 79.00857
62   62 61.00599
63   63 62.00011
64   64 70.00068
65   65 70.00000
66   66 76.00001
67   67 81.00003
68   68 83.00015
69   69 52.00000
70   70 87.99569
71   71 94.02009
72   72 89.00018
73   73 93.99984
74   74 95.99990
75   75 95.99290
76   76 95.03344
77   77 94.00127
78   78 93.00046
79   79 91.03116
80   80 16.99994
81   81 87.00000
82   82 83.00060
83   83 21.00000
84   84 79.00000
85   85 74.00121
86   86 68.00238
87   87 62.00971
88   88 28.99996
89   89 32.00114
90   90 37.99965
91   91 42.99995
92   92 50.99998
93   93 60.99992
94   94 73.99869
95   95 77.99999
96   96 75.99996
97   97 77.97132
98   98 76.00524
99   99 77.01150
100 100 77.99940
