                
1     1 200,9936
2     2 198,9972
3     3 199,9968
4     4 202,0000
5     5 201,0000
6     6 200,9990
7     7 200,9987
8     8 200,0000
9     9 200,0000
10   10 201,0000
11   11 201,9989
12   12 201,0000
13   13 200,9953
14   14 199,9996
15   15 200,9971
16   16 200,9977
17   17 199,9986
18   18 200,9969
19   19 200,9884
20   20 202,0000
21   21 198,9997
22   22 201,0000
23   23 200,9953
24   24 200,9984
25   25 200,9986
26   26 200,9981
27   27 200,9929
28   28 200,9907
29   29 200,9999
30   30 201,0000
31   31 200,9969
32   32 200,9988
33   33 201,5928
34   34 200,0000
35   35 200,9783
36   36 200,9985
37   37 200,9986
38   38 199,0000
39   39 201,0000
40   40 200,9915
41   41 200,9975
42   42 201,0000
43   43 201,0000
44   44 200,9887
45   45 200,9911
46   46 200,9999
47   47 200,8181
48   48 200,7930
49   49 201,0000
50   50 200,9973
51   51 200,9993
52   52 200,9906
53   53 201,0000
54   54 199,9978
55   55 200,9869
56   56 200,9958
57   57 200,7082
58   58 200,9957
59   59 201,0000
60   60 201,0000
61   61 200,6419
62   62 200,9933
63   63 200,9980
64   64 199,9993
65   65 201,0000
66   66 200,9904
67   67 200,9884
68   68 201,0000
69   69 200,9993
70   70 201,0000
71   71 199,9997
72   72 200,9993
73   73 199,9998
74   74 200,9996
75   75 200,9913
76   76 201,0000
77   77 201,0000
78   78 201,0000
79   79 201,0000
80   80 200,9996
81   81 200,7704
82   82 200,9989
83   83 200,9954
84   84 202,0000
85   85 200,9958
86   86 200,7628
87   87 199,9998
88   88 201,9871
89   89 200,9962
90   90 201,0000
91   91 201,0000
92   92 200,9989
93   93 201,0000
94   94 199,9930
95   95 200,9983
96   96 199,9982
97   97 200,0000
98   98 201,0000
99   99 201,0000
100 100 201,0000
101 101 200,9999
102 102 201,7384
103 103 200,9990
104 104 201,0000
105 105 200,9977
106 106 199,9998
107 107 201,0000
108 108 201,0000
109 109 200,9971
110 110 200,9975
111 111 200,9978
112 112 200,9887
113 113 200,9930
114 114 200,6171
115 115 200,9997
116 116 201,0000
117 117 200,9999
118 118 200,9976
119 119 201,0000
120 120 202,0000
121 121 201,9999
122 122 200,9980
123 123 200,9993
124 124 200,9929
125 125 200,9773
126 126 200,9995
127 127 199,9519
128 128 200,9988
129 129 200,9924
130 130 200,9931
131 131 200,9968
132 132 200,9989
133 133 200,0000
134 134 201,9990
135 135 200,9833
136 136 200,9952
137 137 202,0000
138 138 200,9988
139 139 200,9990
140 140 202,0000
141 141 200,9915
142 142 200,9975
143 143 200,9989
144 144 199,9999
145 145 200,9819
146 146 200,9980
147 147 200,9866
148 148 200,9952
149 149 200,9999
150 150 200,9953
151 151 200,9952
152 152 200,9951
153 153 200,9928
154 154 201,9955
155 155 201,8992
156 156 200,9803
157 157 200,9999
158 158 200,9999
159 159 200,9978
160 160 200,9991
161 161 201,0000
162 162 200,9990
163 163 200,9995
164 164 200,0000
165 165 201,0000
166 166 199,9983
167 167 199,9984
168 168 202,0000
169 169 200,9983
170 170 200,7344
171 171 200,9999
172 172 198,9999
173 173 200,9999
174 174 200,9966
175 175 200,9962
176 176 201,0000
177 177 200,9996
178 178 200,9990
179 179 200,9980
180 180 200,9960
181 181 200,9991
182 182 200,9879
183 183 200,9994
184 184 200,9993
185 185 199,0000
186 186 200,9996
187 187 200,9983
188 188 200,9999
189 189 200,9992
190 190 200,9960
191 191 200,9970
192 192 201,0000
193 193 200,9924
194 194 201,0000
195 195 200,9963
196 196 198,9993
197 197 200,9990
198 198 200,9972
199 199 201,0000
200 200 200,9960
201 201 200,6716
202 202 198,9995
203 203 199,9747
204 204 200,9927
205 205 200,9973
206 206 202,0000
207 207 200,9836
208 208 200,9965
209 209 201,0000
210 210 200,9945
211 211 199,9982
212 212 200,6485
213 213 199,9983
214 214 200,9963
215 215 200,9960
216 216 200,9980
217 217 200,9999
218 218 200,9981
219 219 200,9925
220 220 200,9958
221 221 202,9855
222 222 201,0000
223 223 200,7751
224 224 200,9981
225 225 201,0000
226 226 200,9999
227 227 200,9999
228 228 200,9994
229 229 199,9998
230 230 200,9934
231 231 198,9987
232 232 201,0000
233 233 200,9850
234 234 200,9922
235 235 199,0000
236 236 201,0000
237 237 200,9939
238 238 200,9993
239 239 200,9931
240 240 201,0000
241 241 201,0000
242 242 200,9999
243 243 201,0000
244 244 200,9988
245 245 200,7259
246 246 200,9916
247 247 199,9999
248 248 200,9764
249 249 200,9996
250 250 200,9931
251 251 200,9971
252 252 200,9994
253 253 200,9961
254 254 200,9974
255 255 201,0000
256 256 201,9999
257 257 202,0000
258 258 200,9988
259 259 199,9730
260 260 200,9678
261 261 201,0000
262 262 200,9998
263 263 200,9977
264 264 200,9936
265 265 201,7752
266 266 201,0000
267 267 200,9975
268 268 200,9969
269 269 200,9964
270 270 200,9987
271 271 200,9990
272 272 201,0000
273 273 199,9855
274 274 200,9942
275 275 200,9946
276 276 201,0000
277 277 200,9986
278 278 201,0000
279 279 201,0000
280 280 200,9981
281 281 201,0000
282 282 199,9999
283 283 200,7597
284 284 201,0000
285 285 201,0000
286 286 198,9999
287 287 200,9980
288 288 201,0000
289 289 198,9998
290 290 201,9870
291 291 200,9999
292 292 200,9898
293 293 200,9947
294 294 200,9999
295 295 201,0000
296 296 198,9972
297 297 200,9979
298 298 201,0000
299 299 200,9982
300 300 201,9943
301 301 201,9865
302 302 200,9994
303 303 200,9981
304 304 201,0000
305 305 200,9999
306 306 200,9980
307 307 199,0000
308 308 200,9976
309 309 201,0000
310 310 200,9815
311 311 200,9835
312 312 200,9907
313 313 200,9996
314 314 201,0000
315 315 201,0000
316 316 200,9983
317 317 200,9997
318 318 199,9996
319 319 202,0000
320 320 200,9802
321 321 201,0000
322 322 200,9060
323 323 200,9969
324 324 200,9944
325 325 202,0000
326 326 200,0000
327 327 201,0000
328 328 202,9987
329 329 200,9875
330 330 200,9940
331 331 200,9883
332 332 201,0000
333 333 200,9992
334 334 201,0000
335 335 200,9885
336 336 200,9948
337 337 200,0000
338 338 200,9929
339 339 201,0000
340 340 200,7526
341 341 200,9963
342 342 199,9999
343 343 200,9974
344 344 200,9993
345 345 200,9842
346 346 201,0000
347 347 200,9736
348 348 201,0000
349 349 199,9996
350 350 201,0000
351 351 200,9986
352 352 200,9961
353 353 200,9977
354 354 200,6410
355 355 200,0000
356 356 200,9974
357 357 200,9994
358 358 200,9999
359 359 200,9925
360 360 200,9955
361 361 201,0000
362 362 200,9985
363 363 200,9977
364 364 200,9916
365 365 201,0000
366 366 200,9887
367 367 200,9972
368 368 201,7027
369 369 198,9975
370 370 200,9959
371 371 201,0000
372 372 200,9987
373 373 200,5271
374 374 201,9979
375 375 201,0000
376 376 199,9985
377 377 200,9975
378 378 200,9928
379 379 201,0000
380 380 200,9962
381 381 200,9964
382 382 201,0000
383 383 200,9921
384 384 200,9999
385 385 200,7687
386 386 200,0000
387 387 200,9873
388 388 200,9890
389 389 201,0000
390 390 200,0000
391 391 198,9989
392 392 201,7715
393 393 200,9978
394 394 200,9988
395 395 201,9969
396 396 200,9999
397 397 200,7751
398 398 201,0000
399 399 200,9969
400 400 200,9995
