                
1     1 204.9929
2     2 203.9994
3     3 198.0000
4     4 196.0002
5     5 202.0000
6     6 201.0000
7     7 203.0028
8     8 202.0000
9     9 198.0001
10   10 201.0263
11   11 217.9999
12   12 206.0234
13   13 198.0000
14   14 200.0142
15   15 196.0016
16   16 201.0002
17   17 194.0000
18   18 237.0000
19   19 200.0000
20   20 201.0004
21   21 198.0025
22   22 203.9999
23   23 197.0072
24   24 210.0000
25   25 201.0000
26   26 190.0076
27   27 201.0401
28   28 228.0000
29   29 200.9995
30   30 207.0031
31   31 200.0007
32   32 202.0000
33   33 199.0006
34   34 201.9981
35   35 184.0000
36   36 197.0016
37   37 194.0035
38   38 200.0006
39   39 200.0006
40   40 201.0000
41   41 204.0000
42   42 197.0025
43   43 213.0000
44   44 206.9997
45   45 198.0000
46   46 195.0000
47   47 202.0007
48   48 167.0000
49   49 205.0000
50   50 197.0005
51   51 196.0194
52   52 197.4503
53   53 173.0001
54   54 202.0038
55   55 201.0000
56   56 205.9800
57   57 200.0000
58   58 202.9956
59   59 199.9995
60   60 200.0015
61   61 197.0002
62   62 200.0012
63   63 195.0041
64   64 204.9990
65   65 207.0000
66   66 198.0002
67   67 200.0000
68   68 192.0003
69   69 206.0017
70   70 200.0001
71   71 194.0000
72   72 198.0215
73   73 207.0000
74   74 196.0015
75   75 201.9999
76   76 204.0001
77   77 198.9996
78   78 194.0001
79   79 200.9991
80   80 201.0000
81   81 199.0227
82   82 196.0000
83   83 194.0051
84   84 201.0001
85   85 191.0002
86   86 203.9999
87   87 197.0295
88   88 188.0000
89   89 201.9953
90   90 203.0014
91   91 191.0000
92   92 198.0004
93   93 206.9997
94   94 196.0529
95   95 193.9999
96   96 197.0126
97   97 200.0000
98   98 200.0004
99   99 181.0000
100 100 201.9991
101 101 199.9939
102 102 200.0010
103 103 178.0011
104 104 200.0000
105 105 200.9988
106 106 201.0001
107 107 201.0007
108 108 202.0000
109 109 200.0049
110 110 199.0005
111 111 203.9642
112 112 200.9935
113 113 198.0000
114 114 200.9851
115 115 200.9990
116 116 189.0000
117 117 188.0000
118 118 199.0072
119 119 196.9978
120 120 198.0000
121 121 191.0085
122 122 206.0002
123 123 200.9991
124 124 197.9994
125 125 187.0019
126 126 198.0052
127 127 195.0000
128 128 200.9995
129 129 194.0000
130 130 202.0000
131 131 201.9999
132 132 203.0003
133 133 205.0000
134 134 200.0047
135 135 200.9986
136 136 200.0001
137 137 200.0006
138 138 201.1226
139 139 196.0633
140 140 196.0165
141 141 197.0149
142 142 199.9854
143 143 223.0000
144 144 199.0001
145 145 196.0001
146 146 200.0080
147 147 204.9833
148 148 203.0883
149 149 201.0000
150 150 190.0000
151 151 215.9969
152 152 201.9999
153 153 189.0171
154 154 237.0000
155 155 204.9992
156 156 200.9999
157 157 200.0032
158 158 201.0261
159 159 164.0000
160 160 201.9926
161 161 197.7429
162 162 207.9997
163 163 191.9990
164 164 194.9998
165 165 199.0000
166 166 194.0006
167 167 196.0000
168 168 199.0000
169 169 198.0205
170 170 218.0108
171 171 188.0011
172 172 200.9989
173 173 197.0711
174 174 200.9991
175 175 192.0006
176 176 201.0013
177 177 203.9992
178 178 204.9996
179 179 200.0000
180 180 202.9865
181 181 198.0019
182 182 204.0054
183 183 200.0002
184 184 202.9998
185 185 204.0000
186 186 209.0001
187 187 214.9922
188 188 201.9999
189 189 199.0000
190 190 201.0509
191 191 205.9978
192 192 204.9998
193 193 198.0070
194 194 203.0000
195 195 201.0002
196 196 198.0002
197 197 200.9950
198 198 192.0000
199 199 204.0011
200 200 201.0007
201 201 214.0000
202 202 199.0148
203 203 201.9953
204 204 202.9599
205 205 188.0008
206 206 200.0056
207 207 195.0000
208 208 200.0000
209 209 200.0000
210 210 205.9998
211 211 203.0003
212 212 196.9997
213 213 207.9971
214 214 201.7949
215 215 205.0001
216 216 204.9971
217 217 198.9996
218 218 209.9999
219 219 201.1684
220 220 196.0004
221 221 198.0001
222 222 191.0000
223 223 200.0057
224 224 199.9946
225 225 200.0082
226 226 200.0016
227 227 197.0000
228 228 207.9810
229 229 199.0008
230 230 197.0000
231 231 201.9987
232 232 198.9999
233 233 190.0066
234 234 200.0003
235 235 210.0000
236 236 198.0000
237 237 201.0001
238 238 204.0010
239 239 205.0005
240 240 191.0003
241 241 200.0001
242 242 203.9977
243 243 200.0011
244 244 208.0000
245 245 193.0274
246 246 200.9971
247 247 194.0003
248 248 197.0000
249 249 203.0002
250 250 193.0264
251 251 199.0000
252 252 192.0021
253 253 200.5693
254 254 197.0000
255 255 196.0000
256 256 198.0001
257 257 206.9999
258 258 197.0004
259 259 202.0000
260 260 201.9969
261 261 193.0000
262 262 202.0001
263 263 195.9978
264 264 197.0000
265 265 200.0000
266 266 204.9761
267 267 202.0009
268 268 200.9911
269 269 193.0102
270 270 200.0001
271 271 209.0000
272 272 202.0178
273 273 199.0000
274 274 201.0001
275 275 201.0048
276 276 202.0054
277 277 201.9931
278 278 197.0005
279 279 208.0096
280 280 190.1296
281 281 201.0004
282 282 204.0000
283 283 200.0001
284 284 203.0000
285 285 196.9999
286 286 200.0001
287 287 200.0000
288 288 198.0065
289 289 192.0118
290 290 196.0001
291 291 201.0009
292 292 201.0007
293 293 202.9999
294 294 198.0002
295 295 198.0011
296 296 202.0000
297 297 203.0001
298 298 202.0003
299 299 200.0000
300 300 198.6653
301 301 200.9985
302 302 204.9988
303 303 201.0000
304 304 204.0002
305 305 203.9983
306 306 204.0000
307 307 202.0103
308 308 201.0087
309 309 202.9999
310 310 200.9999
311 311 210.0014
312 312 194.0033
313 313 200.0010
314 314 205.0000
315 315 195.9955
316 316 199.9939
317 317 204.0005
318 318 197.0007
319 319 205.0096
320 320 203.9999
321 321 202.0105
322 322 199.9997
323 323 200.0000
324 324 200.0000
325 325 198.0017
326 326 201.0000
327 327 200.0030
328 328 200.0274
329 329 200.0000
330 330 200.0000
331 331 198.0003
332 332 196.0001
333 333 201.0000
334 334 199.9995
335 335 214.9995
336 336 202.9998
337 337 197.0002
338 338 195.0012
339 339 199.0011
340 340 209.0000
341 341 208.0000
342 342 202.0000
343 343 200.9999
344 344 200.0003
345 345 203.0000
346 346 201.0000
347 347 198.0006
348 348 197.0354
349 349 202.0006
350 350 202.0000
351 351 206.0000
352 352 203.0000
353 353 197.9888
354 354 194.0051
355 355 198.0000
356 356 200.0002
357 357 210.0000
358 358 200.0000
359 359 201.0000
360 360 201.0005
361 361 191.0010
362 362 196.0000
363 363 198.0095
364 364 197.0000
365 365 200.0000
366 366 193.0008
367 367 199.0032
368 368 199.0001
369 369 200.0000
370 370 216.0000
371 371 196.9716
372 372 200.0000
373 373 200.0012
374 374 199.0000
375 375 191.0000
376 376 217.0005
377 377 201.9999
378 378 200.0003
379 379 269.0000
380 380 199.0000
381 381 200.0003
382 382 199.0026
383 383 199.0033
384 384 197.0041
385 385 200.0082
386 386 209.9999
387 387 184.0000
388 388 199.9996
389 389 200.0033
390 390 197.9968
391 391 205.0000
392 392 197.9967
393 393 200.9835
394 394 201.0069
395 395 207.9988
396 396 203.0001
397 397 200.0044
398 398 194.0014
399 399 205.0081
400 400 200.0001
