                
1     1 53.00098
2     2  0.00000
3     3  0.00000
4     4  0.00000
5     5  0.00000
6     6  0.00000
7     7  0.00000
8     8  0.00000
9     9  0.00000
10   10  0.00000
11   11  0.00000
12   12  0.00000
13   13  0.00000
14   14  0.00000
15   15  0.00000
16   16  0.00000
17   17  0.00000
18   18  0.00000
19   19  0.00000
20   20  0.00000
21   21  0.00000
22   22  0.00000
23   23  0.00000
24   24  0.00000
25   25  0.00000
26   26  0.00000
27   27  0.00000
28   28  0.00000
29   29  0.00000
30   30  0.00000
31   31  0.00000
32   32  0.00000
33   33  0.00000
34   34  0.00000
35   35  0.00000
36   36  0.00000
37   37  0.00000
38   38  0.00000
39   39  0.00000
40   40  0.00000
41   41  0.00000
42   42  0.00000
43   43  0.00000
44   44  0.00000
45   45  0.00000
46   46  0.00000
47   47  0.00000
48   48  0.00000
49   49  0.00000
50   50  0.00000
51   51  0.00000
52   52  0.00000
53   53  0.00000
54   54  0.00000
55   55  0.00000
56   56  0.00000
57   57  0.00000
58   58  0.00000
59   59  0.00000
60   60  0.00000
61   61  0.00000
62   62  0.00000
63   63  0.00000
64   64  0.00000
65   65  0.00000
66   66  0.00000
67   67  0.00000
68   68  0.00000
69   69  0.00000
70   70  0.00000
71   71  0.00000
72   72  0.00000
73   73  0.00000
74   74  0.00000
75   75  0.00000
76   76  0.00000
77   77  0.00000
78   78  0.00000
79   79  0.00000
80   80  0.00000
81   81  0.00000
82   82  0.00000
83   83  0.00000
84   84  0.00000
85   85  0.00000
86   86  0.00000
87   87  0.00000
88   88  0.00000
89   89  0.00000
90   90  0.00000
91   91  0.00000
92   92  0.00000
93   93  0.00000
94   94  0.00000
95   95  0.00000
96   96  0.00000
97   97  0.00000
98   98  0.00000
99   99  0.00000
100 100  0.00000
101 101  0.00000
102 102  0.00000
103 103  0.00000
104 104  0.00000
105 105  0.00000
106 106  0.00000
107 107  0.00000
108 108  0.00000
109 109  0.00000
110 110  0.00000
111 111  0.00000
112 112  0.00000
113 113  0.00000
114 114  0.00000
115 115  0.00000
116 116  0.00000
117 117  0.00000
118 118  0.00000
119 119  0.00000
120 120  0.00000
121 121  0.00000
122 122  0.00000
123 123  0.00000
124 124  0.00000
125 125  0.00000
126 126  0.00000
127 127  0.00000
128 128  0.00000
129 129  0.00000
130 130  0.00000
131 131  0.00000
132 132  0.00000
133 133  0.00000
134 134  0.00000
135 135  0.00000
136 136  0.00000
137 137  0.00000
138 138  0.00000
139 139  0.00000
140 140  0.00000
141 141  0.00000
142 142  0.00000
143 143  0.00000
144 144  0.00000
145 145  0.00000
146 146  0.00000
147 147  0.00000
148 148  0.00000
149 149  0.00000
150 150  0.00000
151 151  0.00000
152 152  0.00000
153 153  0.00000
154 154  0.00000
155 155  0.00000
156 156  0.00000
157 157  0.00000
158 158  0.00000
159 159  0.00000
160 160  0.00000
161 161  0.00000
162 162  0.00000
163 163  0.00000
164 164  0.00000
165 165  0.00000
166 166  0.00000
167 167  0.00000
168 168  0.00000
169 169  0.00000
170 170  0.00000
171 171  0.00000
172 172  0.00000
173 173  0.00000
174 174  0.00000
175 175  0.00000
176 176  0.00000
177 177  0.00000
178 178  0.00000
179 179  0.00000
180 180  0.00000
181 181  0.00000
182 182  0.00000
183 183  0.00000
184 184  0.00000
185 185  0.00000
186 186  0.00000
187 187  0.00000
188 188  0.00000
189 189  0.00000
190 190  0.00000
191 191  0.00000
192 192  0.00000
193 193  0.00000
194 194  0.00000
195 195  0.00000
196 196  0.00000
197 197  0.00000
198 198  0.00000
199 199  0.00000
200 200  0.00000
201 201  0.00000
202 202  0.00000
203 203  0.00000
204 204  0.00000
205 205  0.00000
206 206  0.00000
207 207  0.00000
208 208  0.00000
209 209  0.00000
210 210  0.00000
211 211  0.00000
212 212  0.00000
213 213  0.00000
214 214  0.00000
215 215  0.00000
216 216  0.00000
217 217  0.00000
218 218  0.00000
219 219  0.00000
220 220  0.00000
221 221  0.00000
222 222  0.00000
223 223  0.00000
224 224  0.00000
225 225  0.00000
226 226  0.00000
227 227  0.00000
228 228  0.00000
229 229  0.00000
230 230  0.00000
231 231  0.00000
232 232  0.00000
233 233  0.00000
234 234  0.00000
235 235  0.00000
236 236  0.00000
237 237  0.00000
238 238  0.00000
239 239  0.00000
240 240  0.00000
241 241  0.00000
242 242  0.00000
243 243  0.00000
244 244  0.00000
245 245  0.00000
246 246  0.00000
247 247  0.00000
248 248  0.00000
249 249  0.00000
250 250  0.00000
251 251  0.00000
252 252  0.00000
253 253  0.00000
254 254  0.00000
255 255  0.00000
256 256  0.00000
257 257  0.00000
258 258  0.00000
259 259  0.00000
260 260  0.00000
261 261  0.00000
262 262  0.00000
263 263  0.00000
264 264  0.00000
265 265  0.00000
266 266  0.00000
267 267  0.00000
268 268  0.00000
269 269  0.00000
270 270  0.00000
271 271  0.00000
272 272  0.00000
273 273  0.00000
274 274  0.00000
275 275  0.00000
276 276  0.00000
277 277  0.00000
278 278  0.00000
279 279  0.00000
280 280  0.00000
281 281  0.00000
282 282  0.00000
283 283  0.00000
284 284  0.00000
285 285  0.00000
286 286  0.00000
287 287  0.00000
288 288  0.00000
289 289  0.00000
290 290  0.00000
291 291  0.00000
292 292  0.00000
293 293  0.00000
294 294  0.00000
295 295  0.00000
296 296  0.00000
297 297  0.00000
298 298  0.00000
299 299  0.00000
300 300  0.00000
301 301  0.00000
302 302  0.00000
303 303  0.00000
304 304  0.00000
305 305  0.00000
306 306  0.00000
307 307  0.00000
308 308  0.00000
309 309  0.00000
310 310  0.00000
311 311  0.00000
312 312  0.00000
313 313  0.00000
314 314  0.00000
315 315  0.00000
316 316  0.00000
317 317  0.00000
318 318  0.00000
319 319  0.00000
320 320  0.00000
321 321  0.00000
322 322  0.00000
323 323  0.00000
324 324  0.00000
325 325  0.00000
326 326  0.00000
327 327  0.00000
328 328  0.00000
329 329  0.00000
330 330  0.00000
331 331  0.00000
332 332  0.00000
333 333  0.00000
334 334  0.00000
335 335  0.00000
336 336  0.00000
337 337  0.00000
338 338  0.00000
339 339  0.00000
340 340  0.00000
341 341  0.00000
342 342  0.00000
343 343  0.00000
344 344  0.00000
345 345  0.00000
346 346  0.00000
347 347  0.00000
348 348  0.00000
349 349  0.00000
350 350  0.00000
351 351  0.00000
352 352  0.00000
353 353  0.00000
354 354  0.00000
355 355  0.00000
356 356  0.00000
357 357  0.00000
358 358  0.00000
359 359  0.00000
360 360  0.00000
361 361  0.00000
362 362  0.00000
363 363  0.00000
364 364  0.00000
365 365  0.00000
366 366  0.00000
367 367  0.00000
368 368  0.00000
369 369  0.00000
370 370  0.00000
371 371  0.00000
372 372  0.00000
373 373  0.00000
374 374  0.00000
375 375  0.00000
376 376  0.00000
377 377  0.00000
378 378  0.00000
379 379  0.00000
380 380  0.00000
381 381  0.00000
382 382  0.00000
383 383  0.00000
384 384  0.00000
385 385  0.00000
386 386  0.00000
387 387  0.00000
388 388  0.00000
389 389  0.00000
390 390  0.00000
391 391  0.00000
392 392  0.00000
393 393  0.00000
394 394  0.00000
395 395  0.00000
396 396  0.00000
397 397  0.00000
398 398  0.00000
399 399  0.00000
400 400  0.00000
