                
1     1 203,0000
2     2 199,9955
3     3 200,9920
4     4 200,9966
5     5 195,9999
6     6 199,9999
7     7 201,0000
8     8 204,9967
9     9 200,9963
10   10 200,9992
11   11 201,9870
12   12 200,9932
13   13 200,9984
14   14 202,0000
15   15 200,9999
16   16 200,9999
17   17 201,0000
18   18 197,0000
19   19 201,0000
20   20 198,9999
21   21 200,9996
22   22 201,0000
23   23 200,9925
24   24 201,0000
25   25 200,9957
26   26 200,9977
27   27 202,9873
28   28 200,9991
29   29 201,9930
30   30 201,0000
31   31 204,0000
32   32 201,0000
33   33 202,9956
34   34 200,4172
35   35 201,0000
36   36 199,9998
37   37 200,0000
38   38 201,9921
39   39 200,9945
40   40 199,9997
41   41 201,0000
42   42 201,0000
43   43 201,9973
44   44 203,0000
45   45 202,0000
46   46 200,9880
47   47 201,9989
48   48 201,0000
49   49 199,9999
50   50 201,0000
51   51 200,9997
52   52 205,0000
53   53 202,0000
54   54 201,9942
55   55 201,0000
56   56 194,9833
57   57 201,9988
58   58 198,9999
59   59 197,9998
60   60 201,0000
61   61 197,9999
62   62 205,9957
63   63 200,9848
64   64 201,9894
65   65 199,9995
66   66 201,0000
67   67 200,9954
68   68 202,0000
69   69 193,0000
70   70 200,9971
71   71 203,9921
72   72 200,9914
73   73 201,0000
74   74 200,9981
75   75 200,0000
76   76 200,9892
77   77 201,0000
78   78 201,9928
79   79 200,9964
80   80 202,9992
81   81 200,9937
82   82 200,8475
83   83 202,9928
84   84 200,9965
85   85 201,8728
86   86 201,0000
87   87 200,9994
88   88 200,9999
89   89 201,0000
90   90 202,9984
91   91 202,9993
92   92 201,9999
93   93 199,9910
94   94 201,9997
95   95 200,9853
96   96 200,0000
97   97 202,0000
98   98 207,9964
99   99 201,0000
100 100 200,9946
101 101 199,9964
102 102 200,9982
103 103 202,9973
104 104 201,9867
105 105 200,9951
106 106 201,9999
107 107 195,0000
108 108 192,9844
109 109 202,0000
110 110 201,0000
111 111 201,0000
112 112 199,9999
113 113 202,0000
114 114 200,9943
115 115 197,9999
116 116 205,9977
117 117 202,0000
118 118 200,9991
119 119 201,0000
120 120 201,0000
121 121 202,9996
122 122 200,9983
123 123 201,0000
124 124 202,0000
125 125 200,9942
126 126 197,9703
127 127 201,0000
128 128 200,9956
129 129 201,9989
130 130 200,9968
131 131 200,0000
132 132 201,9849
133 133 201,0000
134 134 202,0000
135 135 200,7729
136 136 200,9964
137 137 201,0000
138 138 201,8438
139 139 203,0000
140 140 207,9994
141 141 201,0000
142 142 201,0000
143 143 201,0000
144 144 200,2318
145 145 200,9999
146 146 200,9987
147 147 200,9956
148 148 202,9962
149 149 199,9764
150 150 200,9865
151 151 201,9966
152 152 200,9999
153 153 200,9981
154 154 202,0000
155 155 201,0000
156 156 200,9997
157 157 200,9932
158 158 199,0000
159 159 201,9968
160 160 200,0000
161 161 199,9942
162 162 200,8855
163 163 200,9986
164 164 200,9882
165 165 200,9986
166 166 199,9993
167 167 200,9862
168 168 196,9994
169 169 207,9979
170 170 200,9980
171 171 200,9910
172 172 200,8026
173 173 200,9941
174 174 200,9932
175 175 200,9999
176 176 199,2810
177 177 195,9969
178 178 202,9900
179 179 203,9984
180 180 201,9939
181 181 201,0000
182 182 201,0000
183 183 199,0000
184 184 206,0000
185 185 201,9971
186 186 196,9975
187 187 200,9978
188 188 200,9967
189 189 200,9994
190 190 201,9883
191 191 203,9915
192 192 200,9962
193 193 199,9999
194 194 199,9914
195 195 200,0001
196 196 198,9997
197 197 200,0000
198 198 202,0000
199 199 198,0000
200 200 199,0000
201 201 201,8802
202 202 200,9989
203 203 200,9970
204 204 200,9998
205 205 201,9873
206 206 201,0000
207 207 199,9997
208 208 201,0000
209 209 201,9951
210 210 201,9991
211 211 201,9944
212 212 201,0000
213 213 200,9994
214 214 202,0000
215 215 197,9880
216 216 196,9950
217 217 200,9957
218 218 205,9964
219 219 201,9974
220 220 201,0000
221 221 200,9957
222 222 200,9977
223 223 198,9999
224 224 201,9998
225 225 199,9826
226 226 200,9930
227 227 199,9970
228 228 202,9914
229 229 201,0000
230 230 200,9931
231 231 200,9981
232 232 200,9953
233 233 197,9998
234 234 201,0000
235 235 201,0000
236 236 203,0000
237 237 200,9968
238 238 201,9994
239 239 196,0000
240 240 201,9980
241 241 201,0000
242 242 201,9968
243 243 202,9915
244 244 201,0000
245 245 199,9957
246 246 202,8561
247 247 200,9988
248 248 199,9946
249 249 202,9996
250 250 200,9995
251 251 204,0000
252 252 201,9728
253 253 199,9984
254 254 200,9990
255 255 201,9962
256 256 201,0000
257 257 201,9941
258 258 200,9986
259 259 200,9961
260 260 201,0000
261 261 202,9922
262 262 200,9985
263 263 200,9987
264 264 200,9843
265 265 200,9986
266 266 200,9999
267 267 199,9998
268 268 200,9977
269 269 201,9959
270 270 201,0000
271 271 200,9959
272 272 200,9927
273 273 202,9926
274 274 200,0000
275 275 201,0000
276 276 202,0000
277 277 205,9993
278 278 195,9982
279 279 201,9928
280 280 201,0000
281 281 200,9994
282 282 201,0000
283 283 199,9999
284 284 201,9998
285 285 202,0000
286 286 200,9981
287 287 204,9942
288 288 200,9933
289 289 202,0000
290 290 203,0000
291 291 201,9996
292 292 200,9886
293 293 201,0000
294 294 200,9949
295 295 201,0000
296 296 201,0000
297 297 200,9993
298 298 201,0000
299 299 199,9999
300 300 199,0000
301 301 201,0000
302 302 200,9965
303 303 201,0000
304 304 205,9948
305 305 199,0427
306 306 199,9999
307 307 200,9957
308 308 202,9984
309 309 200,0000
310 310 199,9999
311 311 200,9990
312 312 200,9918
313 313 202,0000
314 314 200,9968
315 315 201,0000
316 316 202,0000
317 317 202,0000
318 318 200,9992
319 319 202,9985
320 320 202,9982
321 321 198,9971
322 322 201,9992
323 323 198,9999
324 324 201,9851
325 325 201,9976
326 326 203,0000
327 327 201,9987
328 328 196,0000
329 329 200,9940
330 330 200,8624
331 331 200,9999
332 332 204,9970
333 333 197,9999
334 334 201,9996
335 335 199,9947
336 336 199,9921
337 337 200,9962
338 338 200,9575
339 339 202,0000
340 340 201,9787
341 341 200,9871
342 342 200,9985
343 343 198,9899
344 344 198,9965
345 345 200,9995
346 346 200,9969
347 347 200,9901
348 348 200,9997
349 349 203,9950
350 350 202,9878
351 351 200,9992
352 352 200,9987
353 353 200,9970
354 354 202,0000
355 355 199,1689
356 356 201,9953
357 357 200,9978
358 358 200,9999
359 359 200,9976
360 360 200,0000
361 361 201,0000
362 362 203,9987
363 363 202,9998
364 364 200,9977
365 365 200,0000
366 366 201,0000
367 367 199,9943
368 368 200,9968
369 369 200,9987
370 370 202,9999
371 371 200,9871
372 372 199,9999
373 373 200,0000
374 374 200,9980
375 375 200,9954
376 376 200,0000
377 377 200,9998
378 378 200,9991
379 379 203,9973
380 380 201,0000
381 381 200,0000
382 382 200,9982
383 383 201,0000
384 384 201,0000
385 385 202,9973
386 386 200,9915
387 387 200,9968
388 388 200,9981
389 389 200,9950
390 390 201,0000
391 391 197,9925
392 392 201,9994
393 393 200,9999
394 394 200,9965
395 395 201,0000
396 396 203,9950
397 397 201,9991
398 398 199,2217
399 399 199,0000
400 400 201,0000
