                
1     1 75.04286
2     2 76.00584
3     3 75.99932
4     4 74.99979
5     5 62.99943
6     6 53.99459
7     7 44.00306
8     8 85.00804
9     9 31.99938
10   10 25.00772
11   11 23.00048
12   12 21.00375
13   13 18.00014
14   14 18.00059
15   15 26.00030
16   16 34.00062
17   17 18.01087
18   18 87.01705
19   19 42.00001
20   20 17.00000
21   21 19.04047
22   22 19.00007
23   23 17.00008
24   24 18.00019
25   25 18.00006
26   26 19.99890
27   27 19.00072
28   28 19.94929
29   29 19.00000
30   30 19.99922
31   31 20.00000
32   32 20.00000
33   33 89.00113
34   34 19.99776
35   35 19.99653
36   36 19.99823
37   37 36.07984
38   38 32.00000
39   39 69.00091
40   40 70.00076
41   41 36.99901
42   42 41.99998
43   43 70.00000
44   44 67.00000
45   45 62.00875
46   46 54.00044
47   47 46.00078
48   48 45.99699
49   49 48.00027
50   50 48.03011
51   51 48.98889
52   52 47.01982
53   53 42.99998
54   54 41.00106
55   55 42.00000
56   56 41.99904
57   57 45.00269
58   58 58.00802
59   59 61.00567
60   60 61.00031
61   61 62.00133
62   62 61.00528
63   63 61.00012
64   64 66.99991
65   65 70.99038
66   66 76.99418
67   67 79.98242
68   68 81.94212
69   69 86.97298
70   70 88.99648
71   71 90.99989
72   72 92.98485
73   73 94.99875
74   74 95.98949
75   75 96.99750
76   76 95.99994
77   77 94.98708
78   78 94.99862
79   79 94.99997
80   80 90.99884
81   81 87.99996
82   82 83.99991
83   83 79.99647
84   84 76.99945
85   85 73.99954
86   86 67.98333
87   87 62.99991
88   88 28.02722
89   89 31.00011
90   90 38.00298
91   91 44.99989
92   92 47.95736
93   93 58.00005
94   94 71.00008
95   95 74.99999
96   96 72.99823
97   97 73.00000
98   98 74.00010
99   99 75.00002
100 100 75.00032
