1     1   199.0001
2     2   200.0004
3     3   200.0001
4     4   200.0001
5     5   200.0001
6     6   200.0005
7     7   200.0009
8     8   200.0004
9     9   200.0001
10   10   200.0003
11   11   200.0005
12   12   200.0000
13   13   200.0005
14   14   200.0005
15   15   200.0001
16   16   200.0003
17   17   200.0003
18   18   200.0002
19   19   200.0002
20   20   200.0001
21   21   200.0029
22   22   200.0012
23   23   200.0007
24   24   200.0252
25   25   200.0004
26   26   200.0002
27   27   200.0002
28   28   200.0001
29   29   200.0003
30   30   200.0015
31   31   200.0001
32   32   200.0003
33   33   200.0004
34   34   200.0007
35   35   200.0378
36   36   200.0003
37   37   200.0003
38   38   200.0005
39   39   200.0002
40   40   200.0004
41   41   200.0002
42   42   200.0000
43   43   200.0115
44   44   200.0002
45   45   200.0015
46   46   200.0001
47   47   200.0005
48   48   200.0029
49   49   200.0003
50   50   200.0004
51   51   200.0002
52   52   200.0002
53   53   200.0004
54   54   200.0003
55   55   200.0003
56   56   200.0018
57   57   200.0006
58   58   200.0004
59   59   200.0007
60   60   199.0013
61   61   200.0005
62   62   200.0005
63   63   200.0001
64   64   200.0000
65   65   200.0002
66   66   200.0588
67   67   199.0000
68   68   200.0001
69   69   200.0000
70   70   200.0004
71   71   200.0003
72   72   200.0011
73   73   200.0135
74   74   200.0001
75   75   200.0203
76   76   200.0001
77   77   200.0001
78   78   200.0004
79   79   200.0003
80   80   201.0000
81   81   200.0005
82   82   200.0003
83   83   200.0009
84   84   200.0001
85   85   200.0004
86   86   200.0027
87   87   200.0000
88   88   200.0005
89   89   200.0003
90   90   200.0000
91   91   200.0005
92   92   200.0006
93   93   200.0010
94   94   200.0003
95   95   200.0010
96   96   200.0003
97   97   200.0001
98   98   200.0004
99   99   200.0004
100 100   200.0001
101 101   200.0001
102 102   200.0002
103 103   200.0003
104 104   200.0654
105 105   200.0000
106 106   201.0001
107 107   200.0006
108 108   200.0013
109 109   200.0003
110 110   200.0001
111 111   200.0024
112 112   200.0032
113 113   200.0016
114 114   200.0000
115 115   200.0001
116 116   200.0003
117 117   200.0005
118 118   200.0003
119 119   200.0000
120 120   200.0001
121 121   200.0010
122 122   200.0001
123 123   200.0000
124 124   200.0001
125 125   200.0001
126 126   200.0017
127 127   200.0000
128 128   200.0002
129 129   200.0001
130 130   200.0004
131 131   200.0006
132 132   200.0020
133 133   200.0001
134 134   200.0000
135 135   200.0000
136 136   200.0002
137 137   200.0126
138 138   200.0009
139 139   200.0005
140 140   200.0006
141 141   200.0006
142 142   200.0000
143 143   200.0007
144 144   200.0002
145 145   200.0001
146 146   200.0001
147 147   200.0000
148 148   200.0008
149 149   200.0003
150 150   200.0001
151 151   200.0006
152 152   200.0000
153 153   200.0006
154 154   200.0001
155 155   200.0005
156 156   200.0000
157 157   200.0000
158 158   200.0017
159 159   200.0000
160 160   200.0002
161 161   200.0001
162 162   200.0004
163 163   200.0000
164 164   200.0000
165 165   200.0004
166 166   200.0000
167 167   200.0020
168 168   200.0002
169 169   199.0314
170 170   200.0003
171 171   200.0003
172 172   200.0005
173 173   200.0008
174 174   200.0006
175 175   200.0011
176 176   200.0324
177 177   200.0001
178 178   200.0000
179 179   200.0006
180 180   200.0000
181 181   200.0007
182 182   200.0009
183 183   200.0000
184 184   200.0004
185 185   200.0000
186 186   200.0001
187 187   200.0001
188 188   200.0059
189 189   200.0021
190 190   200.0002
191 191   200.0023
192 192   200.0016
193 193   200.0011
194 194   200.0001
195 195   200.0016
196 196   200.0000
197 197   200.0001
198 198   200.0384
199 199   200.0001
200 200   200.0001
201 201   200.0000
202 202   200.0003
203 203   200.0001
204 204   200.0000
205 205   200.0001
206 206   200.0004
207 207   200.0000
208 208   200.0000
209 209   200.0001
210 210   200.0000
211 211   200.0005
212 212   200.0002
213 213   200.0004
214 214   200.0001
215 215   200.0002
216 216   200.0015
217 217   200.0002
218 218   200.0002
219 219   200.0017
220 220   200.0007
221 221   200.0003
222 222   200.0009
223 223   200.0004
224 224   200.0002
225 225   200.0001
226 226   200.0045
227 227   200.0361
228 228   200.0001
229 229   200.0001
230 230   200.0002
231 231   200.0003
232 232   200.0001
233 233   200.0000
234 234   200.0008
235 235   200.0004
236 236   200.0392
237 237   200.0006
238 238   200.0003
239 239   200.0004
240 240   200.0011
241 241   200.0001
242 242   200.0003
243 243   200.0007
244 244   200.0001
245 245   200.0000
246 246   200.0002
247 247   200.0004
248 248   200.0005
249 249   200.0622
250 250   200.0009
251 251   200.0002
252 252   200.0000
253 253   200.0000
254 254   200.1288
255 255   200.0002
256 256   200.0009
257 257   200.0000
258 258   200.0002
259 259   200.0206
260 260   200.0003
261 261   200.0000
262 262   200.0001
263 263   200.0006
264 264   200.0002
265 265   200.0000
266 266   200.0003
267 267   200.0004
268 268   200.0001
269 269   200.0021
270 270   200.0002
271 271   200.0014
272 272   200.0002
273 273   200.0165
274 274   200.0004
275 275   200.0005
276 276   200.0001
277 277   200.0020
278 278   200.0001
279 279   200.0009
280 280   200.0001
281 281   200.0023
282 282   200.0024
283 283   200.0001
284 284   200.0001
285 285   200.0001
286 286   200.0010
287 287   200.0001
288 288   200.0006
289 289   200.0001
290 290   200.0001
291 291   200.0003
292 292   200.0002
293 293   200.0018
294 294   200.0000
295 295   200.0002
296 296   200.0003
297 297   200.0017
298 298   200.0003
299 299   200.0001
300 300   200.0001
301 301   200.0007
302 302   201.0008
303 303   200.0222
304 304   200.0003
305 305   200.0331
306 306   200.0007
307 307   200.0002
308 308   200.0010
309 309   200.0003
310 310   200.0029
311 311   200.0718
312 312   200.0002
313 313   200.0002
314 314   200.0001
315 315   200.0005
316 316   200.0001
317 317   200.0003
318 318   200.0119
319 319   200.0002
320 320   200.0002
321 321   200.0006
322 322   200.0002
323 323   200.0004
324 324   200.0001
325 325   200.0000
326 326   200.0010
327 327   200.0003
328 328   200.0003
329 329   200.0003
330 330   200.0005
331 331   199.0002
332 332   200.0004
333 333   200.0001
334 334   200.0000
335 335   200.0001
336 336   200.0005
337 337   200.0005
338 338   200.0016
339 339   200.0012
340 340   200.0006
341 341   200.0000
342 342   200.0002
343 343   200.0010
344 344   200.0110
345 345   200.0007
346 346   200.0009
347 347   200.0001
348 348   200.0001
349 349   200.0004
350 350   200.0009
351 351   200.0000
352 352   200.0003
353 353   200.0000
354 354   200.0111
355 355   200.0003
356 356   200.0010
357 357   200.0004
358 358   200.0014
359 359   200.0002
360 360   200.0260
361 361   200.0005
362 362   200.0002
363 363   200.0002
364 364   200.0004
365 365   200.0001
366 366   200.0006
367 367   200.0001
368 368   200.0003
369 369   200.0001
370 370   200.0001
371 371   200.0357
372 372   200.0003
373 373   200.0001
374 374   200.0000
375 375   200.0001
376 376   200.0002
377 377   200.0503
378 378   200.0005
379 379   200.0003
380 380   200.0003
381 381   200.0012
382 382   200.0014
383 383   200.0003
384 384   200.0004
385 385   200.0003
386 386   200.0004
387 387   200.0003
388 388   200.0011
389 389   200.0002
390 390   200.0000
391 391   200.0002
392 392   200.0001
393 393   200.0000
394 394   200.0001
395 395   200.0009
396 396   200.0002
397 397   200.0002
398 398   200.0000
399 399   200.0000
400 400   200.0024
