                  
1     1  55.000000
2     2  50.999999
3     3  57.999476
4     4  55.000000
5     5  53.999953
6     6 114.000008
7     7 111.000002
8     8 108.000008
9     9 105.000296
10   10 101.000023
11   11  97.000025
12   12  92.000001
13   13  87.000001
14   14  88.000001
15   15  93.000012
16   16  98.000405
17   17 102.000037
18   18  75.000011
19   19 109.000071
20   20  80.000119
21   21 115.000027
22   22  80.000000
23   23  77.001114
24   24  77.000008
25   25  87.000022
26   26  51.999936
27   27  36.999454
28   28  42.999999
29   29  43.999239
30   30  47.999873
31   31  46.951080
32   32 111.000238
33   33  50.999904
34   34 103.000071
35   35 100.000400
36   36  95.000009
37   37  91.000196
38   38  86.000184
39   39  89.000155
40   40  94.000018
41   41  99.000026
42   42 103.002556
43   43 107.000000
44   44 110.000001
45   45 113.000019
46   46 115.000069
47   47  64.000001
48   48  66.000140
49   49  69.000026
50   50  65.001922
51   51  45.999920
52   52  77.000709
53   53  66.000018
54   54  63.000003
55   55  64.000003
56   56 113.000015
57   57 109.000010
58   58 107.000001
59   59 103.001020
60   60  99.000046
61   61  94.000042
62   62  89.000010
63   63  86.000002
64   64  91.000012
65   65  95.000029
66   66 100.000490
67   67 104.000320
68   68 108.000001
69   69 111.000155
70   70  77.000008
71   71  71.000045
72   72  75.000058
73   73   5.999939
74   74  83.000001
75   75  75.000118
76   76  70.000016
77   77  73.000161
78   78  70.000001
79   79  70.000006
80   80  75.000001
81   81 112.000610
82   82 109.000000
83   83 106.000135
84   84 102.000383
85   85  98.000020
86   86  93.000002
87   87  88.000219
88   88  87.000126
89   89  91.212204
90   90  97.000028
91   91 101.000807
92   92 105.000649
93   93 108.000229
94   94 111.000214
95   95 114.000002
96   96  57.999992
97   97  58.999839
98   98  56.000000
99   99  54.999964
100 100  55.978751
