1     1   200.9957
2     2   200.9997
3     3   200.9999
4     4   200.9999
5     5   200.9986
6     6   200.9620
7     7   200.9992
8     8   200.9998
9     9   200.9999
10   10   200.9996
11   11   200.9996
12   12   200.9993
13   13   200.9997
14   14   200.9999
15   15   200.9994
16   16   200.9997
17   17   200.9994
18   18   200.9987
19   19   200.9998
20   20   200.9989
21   21   200.9992
22   22   200.9996
23   23   200.9997
24   24   200.9997
25   25   200.9996
26   26   200.9988
27   27   200.9998
28   28   201.0000
29   29   200.9993
30   30   200.9997
31   31   200.9998
32   32   200.9994
33   33   200.9996
34   34   200.9456
35   35   200.9997
36   36   200.9996
37   37   201.0000
38   38   200.9998
39   39   200.9479
40   40   200.9998
41   41   201.0000
42   42   200.9999
43   43   200.9998
44   44   200.9381
45   45   200.9997
46   46   200.9997
47   47   201.0000
48   48   200.9986
49   49   201.0000
50   50   200.9994
51   51   200.9985
52   52   200.9999
53   53   201.0000
54   54   201.0000
55   55   201.0000
56   56   200.9998
57   57   200.9588
58   58   200.9997
59   59   201.0000
60   60   200.9994
61   61   201.0000
62   62   200.9998
63   63   200.9994
64   64   201.0000
65   65   200.9965
66   66   200.9996
67   67   200.9996
68   68   201.0000
69   69   200.9999
70   70   200.9986
71   71   200.9997
72   72   201.0000
73   73   200.9995
74   74   200.9998
75   75   200.9546
76   76   200.9985
77   77   200.9996
78   78   200.9994
79   79   200.9995
80   80   200.9515
81   81   200.9998
82   82   200.9617
83   83   200.9999
84   84   200.9607
85   85   200.9998
86   86   200.9523
87   87   200.9996
88   88   200.9999
89   89   200.9620
90   90   201.0000
91   91   201.0000
92   92   200.9994
93   93   200.9991
94   94   200.9987
95   95   200.9999
96   96   200.9986
97   97   200.9998
98   98   200.9996
99   99   200.9995
100 100   200.9991
101 101   200.9987
102 102   201.0000
103 103   200.9363
104 104   200.9995
105 105   200.9168
106 106   200.9995
107 107   200.9999
108 108   200.9604
109 109   200.9993
110 110   200.9992
111 111   200.9997
112 112   200.9994
113 113   200.9999
114 114   200.9999
115 115   200.9999
116 116   200.9995
117 117   200.9993
118 118   200.9998
119 119   200.9998
120 120   200.9997
121 121   200.9554
122 122   200.9995
123 123   200.9496
124 124   200.9987
125 125   200.9998
126 126   200.9993
127 127   200.9564
128 128   200.9998
129 129   200.9996
130 130   201.0000
131 131   200.9996
132 132   201.0000
133 133   200.9999
134 134   201.0000
135 135   200.9986
136 136   200.9390
137 137   200.9999
138 138   200.9993
139 139   200.9989
140 140   200.9999
141 141   200.9434
142 142   200.9990
143 143   200.9996
144 144   200.9989
145 145   200.9998
146 146   200.9996
147 147   200.9999
148 148   200.9999
149 149   200.9587
150 150   200.9999
151 151   200.9988
152 152   200.9997
153 153   200.9998
154 154   200.9993
155 155   200.9999
156 156   200.9999
157 157   200.9999
158 158   200.9999
159 159   200.9998
160 160   200.9996
161 161   200.9985
162 162   200.9998
163 163   200.9970
164 164   200.9537
165 165   200.9997
166 166   200.9999
167 167   200.9995
168 168   200.9999
169 169   201.0000
170 170   200.9999
171 171   200.9994
172 172   200.9994
173 173   200.9992
174 174   200.9998
175 175   200.9457
176 176   200.9994
177 177   200.9538
178 178   200.9998
179 179   200.9998
180 180   200.9997
181 181   200.9990
182 182   200.9991
183 183   200.9999
184 184   200.9348
185 185   200.9999
186 186   200.9986
187 187   200.9997
188 188   201.0000
189 189   201.0000
190 190   200.9992
191 191   200.9988
192 192   200.9994
193 193   200.9997
194 194   200.9999
195 195   200.9600
196 196   200.9991
197 197   200.9986
198 198   200.9998
199 199   200.9999
200 200   200.9994
201 201   200.9983
202 202   200.9990
203 203   200.9999
204 204   200.9997
205 205   200.9996
206 206   200.9991
207 207   200.9990
208 208   200.9992
209 209   200.9990
210 210   200.9999
211 211   201.0000
212 212   200.9999
213 213   200.9998
214 214   200.9995
215 215   200.9998
216 216   200.9986
217 217   200.9995
218 218   200.9995
219 219   200.9993
220 220   200.9992
221 221   200.9987
222 222   200.9994
223 223   200.9997
224 224   200.9599
225 225   200.9537
226 226   200.9988
227 227   200.9997
228 228   200.9998
229 229   200.9998
230 230   200.9997
231 231   200.9989
232 232   200.9999
233 233   201.0000
234 234   200.9184
235 235   200.9984
236 236   201.0000
237 237   200.9997
238 238   201.0000
239 239   200.9996
240 240   200.9627
241 241   200.9966
242 242   200.9992
243 243   200.9993
244 244   200.9998
245 245   201.0000
246 246   201.0000
247 247   200.9999
248 248   200.9999
249 249   200.9995
250 250   200.9981
251 251   200.8270
252 252   201.0000
253 253   200.9992
254 254   200.9991
255 255   200.9615
256 256   200.9635
257 257   200.9998
258 258   200.9991
259 259   200.9997
260 260   200.9999
261 261   200.9985
262 262   200.9999
263 263   200.9525
264 264   200.9979
265 265   200.9628
266 266   200.9984
267 267   200.9247
268 268   200.9996
269 269   201.0000
270 270   200.9999
271 271   200.9973
272 272   200.9998
273 273   200.9996
274 274   200.9989
275 275   200.9997
276 276   200.9998
277 277   201.0000
278 278   200.9548
279 279   200.9995
280 280   200.9995
281 281   200.9992
282 282   200.9983
283 283   200.9989
284 284   200.9997
285 285   201.0000
286 286   200.9991
287 287   201.0000
288 288   200.9999
289 289   200.9984
290 290   200.9999
291 291   200.9600
292 292   200.9996
293 293   200.9989
294 294   200.9987
295 295   200.9626
296 296   200.9998
297 297   200.9530
298 298   200.9999
299 299   200.9989
300 300   200.9997
301 301   200.9553
302 302   201.0000
303 303   200.9989
304 304   200.9317
305 305   200.9997
306 306   200.9981
307 307   200.9994
308 308   200.9997
309 309   200.9999
310 310   200.9989
311 311   200.9995
312 312   200.9990
313 313   200.9986
314 314   200.9997
315 315   200.9996
316 316   200.9997
317 317   200.9994
318 318   200.9994
319 319   200.9984
320 320   200.9999
321 321   200.9384
322 322   200.9998
323 323   200.9996
324 324   200.8978
325 325   201.0000
326 326   200.9371
327 327   200.9625
328 328   200.9999
329 329   200.9997
330 330   200.9997
331 331   200.9998
332 332   200.9997
333 333   200.9988
334 334   200.9988
335 335   200.9999
336 336   200.9985
337 337   200.9981
338 338   200.9991
339 339   200.9999
340 340   200.9996
341 341   200.9570
342 342   200.9990
343 343   200.9996
344 344   200.9585
345 345   200.9998
346 346   200.9991
347 347   200.9995
348 348   200.9999
349 349   200.9992
350 350   200.9995
351 351   200.9999
352 352   200.9995
353 353   200.9986
354 354   200.9998
355 355   200.9999
356 356   200.9999
357 357   201.0000
358 358   200.9994
359 359   200.9988
360 360   200.9997
361 361   200.9984
362 362   200.9990
363 363   200.9985
364 364   200.9995
365 365   200.9999
366 366   200.9999
367 367   200.9972
368 368   200.9999
369 369   200.9995
370 370   200.9998
371 371   200.9479
372 372   200.9992
373 373   200.9993
374 374   200.9993
375 375   200.9994
376 376   200.9996
377 377   200.9995
378 378   200.9997
379 379   200.9999
380 380   200.9999
381 381   200.9995
382 382   200.9992
383 383   200.9998
384 384   201.0000
385 385   200.9998
386 386   201.0000
387 387   201.0000
388 388   200.9996
389 389   200.9999
390 390   200.9999
391 391   200.9986
392 392   200.9992
393 393   200.9526
394 394   200.9997
395 395   200.9986
396 396   200.9985
397 397   200.9991
398 398   200.9287
399 399   200.9987
400 400   200.9999
