                 
1     1  50.96741
2     2  89.00604
3     3  89.00209
4     4  90.99989
5     5  12.99981
6     6  13.99935
7     7  16.99047
8     8  37.99903
9     9  32.98685
10   10  16.99782
11   11  16.99632
12   12  22.99381
13   13  13.91840
14   14  16.99860
15   15  35.00001
16   16  86.03765
17   17  50.02020
18   18  68.00051
19   19  61.00032
20   20  99.00015
21   21  93.00000
22   22  18.99999
23   23 102.05544
24   24  19.99615
25   25  92.00017
26   26  70.00772
27   27  12.99981
28   28  13.99945
29   29  14.99941
30   30  15.99999
31   31  18.80528
32   32  19.99998
33   33  17.99993
34   34  17.99992
35   35  13.97913
36   36  16.99967
37   37  16.99979
38   38  12.99993
39   39  70.00929
40   40  72.00067
41   41  75.00110
42   42  20.98612
43   43  71.00058
44   44  48.00000
45   45  60.00000
46   46  49.00312
47   47  39.00000
48   48  45.00000
49   49  48.00010
50   50  84.00375
51   51  46.99972
52   52  43.00001
53   53  45.00175
54   54  12.90463
55   55  39.00037
56   56  12.99468
57   57  54.00187
58   58  58.00000
59   59  62.00950
60   60  64.00070
61   61  80.00023
62   62  60.00015
63   63  12.99138
64   64  67.00123
65   65  70.00002
66   66  76.99998
67   67  15.99996
68   68  83.00000
69   69  62.95278
70   70  88.00000
71   71  93.00029
72   72  91.00040
73   73  93.98183
74   74  99.83285
75   75  96.99915
76   76  95.00013
77   77  91.00032
78   78  90.00002
79   79  91.00002
80   80  42.99630
81   81  87.00379
82   82  83.00001
83   83  15.99864
84   84  88.00001
85   85  86.00153
86   86  67.00627
87   87  76.00002
88   88  28.99585
89   89  32.00329
90   90  38.00000
91   91  43.98607
92   92  50.99307
93   93  60.99997
94   94  94.00023
95   95  88.99999
96   96  76.99550
97   97  88.01651
98   98  91.03307
99   99  89.00254
100 100  40.99829
