                 
1     1  54.99998
2     2  52.99998
3     3  57.99984
4     4  54.99999
5     5  49.99998
6     6 114.00000
7     7 111.00000
8     8 108.00000
9     9 105.00092
10   10 101.09660
11   11  97.00001
12   12  92.00002
13   13  87.00012
14   14  88.00013
15   15  93.00000
16   16  98.00030
17   17 102.00000
18   18  75.00000
19   19  76.00002
20   20 112.00002
21   21  78.00000
22   22  77.00000
23   23  76.00012
24   24  77.00000
25   25  77.00026
26   26  52.00000
27   27  36.99904
28   28  43.00000
29   29  44.99983
30   30  47.99990
31   31  47.00000
32   32 111.00017
33   33  50.99996
34   34 104.00000
35   35 100.00004
36   36  95.00000
37   37  91.00014
38   38  86.00001
39   39  89.00074
40   40  94.00001
41   41  99.01137
42   42 102.00000
43   43 107.00000
44   44 110.00001
45   45 113.00000
46   46  90.00001
47   47  64.00000
48   48  64.00075
49   49  72.00012
50   50  66.00000
51   51  45.99994
52   52  77.00000
53   53  66.00003
54   54  64.00052
55   55  65.00009
56   56 113.00002
57   57 110.00001
58   58 107.00084
59   59 103.00000
60   60  99.00027
61   61  94.00002
62   62  89.00001
63   63  86.00000
64   64  91.00001
65   65  95.00019
66   66 100.00004
67   67 104.00042
68   68 108.00000
69   69 111.00016
70   70 113.00000
71   71  71.00009
72   72  80.00001
73   73  78.00000
74   74  78.00002
75   75  77.00000
76   76  77.00036
77   77  73.00004
78   78  89.00001
79   79  70.00000
80   80  81.00109
81   81 112.00032
82   82 109.00026
83   83 106.00048
84   84 102.00002
85   85  97.00000
86   86  93.00001
87   87  88.57591
88   88  87.00000
89   89  91.00017
90   90  97.00011
91   91 101.00036
92   92 105.00055
93   93 108.00009
94   94 111.00079
95   95 114.00003
96   96  57.99997
97   97  59.95313
98   98  55.99998
99   99  55.00000
100 100  54.99997
