                 
1     1 59.999998
2     2 53.999179
3     3 53.999993
4     4 13.000369
5     5 12.000320
6     6 60.999736
7     7 12.000220
8     8 62.999851
9     9  9.000371
10   10  8.000419
11   11  7.000011
12   12  4.014664
13   13  4.000008
14   14  3.000016
15   15 45.999929
16   16 50.999801
17   17 45.999862
18   18 39.999776
19   19 47.999433
20   20 27.999947
21   21 35.999642
22   22 37.999998
23   23 38.999863
24   24 36.000000
25   25 31.999961
26   26 58.000158
27   27 59.000095
28   28 63.000045
29   29 67.015725
30   30 71.000244
31   31 61.999901
32   32 80.993385
33   33 74.999720
34   34 81.999347
35   35 77.000009
36   36 84.000157
37   37 78.000002
38   38 64.999926
39   39 51.999896
40   40 11.000000
41   41 56.999783
42   42 23.000148
43   43 58.999155
44   44  7.999868
45   45 76.000170
46   46 76.000566
47   47  7.999999
48   48 84.000677
49   49 57.999418
50   50 77.000002
51   51 15.999986
52   52 58.998931
53   53 68.999662
54   54 67.999727
55   55 65.999858
56   56 10.999973
57   57 10.999815
58   58 19.000004
59   59 82.999972
60   60 28.035824
61   61 26.000061
62   62 82.999858
63   63 80.999176
64   64 11.000059
65   65 11.000215
66   66 11.000015
67   67 11.001680
68   68 78.999994
69   69 76.999531
70   70 27.001055
71   71  7.000001
72   72 66.999865
73   73 61.999874
74   74 59.999636
75   75 54.999999
76   76 51.999921
77   77 52.999863
78   78 50.999171
79   79 52.999999
80   80 51.999920
81   81 50.999933
82   82 50.999846
83   83 49.999926
84   84 49.999878
85   85 49.999295
86   86 49.999937
87   87 48.981662
88   88 49.000000
89   89 48.999639
90   90 48.999885
91   91 45.999795
92   92  6.000001
93   93 41.999879
94   94 48.999753
95   95 46.999936
96   96 47.999895
97   97 60.000069
98   98 60.000719
99   99 71.000029
100 100 59.000099
101 101 83.000122
102 102 59.000303
103 103 69.000021
104 104 58.000106
105 105 57.000012
106 106 43.999688
107 107 42.999923
108 108 84.000025
109 109 43.999799
110 110 55.000742
111 111 43.993958
112 112 28.999577
113 113 27.999514
114 114 39.999873
115 115 69.000001
116 116 53.000250
117 117 51.000043
118 118 56.000004
119 119 14.000132
120 120 50.000219
121 121 49.000087
122 122 48.001344
123 123 48.000110
124 124 78.999841
125 125 74.999991
126 126 26.000282
127 127 28.000014
128 128 53.000015
129 129 52.000004
130 130 53.000037
131 131 38.000126
132 132 39.014515
133 133 51.000334
134 134 47.000262
135 135 41.000164
136 136 49.001827
137 137 50.000023
138 138 52.003459
139 139 54.000346
140 140 58.000594
141 141 55.000001
142 142 56.000003
143 143 63.000023
144 144 59.000114
145 145 57.000031
146 146 59.000218
147 147 60.000061
148 148 59.000006
149 149 60.000507
150 150 60.000016
151 151 58.000028
152 152 61.000365
153 153 61.000678
154 154 60.000018
155 155 59.012945
156 156 57.006701
157 157 57.000011
158 158 57.000061
159 159 55.000177
160 160 55.000109
161 161 54.000004
162 162 51.004734
163 163 51.001280
164 164 51.014720
165 165 48.000384
166 166 46.000085
167 167 44.000001
168 168 20.999575
169 169 21.999989
170 170 23.999986
171 171 26.999968
172 172 28.997494
173 173 30.999791
174 174 28.999797
175 175 33.999895
176 176 35.999918
177 177 37.999996
178 178 36.999651
179 179 43.999772
180 180 44.999324
181 181 30.999902
182 182 49.999690
183 183 52.000000
184 184 48.995874
185 185  2.000441
186 186  3.000001
187 187 58.999395
188 188  6.004375
189 189  8.000018
190 190  9.000018
191 191 11.000109
192 192  5.000025
193 193 12.000043
194 194 17.000023
195 195 14.000106
196 196  8.000038
197 197 13.000142
198 198 14.000156
199 199 14.000435
200 200 12.001001
