                  
1     1 119.999999
2     2 119.999999
3     3 119.999998
4     4 118.999999
5     5  75.000501
6     6 114.999999
7     7 111.999998
8     8 108.999999
9     9 105.999998
10   10 101.999999
11   11  97.999999
12   12  92.999998
13   13  87.999999
14   14  83.000001
15   15  81.000455
16   16  87.999997
17   17  87.999999
18   18  88.000000
19   19  87.999999
20   20  87.999999
21   21  87.999999
22   22  87.999999
23   23  85.000001
24   24  87.999998
25   25  87.999999
26   26  88.000000
27   27  87.999999
28   28  87.999999
29   29  87.999999
30   30  87.999999
31   31  18.868716
32   32  87.999999
33   33  87.999999
34   34  87.999999
35   35  87.999997
36   36  87.999999
37   37  87.999999
38   38  79.028765
39   39  86.999998
40   40  86.999998
41   41   3.977615
42   42  86.999999
43   43  86.999999
44   44  86.999999
45   45  63.000157
46   46  86.999999
47   47  87.000000
48   48  87.000000
49   49  86.999998
50   50  48.025339
51   51  86.999998
52   52  86.999999
53   53  87.000000
54   54  86.999999
55   55  87.000000
56   56  87.000000
57   57  19.999370
58   58  86.999998
59   59  87.000000
60   60  86.999999
61   61  86.999999
62   62  86.999999
63   63  86.999998
64   64  86.999999
65   65  86.999999
66   66  87.000000
67   67  86.999999
68   68  28.999872
69   69  86.999999
70   70  86.999999
71   71  86.999999
72   72  86.999999
73   73   2.999981
74   74  87.000000
75   75  86.999998
76   76  86.999999
77   77  86.999998
78   78  86.999999
79   79  86.999998
80   80   8.999321
81   81  86.999999
82   82  86.999999
83   83  86.999998
84   84  86.999998
85   85  86.999999
86   86  86.999998
87   87  86.999998
88   88  86.999999
89   89  86.999998
90   90  86.999999
91   91  86.999997
92   92  86.999999
93   93  87.000000
94   94  86.999999
95   95  76.999404
96   96  86.999999
97   97  86.999998
98   98  87.000000
99   99  75.999943
100 100  86.999998
