                 
1     1  77.98569
2     2  89.01214
3     3  90.00010
4     4  88.99936
5     5  13.96712
6     6  13.99141
7     7  20.99983
8     8  13.99122
9     9  31.00000
10   10  26.00000
11   11  19.99930
12   12  21.99984
13   13  19.00000
14   14  17.99996
15   15  19.99969
16   16  18.99982
17   17  18.99935
18   18  52.01363
19   19  18.99230
20   20  97.04224
21   21  19.00000
22   22 102.01235
23   23  18.98491
24   24  20.00000
25   25  18.99850
26   26  18.99571
27   27  16.99999
28   28  17.95948
29   29  19.99884
30   30  19.00000
31   31  18.99924
32   32  14.99421
33   33  92.01278
34   34  19.99801
35   35  18.98263
36   36  19.99997
37   37  19.99881
38   38  14.99999
39   39  70.07649
40   40  72.00129
41   41  75.00263
42   42  85.00012
43   43  72.00196
44   44  17.00000
45   45  62.00139
46   46  55.00018
47   47  42.00050
48   48  41.00092
49   49  44.07197
50   50  43.99966
51   51  46.00162
52   52  44.00394
53   53  46.00012
54   54  41.00016
55   55  39.00578
56   56  41.99999
57   57  53.00172
58   58  58.00239
59   59  63.00018
60   60  62.00001
61   61  80.00011
62   62  61.00000
63   63  61.00064
64   64  68.00002
65   65  82.01616
66   66  75.00000
67   67  80.00000
68   68  82.00083
69   69  52.97773
70   70  88.95551
71   71  95.00065
72   72  89.02943
73   73  93.99974
74   74  95.92030
75   75  95.99967
76   76  95.00000
77   77  94.00000
78   78  92.00009
79   79  91.00010
80   80  16.99339
81   81  89.00000
82   82  95.00040
83   83  18.99998
84   84  78.00046
85   85  73.02681
86   86  67.00164
87   87  62.00261
88   88  13.99000
89   89  32.00113
90   90  37.99995
91   91  43.99948
92   92  50.99999
93   93  60.99969
94   94  73.99992
95   95  76.99999
96   96  76.99439
97   97  76.99881
98   98  76.00255
99   99  77.00286
100 100  77.99986
