                 
1     1 72.999999
2     2 69.998429
3     3 67.999859
4     4 13.000007
5     5 12.000240
6     6 13.000007
7     7 65.999870
8     8 64.999759
9     9 63.999651
10   10  6.000136
11   11  7.000304
12   12 60.999999
13   13  3.000176
14   14  2.000270
15   15 46.999847
16   16 57.999085
17   17 45.999997
18   18 45.999412
19   19 46.000000
20   20 46.996616
21   21 44.999207
22   22 41.999225
23   23 38.999624
24   24 36.999997
25   25 34.999061
26   26 55.000001
27   27 59.000382
28   28 64.000260
29   29 67.000109
30   30 72.000009
31   31 55.999995
32   32 56.999738
33   33 81.000142
34   34 78.000044
35   35 84.012467
36   36 78.000074
37   37 76.000025
38   38 79.000840
39   39 78.000044
40   40 78.000000
41   41 78.000066
42   42 77.000006
43   43 79.000033
44   44 78.000067
45   45 75.000000
46   46 76.000017
47   47 77.000019
48   48 77.000030
49   49 78.000008
50   50 77.000053
51   51 77.000008
52   52 59.962898
53   53 84.000027
54   54 66.999613
55   55 71.000046
56   56 51.989664
57   57 43.999953
58   58 10.999888
59   59  1.999862
60   60 15.000000
61   61 51.999839
62   62 83.999990
63   63 48.999461
64   64 53.999964
65   65 83.000105
66   66 74.000360
67   67 74.000000
68   68 70.000426
69   69 84.000001
70   70 78.000072
71   71 72.000047
72   72 72.000042
73   73 67.000173
74   74 82.024601
75   75 83.000160
76   76 79.000042
77   77 25.999826
78   78 34.999871
79   79 53.985216
80   80 64.000183
81   81  7.999925
82   82 65.000045
83   83 61.000026
84   84 74.000227
85   85 45.999748
86   86 48.999900
87   87 48.999854
88   88 49.999944
89   89 73.000000
90   90  3.999703
91   91 45.999758
92   92  3.999921
93   93 34.999886
94   94 63.000590
95   95 62.000011
96   96 63.000043
97   97 84.000132
98   98 57.000072
99   99 73.000006
100 100 82.000020
101 101 60.000013
102 102 40.999966
103 103  7.000000
104 104 29.999791
105 105 44.999810
106 106 42.998884
107 107  2.999818
108 108 82.000000
109 109 56.001486
110 110 10.999939
111 111 10.999886
112 112 20.999864
113 113 39.999638
114 114 80.000018
115 115 57.000383
116 116  5.999995
117 117 51.000165
118 118 56.000816
119 119  4.999993
120 120 53.000435
121 121 80.000127
122 122 70.000004
123 123 58.000002
124 124 50.000107
125 125 74.999994
126 126 26.000154
127 127 26.000033
128 128 31.000105
129 129 33.000591
130 130 35.000266
131 131 38.000236
132 132 40.000102
133 133 51.000108
134 134 47.000263
135 135 41.000001
136 136 60.003489
137 137 50.000174
138 138 31.999961
139 139 54.000509
140 140 54.000121
141 141 61.000284
142 142 56.000298
143 143 58.000468
144 144 59.015184
145 145 57.000001
146 146 60.000019
147 147 59.000580
148 148 60.000007
149 149 61.000616
150 150 61.000915
151 151 61.000002
152 152 61.000910
153 153 58.000126
154 154 59.000772
155 155 58.000001
156 156 59.000001
157 157 55.000378
158 158 56.000001
159 159 54.022130
160 160 53.000117
161 161 54.000002
162 162 50.000025
163 163 49.000319
164 164 51.000039
165 165 48.000400
166 166 43.000149
167 167 17.999574
168 168 20.998637
169 169 22.999993
170 170 24.999977
171 171 26.999992
172 172 29.999221
173 173 29.998744
174 174 31.999988
175 175 32.999990
176 176 36.995803
177 177 36.997943
178 178 36.999968
179 179 43.999993
180 180 44.999748
181 181 30.999166
182 182 50.999998
183 183 50.999902
184 184 25.999943
185 185 55.999951
186 186 56.999255
187 187 57.999901
188 188 32.999978
189 189  5.001435
190 190  9.000456
191 191  5.000668
192 192 11.000065
193 193 13.011022
194 194 15.000072
195 195 17.000015
196 196 12.000020
197 197 13.000001
198 198 14.000127
199 199 14.000489
200 200 14.000002
