1     1   201.9987
2     2   200.9999
3     3   201.9989
4     4   200.9998
5     5   210.9999
6     6   202.9991
7     7   188.9998
8     8   198.9980
9     9   202.0000
10   10   207.9997
11   11   200.0000
12   12   199.9997
13   13   200.9999
14   14   201.9990
15   15   201.9997
16   16   204.0000
17   17   201.9988
18   18   199.9996
19   19   200.9899
20   20   200.9999
21   21   203.9999
22   22   200.9985
23   23   200.9999
24   24   201.0000
25   25   203.9997
26   26   200.9998
27   27   201.0000
28   28   201.9990
29   29   197.0000
30   30   200.9994
31   31   200.9996
32   32   200.9997
33   33   200.9995
34   34   201.9990
35   35   202.9998
36   36   201.9999
37   37   202.9997
38   38   200.9994
39   39   200.9942
40   40   201.9999
41   41   200.9998
42   42   200.9994
43   43   200.9970
44   44   200.9998
45   45   200.9992
46   46   200.9972
47   47   197.9995
48   48   201.9993
49   49   199.0000
50   50   200.9998
51   51   201.0000
52   52   201.9998
53   53   198.0000
54   54   197.9988
55   55   200.9994
56   56   201.0000
57   57   199.0000
58   58   200.9999
59   59   199.0000
60   60   201.9996
61   61   203.0000
62   62   200.9982
63   63   200.9998
64   64   202.9999
65   65   200.9999
66   66   200.9996
67   67   205.9984
68   68   200.9997
69   69   200.9996
70   70   200.9984
71   71   201.9987
72   72   200.9992
73   73   202.9998
74   74   198.9993
75   75   200.9997
76   76   201.0000
77   77   201.9998
78   78   200.9999
79   79   202.0000
80   80   200.9991
81   81   201.9999
82   82   201.0000
83   83   200.9990
84   84   203.0000
85   85   201.0000
86   86   201.9998
87   87   209.0000
88   88   201.9998
89   89   201.9976
90   90   202.9995
91   91   200.9993
92   92   198.9998
93   93   200.9999
94   94   202.0000
95   95   199.9999
96   96   204.0000
97   97   198.9991
98   98   200.9998
99   99   200.9976
100 100   199.9972
101 101   200.9876
102 102   200.9986
103 103   200.9983
104 104   200.9955
105 105   204.9992
106 106   199.9995
107 107   201.9994
108 108   200.9995
109 109   198.9936
110 110   203.9999
111 111   204.0000
112 112   199.9991
113 113   200.9990
114 114   200.9994
115 115   200.9996
116 116   201.9998
117 117   200.0000
118 118   200.0000
119 119   202.0000
120 120   200.9996
121 121   200.9999
122 122   200.9989
123 123   201.9992
124 124   200.9995
125 125   201.9992
126 126   204.9998
127 127   203.0000
128 128   201.9995
129 129   197.0000
130 130   201.9999
131 131   201.0000
132 132   200.9983
133 133   202.0000
134 134   202.0000
135 135   200.9931
136 136   202.9999
137 137   200.9999
138 138   200.9997
139 139   201.9999
140 140   201.9753
141 141   199.9999
142 142   200.9999
143 143   200.9989
144 144   201.9997
145 145   200.9999
146 146   209.0000
147 147   204.9994
148 148   200.9989
149 149   200.9979
150 150   221.9996
151 151   201.9998
152 152   199.9998
153 153   200.0000
154 154   197.9986
155 155   200.9993
156 156   200.9482
157 157   203.9997
158 158   200.9999
159 159   200.9999
160 160   203.0000
161 161   209.9998
162 162   199.9999
163 163   201.0000
164 164   201.0000
165 165   200.9998
166 166   200.9999
167 167   199.9999
168 168   197.9996
169 169   200.0000
170 170   200.9999
171 171   202.9993
172 172   201.0000
173 173   200.0000
174 174   202.9999
175 175   199.0000
176 176   199.0000
177 177   200.9995
178 178   201.0000
179 179   201.9999
180 180   200.9195
181 181   200.9996
182 182   201.0000
183 183   200.9995
184 184   201.0000
185 185   202.9989
186 186   200.9998
187 187   207.9995
188 188   200.9963
189 189   199.9998
190 190   200.9990
191 191   203.9997
192 192   201.9988
193 193   201.0000
194 194   200.9997
195 195   202.9996
196 196   200.9999
197 197   200.9990
198 198   198.9982
199 199   201.0000
200 200   199.9999
201 201   200.9998
202 202   199.9999
203 203   198.9999
204 204   202.9997
205 205   185.0000
206 206   203.9999
207 207   198.9996
208 208   201.0000
209 209   196.9969
210 210   202.9985
211 211   201.0000
212 212   201.0000
213 213   199.9993
214 214   200.9997
215 215   207.9997
216 216   202.0000
217 217   201.0000
218 218   201.0000
219 219   211.9997
220 220   200.9998
221 221   199.9999
222 222   200.9999
223 223   200.9997
224 224   200.9990
225 225   200.9996
226 226   199.9996
227 227   201.9998
228 228   201.9999
229 229   200.9995
230 230   200.9999
231 231   200.9990
232 232   202.9992
233 233   200.9997
234 234   200.9998
235 235   200.9997
236 236   199.0000
237 237   200.9973
238 238   212.0000
239 239   200.9986
240 240   199.9987
241 241   200.9731
242 242   199.9999
243 243   201.0000
244 244   200.9997
245 245   202.9990
246 246   201.9916
247 247   201.0000
248 248   200.9998
249 249   206.9963
250 250   196.9989
251 251   201.0000
252 252   203.9999
253 253   201.9999
254 254   204.9991
255 255   200.0000
256 256   201.0000
257 257   204.9994
258 258   201.9999
259 259   200.9998
260 260   200.9997
261 261   201.9997
262 262   205.0000
263 263   200.0000
264 264   200.9999
265 265   200.9983
266 266   200.0000
267 267   200.9999
268 268   201.0000
269 269   200.9998
270 270   201.9995
271 271   200.9985
272 272   202.9999
273 273   199.9994
274 274   199.9999
275 275   201.9997
276 276   200.9996
277 277   200.9997
278 278   202.0000
279 279   200.9998
280 280   200.9999
281 281   199.9997
282 282   205.9999
283 283   200.9984
284 284   199.9982
285 285   201.0000
286 286   200.9997
287 287   201.0000
288 288   199.9993
289 289   201.9996
290 290   207.9994
291 291   200.9939
292 292   200.9998
293 293   198.9995
294 294   202.0000
295 295   200.9997
296 296   200.9993
297 297   201.0000
298 298   203.0000
299 299   201.9995
300 300   200.9998
301 301   197.0000
302 302   201.0000
303 303   203.9999
304 304   203.9996
305 305   201.0000
306 306   201.9999
307 307   201.0000
308 308   199.9999
309 309   200.9998
310 310   203.0000
311 311   199.9994
312 312   195.9996
313 313   200.0000
314 314   200.9999
315 315   200.9998
316 316   201.0000
317 317   200.0000
318 318   203.9997
319 319   200.9979
320 320   200.9999
321 321   199.9992
322 322   198.9992
323 323   201.9998
324 324   199.9997
325 325   200.9994
326 326   201.0000
327 327   200.9983
328 328   201.0000
329 329   200.9990
330 330   200.9999
331 331   201.0000
332 332   201.9994
333 333   200.9998
334 334   201.0000
335 335   202.9998
336 336   200.9997
337 337   201.9996
338 338   201.9997
339 339   200.9998
340 340   204.9978
341 341   199.9998
342 342   200.9987
343 343   200.9999
344 344   201.9999
345 345   200.0000
346 346   201.0000
347 347   201.9999
348 348   195.9997
349 349   200.9997
350 350   201.9967
351 351   202.9997
352 352   197.9989
353 353   200.9998
354 354   201.9998
355 355   200.9970
356 356   200.9999
357 357   203.0000
358 358   200.9995
359 359   200.9998
360 360   201.9997
361 361   194.9990
362 362   199.9991
363 363   203.9992
364 364   200.9999
365 365   201.9999
366 366   200.9999
367 367   200.9999
368 368   200.9996
369 369   200.9990
370 370   201.9982
371 371   200.9999
372 372   201.9999
373 373   201.9999
374 374   200.9996
375 375   200.9890
376 376   200.9996
377 377   203.9999
378 378   200.9999
379 379   200.9998
380 380   200.9991
381 381   200.9995
382 382   201.0000
383 383   200.9995
384 384   200.0000
385 385   200.9990
386 386   206.9999
387 387   200.9999
388 388   199.9915
389 389   200.9969
390 390   202.9993
391 391   200.9998
392 392   200.9999
393 393   200.9734
394 394   198.9999
395 395   195.0000
396 396   201.9888
397 397   202.9996
398 398   200.9999
399 399   200.9986
400 400   201.0000
