1     1   200.9995
2     2   200.9647
3     3   200.9995
4     4   200.9757
5     5   200.9986
6     6   200.9997
7     7   200.9999
8     8   201.0000
9     9   200.9997
10   10   200.9995
11   11   200.9999
12   12   201.0000
13   13   200.9779
14   14   200.9997
15   15   200.9990
16   16   200.9991
17   17   201.0000
18   18   200.9993
19   19   200.9996
20   20   200.9994
21   21   200.9991
22   22   201.0000
23   23   200.9991
24   24   200.9999
25   25   201.0000
26   26   200.9997
27   27   200.9998
28   28   200.9997
29   29   200.9995
30   30   200.9981
31   31   200.9997
32   32   200.9999
33   33   200.9554
34   34   200.9996
35   35   200.9996
36   36   200.9996
37   37   200.9994
38   38   200.9996
39   39   200.9996
40   40   200.9460
41   41   200.9993
42   42   200.9996
43   43   200.9998
44   44   200.9998
45   45   200.9999
46   46   200.9999
47   47   200.9994
48   48   200.9996
49   49   200.9999
50   50   200.9996
51   51   200.9665
52   52   200.9997
53   53   200.9992
54   54   200.9692
55   55   200.9996
56   56   200.9996
57   57   200.9998
58   58   200.9996
59   59   200.9999
60   60   200.9998
61   61   200.9999
62   62   200.9999
63   63   200.9999
64   64   200.9994
65   65   200.8574
66   66   200.9999
67   67   200.9999
68   68   200.9991
69   69   200.9537
70   70   200.9733
71   71   200.9598
72   72   200.9998
73   73   200.9999
74   74   200.9996
75   75   200.9993
76   76   200.9997
77   77   200.9997
78   78   200.9999
79   79   200.9994
80   80   201.0000
81   81   201.0000
82   82   200.9993
83   83   200.9991
84   84   200.9994
85   85   200.9996
86   86   200.9996
87   87   200.9998
88   88   201.0000
89   89   200.9991
90   90   200.9657
91   91   200.9995
92   92   200.9996
93   93   200.9996
94   94   200.9998
95   95   200.9718
96   96   200.9991
97   97   200.9987
98   98   200.9998
99   99   200.9996
100 100   200.9992
101 101   200.9998
102 102   200.9995
103 103   200.9578
104 104   200.9997
105 105   200.9995
106 106   200.9994
107 107   200.9999
108 108   200.9997
109 109   200.9999
110 110   200.9998
111 111   200.9998
112 112   200.9692
113 113   200.9995
114 114   201.0000
115 115   200.9999
116 116   200.8803
117 117   200.9754
118 118   200.9995
119 119   200.9998
120 120   200.9738
121 121   200.9999
122 122   200.9999
123 123   201.0000
124 124   200.9711
125 125   200.9994
126 126   200.9996
127 127   200.9998
128 128   201.0000
129 129   201.0000
130 130   200.9992
131 131   200.9994
132 132   200.9996
133 133   200.9991
134 134   201.0000
135 135   201.0000
136 136   200.9768
137 137   201.0000
138 138   200.9997
139 139   200.9995
140 140   200.9992
141 141   200.9998
142 142   200.9525
143 143   200.9997
144 144   200.9998
145 145   200.9999
146 146   200.9999
147 147   201.0000
148 148   200.9995
149 149   200.9988
150 150   200.9997
151 151   200.9993
152 152   200.9453
153 153   200.9992
154 154   200.9690
155 155   200.9995
156 156   200.9745
157 157   200.9996
158 158   200.9673
159 159   200.9991
160 160   200.9997
161 161   200.9997
162 162   200.9997
163 163   200.9997
164 164   200.9995
165 165   201.0000
166 166   200.9667
167 167   200.9998
168 168   200.9996
169 169   200.9996
170 170   200.9994
171 171   201.0000
172 172   200.9998
173 173   201.0000
174 174   200.9993
175 175   200.9998
176 176   201.0000
177 177   200.9676
178 178   200.9997
179 179   200.9997
180 180   200.9998
181 181   200.9673
182 182   200.9478
183 183   200.9994
184 184   200.9995
185 185   200.9999
186 186   200.9996
187 187   200.9998
188 188   200.9997
189 189   200.9998
190 190   200.9999
191 191   200.9998
192 192   201.0000
193 193   200.9998
194 194   200.9998
195 195   200.9713
196 196   200.9991
197 197   200.9616
198 198   200.9779
199 199   200.9993
200 200   200.9998
201 201   200.9993
202 202   200.9999
203 203   200.9997
204 204   200.9989
205 205   200.9991
206 206   200.9998
207 207   200.9995
208 208   200.9997
209 209   200.9997
210 210   200.9721
211 211   200.9997
212 212   200.9998
213 213   200.9999
214 214   200.9998
215 215   200.9995
216 216   200.9998
217 217   200.9997
218 218   200.9693
219 219   200.9996
220 220   200.9992
221 221   200.9997
222 222   201.0000
223 223   200.9997
224 224   200.9995
225 225   200.9992
226 226   200.9996
227 227   200.8109
228 228   200.9980
229 229   200.9999
230 230   200.9732
231 231   201.0000
232 232   200.9996
233 233   200.9999
234 234   200.9751
235 235   200.9999
236 236   200.9455
237 237   200.9999
238 238   200.9996
239 239   201.0000
240 240   200.9668
241 241   200.9994
242 242   200.9999
243 243   200.9998
244 244   200.9993
245 245   200.9999
246 246   201.0000
247 247   200.9994
248 248   201.0000
249 249   200.9998
250 250   200.9995
251 251   200.9998
252 252   200.9998
253 253   200.9999
254 254   200.9996
255 255   200.9997
256 256   201.0000
257 257   200.9665
258 258   200.9995
259 259   200.9999
260 260   200.9999
261 261   200.9981
262 262   200.9999
263 263   200.9999
264 264   200.9996
265 265   200.9997
266 266   200.9990
267 267   200.9750
268 268   200.9996
269 269   200.9998
270 270   200.9768
271 271   200.9999
272 272   200.9997
273 273   200.9998
274 274   200.9997
275 275   200.9998
276 276   200.9999
277 277   200.9771
278 278   200.9998
279 279   200.9995
280 280   201.0000
281 281   200.9998
282 282   200.9706
283 283   200.9999
284 284   201.0000
285 285   200.9995
286 286   200.9993
287 287   200.9990
288 288   200.9998
289 289   200.9601
290 290   200.9361
291 291   201.0000
292 292   200.9997
293 293   200.9999
294 294   200.9993
295 295   200.9997
296 296   201.0000
297 297   201.0000
298 298   200.9993
299 299   200.9770
300 300   201.0000
301 301   200.9993
302 302   200.9998
303 303   200.9994
304 304   200.9997
305 305   200.9999
306 306   200.9997
307 307   200.9569
308 308   200.9576
309 309   200.9647
310 310   200.9994
311 311   200.9999
312 312   200.9997
313 313   200.9994
314 314   201.0000
315 315   200.9661
316 316   200.9999
317 317   200.9611
318 318   201.0000
319 319   200.9995
320 320   200.9617
321 321   200.9628
322 322   200.9996
323 323   200.9679
324 324   200.9998
325 325   200.9996
326 326   200.9996
327 327   200.9984
328 328   200.9998
329 329   200.9718
330 330   200.9993
331 331   200.9999
332 332   200.9994
333 333   200.9998
334 334   201.0000
335 335   200.9998
336 336   200.9774
337 337   200.9974
338 338   200.9998
339 339   200.9997
340 340   200.9994
341 341   200.9995
342 342   200.9999
343 343   200.9998
344 344   200.9999
345 345   200.9995
346 346   200.9727
347 347   200.9997
348 348   200.9998
349 349   200.9997
350 350   200.9994
351 351   200.9761
352 352   200.9999
353 353   200.9998
354 354   200.9997
355 355   201.0000
356 356   200.9998
357 357   200.9996
358 358   200.9994
359 359   200.9712
360 360   200.9996
361 361   200.9992
362 362   200.9990
363 363   200.9999
364 364   201.0000
365 365   200.9991
366 366   200.9990
367 367   200.9992
368 368   200.9998
369 369   200.9999
370 370   200.9998
371 371   201.0000
372 372   201.0000
373 373   200.9997
374 374   200.9998
375 375   200.9993
376 376   200.9687
377 377   200.9990
378 378   200.9996
379 379   200.9994
380 380   200.9998
381 381   201.0000
382 382   200.9999
383 383   200.9996
384 384   200.9998
385 385   200.8946
386 386   200.9993
387 387   200.9999
388 388   200.9099
389 389   200.9990
390 390   200.9757
391 391   200.9995
392 392   200.9995
393 393   200.9506
394 394   200.9992
395 395   201.0000
396 396   200.9997
397 397   200.9996
398 398   201.0000
399 399   200.9995
400 400   201.0000
