                 
1     1 243,99972
2     2 191,99927
3     3 189,99411
4     4 201,97384
5     5 198,99999
6     6 200,99972
7     7 208,97603
8     8 200,00000
9     9 189,99930
10   10 191,99994
11   11 194,99648
12   12 242,99999
13   13 210,00000
14   14 152,99926
15   15  67,97624
16   16 200,99979
17   17 207,99751
18   18 199,99732
19   19 199,99949
20   20 192,99995
21   21 202,99992
22   22 203,99905
23   23 204,99766
24   24 197,99973
25   25 186,99986
26   26 207,99848
27   27 323,99567
28   28 197,99965
29   29 193,99785
30   30 200,99896
31   31 201,99935
32   32 200,98795
33   33 205,99974
34   34 198,99668
35   35 201,99108
36   36 203,99970
37   37 201,99969
38   38 206,99938
39   39 204,99999
40   40 201,99966
41   41 200,99855
42   42 216,99576
43   43 172,00000
44   44 184,93143
45   45 180,99983
46   46 182,99974
47   47 199,98376
48   48 201,99452
49   49 201,99998
50   50 202,99959
51   51 199,99985
52   52 193,00000
53   53 212,99608
54   54 303,99911
55   55 165,99990
56   56 197,99749
57   57 199,99783
58   58 141,99942
59   59 199,99993
60   60 191,99980
61   61 202,99993
62   62 193,96353
63   63 216,99997
64   64 193,00000
65   65 183,97938
66   66 197,99976
67   67 150,99877
68   68 200,99999
69   69 231,99998
70   70 188,00000
71   71 195,99829
72   72 227,00000
73   73 212,99958
74   74 207,00000
75   75 181,99997
76   76 204,98807
77   77 253,99068
78   78 310,99707
79   79 210,00000
80   80 218,99737
81   81 234,96792
82   82 208,99999
83   83 194,00000
84   84 203,99866
85   85 201,00000
86   86 219,99069
87   87 227,99315
88   88 196,97772
89   89 202,99963
90   90 264,99985
91   91 225,99926
92   92 200,99997
93   93 219,99604
94   94 199,99878
95   95 201,99997
96   96 192,99990
97   97 196,97676
98   98 195,99738
99   99  61,00000
100 100 199,99974
101 101 187,99992
102 102 226,99945
103 103 201,99998
104 104 199,99894
105 105 205,99960
106 106 196,99425
107 107 202,99991
108 108 200,99986
109 109 187,00000
110 110 205,99995
111 111 202,00000
112 112 199,99908
113 113 199,99946
114 114 192,99925
115 115 182,99075
116 116 199,99801
117 117 205,99700
118 118 221,99995
119 119 228,99841
120 120 199,00000
121 121 194,99999
122 122 199,99193
123 123 161,98020
124 124 204,99866
125 125 154,99992
126 126 302,99892
127 127 197,99940
128 128 192,97692
129 129 190,99832
130 130 194,98022
131 131 179,99927
132 132 154,98292
133 133 193,99580
134 134 198,97509
135 135 284,99499
136 136 204,99793
137 137 215,00000
138 138  24,00018
139 139 181,00000
140 140 201,99999
141 141 181,99995
142 142 166,99999
143 143 189,98976
144 144 200,99559
145 145 204,99972
146 146 321,99960
147 147 176,99982
148 148 199,99919
149 149 186,99910
150 150 201,00000
151 151 199,99997
152 152 199,99989
153 153 230,99270
154 154 200,99319
155 155 210,99987
156 156 153,99982
157 157 200,99982
158 158 200,99989
159 159 196,99761
160 160 181,00000
161 161 203,99998
162 162 207,99997
163 163 199,99984
164 164 200,99992
165 165 202,99994
166 166 219,99998
167 167 192,99954
168 168 174,98572
169 169 196,99999
170 170 178,99970
171 171 211,99962
172 172 205,99453
173 173 201,00000
174 174 200,88793
175 175 162,99981
176 176 202,99997
177 177 163,99882
178 178 199,99991
179 179 194,93661
180 180 198,00000
181 181 193,99923
182 182 194,94095
183 183 201,00000
184 184 194,99998
185 185 228,98763
186 186 204,99987
187 187 194,99949
188 188 202,99858
189 189 210,99997
190 190 203,99989
191 191 181,99996
192 192 203,99988
193 193 217,99893
194 194 192,99983
195 195 211,99987
196 196 197,99988
197 197 203,99903
198 198 197,00000
199 199 200,99985
200 200 201,99191
201 201 199,99904
202 202 200,99625
203 203 197,99999
204 204 200,99987
205 205 194,00000
206 206 219,99990
207 207 189,99931
208 208 214,98370
209 209 263,99992
210 210 208,00000
211 211  40,99933
212 212 194,99993
213 213 200,99891
214 214 224,99894
215 215 199,96310
216 216 193,00000
217 217 200,96880
218 218 125,99905
219 219 196,99962
220 220 114,99112
221 221 205,97629
222 222 204,99996
223 223 195,00000
224 224 196,99986
225 225 200,98298
226 226 187,99830
227 227 286,99963
228 228 196,99989
229 229 196,99204
230 230 200,99788
231 231 202,99984
232 232 179,99991
233 233 198,99998
234 234 202,99965
235 235 163,99975
236 236 206,99984
237 237 211,97033
238 238 196,99994
239 239 202,99997
240 240 202,99863
241 241 180,99995
242 242 180,99997
243 243 204,99956
244 244 195,99946
245 245 207,00000
246 246 200,99965
247 247 218,99997
248 248 204,99998
249 249 196,99982
250 250 222,99989
251 251 199,99643
252 252 200,99953
253 253 207,99999
254 254 199,99736
255 255 200,99697
256 256 187,99993
257 257 204,99975
258 258 204,99992
259 259 207,99993
260 260 103,99991
261 261 195,96502
262 262 206,99999
263 263 163,99996
264 264 215,99997
265 265 191,99948
266 266 204,99473
267 267 203,99966
268 268 213,99998
269 269 246,99918
270 270 199,00000
271 271 201,99963
272 272 205,00000
273 273 220,00000
274 274 207,00000
275 275 198,99714
276 276 185,94658
277 277 183,99841
278 278 202,99967
279 279 196,00000
280 280 214,99999
281 281 215,98979
282 282 198,99997
283 283 203,99887
284 284 198,99982
285 285 236,99838
286 286 201,99997
287 287 194,99614
288 288 193,99970
289 289 197,99975
290 290 143,99379
291 291 200,99658
292 292 190,98950
293 293 199,97768
294 294 195,99999
295 295 195,99948
296 296 222,99934
297 297 209,99970
298 298 199,99986
299 299 190,99964
300 300 201,99997
301 301 193,99917
302 302 168,99926
303 303 217,99992
304 304 198,99976
305 305 172,97557
306 306 209,98625
307 307 190,99982
308 308 198,99998
309 309 189,99773
310 310 200,99458
311 311 210,99251
312 312 203,99945
313 313 150,99997
314 314 191,00000
315 315 225,99999
316 316 208,99851
317 317 207,99966
318 318 192,99266
319 319 190,99994
320 320 198,92360
321 321 202,99950
322 322 192,96838
323 323 220,97572
324 324 198,99991
325 325 197,99974
326 326 196,97802
327 327 189,99996
328 328 204,99988
329 329 199,99995
330 330 355,99896
331 331 199,99868
332 332 199,99997
333 333 200,99223
334 334 200,97911
335 335 229,99984
336 336 277,00000
337 337 143,97702
338 338 235,99919
339 339 176,99882
340 340 199,99635
341 341 200,99995
342 342 154,99989
343 343 204,99977
344 344 209,99763
345 345 206,99205
346 346 167,99991
347 347 201,99863
348 348 200,99968
349 349 200,99607
350 350 145,00000
351 351 202,96562
352 352  24,99994
353 353 202,00000
354 354 198,99987
355 355 206,99481
356 356 206,99969
357 357 204,99872
358 358 182,99943
359 359 213,98699
360 360 204,99983
361 361 218,00000
362 362 220,99760
363 363 180,00000
364 364 195,99970
365 365 204,99995
366 366 285,99981
367 367 174,99989
368 368 145,98635
369 369 198,99734
370 370 200,99842
371 371 199,97244
372 372 202,99973
373 373 208,99802
374 374 202,99993
375 375 192,99138
376 376 205,99975
377 377 178,99960
378 378 198,99982
379 379 186,00000
380 380 207,99983
381 381 156,99921
382 382 214,99994
383 383 181,99963
384 384 200,99997
385 385 189,99612
386 386 200,98283
387 387 201,99981
388 388 270,00000
389 389 196,99998
390 390 177,99998
391 391 201,99968
392 392 204,99997
393 393 194,99995
394 394 163,98866
395 395 238,99996
396 396 174,99864
397 397 219,98735
398 398 204,99992
399 399 231,99999
400 400 190,95606
