                 
1     1  53.00000
2     2  89.00483
3     3  89.00054
4     4  90.99786
5     5  90.00361
6     6  17.99170
7     7  15.99981
8     8  37.99982
9     9  32.99993
10   10  16.98413
11   11  16.98592
12   12  24.00000
13   13  29.99962
14   14  16.00000
15   15  35.00052
16   16  18.99894
17   17  45.00393
18   18  92.00702
19   19  62.00004
20   20  97.00006
21   21  97.03791
22   22  19.98049
23   23 103.01972
24   24  19.99971
25   25  92.02787
26   26  17.99962
27   27  19.99947
28   28  15.99994
29   29  15.95568
30   30  19.96329
31   31  19.99742
32   32  17.98746
33   33  17.99797
34   34  16.99949
35   35  18.99764
36   36  18.00000
37   37  76.00004
38   38  19.99931
39   39  69.00323
40   40  72.00000
41   41  76.00767
42   42  20.99481
43   43  71.00040
44   44  63.00001
45   45  65.00004
46   46  49.00000
47   47  39.00090
48   48  45.00000
49   49  48.00004
50   50  83.00007
51   51  45.99972
52   52  43.00850
53   53  45.00177
54   54  43.02331
55   55  38.00050
56   56  99.05348
57   57  53.00143
58   58  58.00406
59   59  62.00000
60   60  64.00024
61   61  79.00056
62   62  61.00038
63   63  61.00043
64   64  66.00032
65   65  70.00002
66   66  76.99499
67   67  14.99867
68   68  82.87988
69   69  62.93580
70   70  87.99281
71   71  90.00015
72   72  91.00002
73   73  91.99901
74   74  99.99932
75   75  95.99989
76   76  94.00013
77   77  91.03720
78   78  90.00006
79   79  89.00001
80   80  38.99836
81   81  89.07447
82   82  83.01357
83   83  16.00000
84   84  88.00009
85   85  74.01261
86   86  67.00013
87   87  62.00002
88   88  28.99378
89   89  32.00003
90   90  37.99639
91   91  43.97064
92   92  50.99998
93   93  59.99909
94   94  72.00000
95   95  88.99999
96   96  75.98192
97   97  88.00022
98   98  90.00023
99   99  89.00104
100 100  52.99834
