1     1   152.0000
2     2   151.9998
3     3   152.9999
4     4   153.9987
5     5   155.9998
6     6   154.9990
7     7   159.0000
8     8   160.9989
9     9   159.9997
10   10   158.9994
11   11   156.9994
12   12   156.9997
13   13   153.9997
14   14   151.9993
15   15   149.0000
16   16   148.9999
17   17   146.9997
18   18   148.9997
19   19   147.0000
20   20   147.9996
21   21   149.9997
22   22   149.9997
23   23   151.0000
24   24   151.0000
25   25   148.9943
26   26   147.9999
27   27   146.9997
28   28   144.9992
29   29   141.9992
30   30   137.9999
31   31   136.0000
32   32   134.9994
33   33   132.9996
34   34   131.9991
35   35   131.9981
36   36   131.9994
37   37   131.9995
38   38   132.9992
39   39   133.0000
40   40   131.9997
41   41   129.9995
42   42   128.9998
43   43   126.0000
44   44   123.9998
45   45   119.9956
46   46   117.9998
47   47   116.9996
48   48   113.0000
49   49   110.9993
50   50   111.0000
51   51   108.9998
52   52   110.9995
53   53   114.9997
54   54   118.0000
55   55   119.9993
56   56   122.9996
57   57   123.9998
58   58   126.9996
59   59   125.9991
60   60   126.9996
61   61   127.9998
62   62   127.0000
63   63   126.9999
64   64   125.9994
65   65   128.0000
66   66   129.0000
67   67   129.9990
68   68   133.9997
69   69   136.9988
70   70   140.9979
71   71   141.9996
72   72   144.9424
73   73   145.9996
74   74   146.9989
75   75   144.9987
76   76   145.9849
77   77   144.9993
78   78   144.9998
79   79   144.9999
80   80   143.9996
81   81   142.0000
82   82   144.9991
83   83   146.9980
84   84   150.9999
85   85   150.9993
86   86   152.9976
87   87   158.0000
88   88   159.0000
89   89   157.9997
90   90   158.0000
91   91   157.9989
92   92   156.9994
93   93   155.9994
94   94   155.0000
95   95   151.9999
96   96   155.0000
97   97   153.0000
98   98   150.9987
99   99   152.9975
100 100   155.0000
101 101   160.0000
102 102   159.0000
103 103   159.9989
104 104   159.9983
105 105   161.0000
106 106   163.9999
107 107   159.9998
108 108   155.9990
109 109   154.0000
110 110   152.0000
111 111   151.9985
112 112   150.0000
113 113   148.9987
114 114   149.9995
115 115   150.9993
116 116   150.9992
117 117   152.0000
118 118   152.9997
119 119   157.9997
120 120   153.9996
121 121   153.0000
122 122   151.9999
123 123   150.0000
124 124   150.9995
125 125   148.9994
126 126   141.9982
127 127   135.0000
128 128   139.9986
129 129   138.9979
130 130   137.9999
131 131   135.9999
132 132   136.9993
133 133   136.9991
134 134   137.9985
135 135   137.9998
136 136   137.9999
137 137   136.9999
138 138   131.0000
139 139   135.9998
140 140   129.9996
141 141   126.9998
142 142   125.9995
143 143   122.9989
144 144   118.9998
145 145   116.9999
146 146   118.9993
147 147   114.9399
148 148   114.9988
149 149   113.9997
150 150   113.9998
151 151   107.0008
152 152   110.0000
153 153   110.0000
154 154   114.0469
155 155   115.0007
156 156   117.0000
157 157   120.0004
158 158   124.0008
159 159   126.0000
160 160   128.0003
161 161   130.0004
162 162   131.0002
163 163   131.0001
164 164   131.0001
165 165   130.0003
166 166   131.0002
167 167   131.0006
168 168   131.0001
169 169   126.0001
170 170   133.0000
171 171   136.0000
172 172   138.0006
173 173   139.0054
174 174   143.0004
175 175   147.0004
176 176   148.0000
177 177   149.0003
178 178   148.0002
179 179   148.0004
180 180   148.0000
181 181   147.0010
182 182   147.0001
183 183   147.0013
184 184   141.0002
185 185   147.0013
186 186   146.0009
187 187   149.0009
188 188   150.0001
189 189   153.0000
190 190   159.0002
191 191   157.0006
192 192   158.0007
193 193   160.0000
194 194   158.0005
195 195   158.0012
196 196   155.0002
197 197   155.0016
198 198   155.0005
199 199   148.0004
200 200   151.0020
201 201   151.0001
202 202   151.0002
203 203   152.0002
204 204   154.0000
205 205   155.0002
206 206   157.0001
207 207   158.0030
208 208   159.0001
209 209   160.0003
210 210   159.0015
211 211   159.0010
212 212   156.0000
213 213   155.0000
214 214   151.0000
215 215   145.0004
216 216   147.0001
217 217   146.0010
218 218   146.0002
219 219   144.0040
220 220   146.0000
221 221   148.0000
222 222   148.0002
223 223   149.0002
224 224   149.0001
225 225   148.0024
226 226   147.0001
227 227   147.0007
228 228   143.0003
229 229   140.0002
230 230   138.0002
231 231   137.0005
232 232   133.0002
233 233   129.0002
234 234   127.0001
235 235   129.0021
236 236   131.0001
237 237   133.0000
238 238   131.0000
239 239   130.0000
240 240   131.0000
241 241   130.0005
242 242   128.0045
243 243   128.0010
244 244   122.0002
245 245   119.0000
246 246   117.0000
247 247   115.0000
248 248   112.0004
249 249   110.0000
250 250   109.0004
251 251   107.0002
252 252   111.0093
253 253   114.0004
254 254   115.0009
255 255   121.0008
256 256   122.0000
257 257   123.0061
258 258   125.0012
259 259   126.0000
260 260   125.0000
261 261   126.0009
262 262   125.0002
263 263   125.0000
264 264   126.0000
265 265   127.0014
266 266   127.0001
267 267   130.0000
268 268   127.0001
269 269   134.0000
270 270   141.0009
271 271   142.0000
272 272   143.0010
273 273   145.0001
274 274   146.0009
275 275   146.0057
276 276   148.0000
277 277   144.0001
278 278   146.0003
279 279   144.0007
280 280   143.0030
281 281   143.0001
282 282   144.0001
283 283   147.0000
284 284   148.0005
285 285   151.0001
286 286   152.0001
287 287   156.0002
288 288   156.0001
289 289   158.0027
290 290   156.0002
291 291   157.0007
292 292   156.0009
293 293   155.0000
294 294   153.0000
295 295   152.0010
296 296   150.0012
297 297   150.0000
298 298   150.0007
299 299   152.0001
300 300   154.0001
301 301   154.0000
302 302   157.0598
303 303   159.0002
304 304   160.0002
305 305   158.0005
306 306   159.0131
307 307   159.0001
308 308   156.0002
309 309   155.0005
310 310   152.0004
311 311   149.0011
312 312   148.0004
313 313   151.0004
314 314   149.0049
315 315   148.0002
316 316   149.0008
317 317   145.0001
318 318   153.0000
319 319   145.0000
320 320   153.0000
321 321   152.0004
322 322   151.0004
323 323   150.0000
324 324   147.0006
325 325   143.0002
326 326   142.0006
327 327   140.0009
328 328   137.0001
329 329   136.0003
330 330   137.0042
331 331   134.0002
332 332   136.0005
333 333   137.0000
334 334   137.0000
335 335   138.0002
336 336   136.0002
337 337   133.0005
338 338   136.0000
339 339   131.0031
340 340   129.0001
341 341   127.0000
342 342   127.0017
343 343   120.0005
344 344   118.0003
345 345   115.0017
346 346   115.0005
347 347   116.0000
348 348   113.0001
349 349   113.0014
350 350   114.0019
351 351   110.9995
352 352   109.9985
353 353   110.0000
354 354   112.9991
355 355   115.9995
356 356   117.9987
357 357   116.9999
358 358   121.9982
359 359   128.0000
360 360   128.9999
361 361   131.0000
362 362   131.9996
363 363   134.9954
364 364   132.9997
365 365   131.9986
366 366   132.9995
367 367   131.9997
368 368   132.9998
369 369   131.9998
370 370   138.9999
371 371   136.9987
372 372   130.9990
373 373   142.0000
374 374   142.0000
375 375   147.0000
376 376   151.9960
377 377   154.9999
378 378   151.0000
379 379   149.9992
380 380   149.9998
381 381   147.0000
382 382   148.0000
383 383   146.9970
384 384   148.0000
385 385   146.9998
386 386   144.9992
387 387   149.9934
388 388   152.0000
389 389   153.9992
390 390   156.9994
391 391   156.9995
392 392   161.9987
393 393   159.9985
394 394   163.9998
395 395   161.9995
396 396   157.9996
397 397   156.9998
398 398   153.9258
399 399   153.9999
400 400   152.9999
