                  
1     1 119.999999
2     2   2.999991
3     3   2.947901
4     4  73.999978
5     5  74.999999
6     6 108.007323
7     7   3.000000
8     8   2.999729
9     9   3.999948
10   10   3.990751
11   11  96.999999
12   12  92.999998
13   13  86.999999
14   14  85.999998
15   15  86.000000
16   16   3.999982
17   17  83.999998
18   18  83.999999
19   19  81.999998
20   20  78.000063
21   21  80.999999
22   22  77.005790
23   23  79.999999
24   24  78.999998
25   25  78.999999
26   26  77.000108
27   27  78.999999
28   28  75.024140
29   29  78.999999
30   30  21.000000
31   31  78.999999
32   32  79.000000
33   33  20.999885
34   34  79.000000
35   35   2.999682
36   36   6.999942
37   37  78.999997
38   38   8.998631
39   39  78.999999
40   40  78.999997
41   41  78.004297
42   42  79.000000
43   43  78.999999
44   44  77.000102
45   45  78.999998
46   46  77.000130
47   47  76.000040
48   48  77.999999
49   49  77.999999
50   50  76.000000
51   51  73.007755
52   52  75.999998
53   53  75.999999
54   54  75.999999
55   55  74.999999
56   56  74.999998
57   57  74.999999
58   58  74.999998
59   59  74.999998
60   60  74.999999
61   61  73.999999
62   62  70.000061
63   63  72.017868
64   64  73.999999
65   65  73.999999
66   66  74.000000
67   67  73.999999
68   68   2.999596
69   69  73.999999
70   70  73.999999
71   71  74.000000
72   72  73.999999
73   73   2.959528
74   74   7.999933
75   75  74.000000
76   76  74.000000
77   77  72.000513
78   78  73.999999
79   79  74.000000
80   80   2.988894
81   81   2.995016
82   82  73.999998
83   83  72.999999
84   84  72.999997
85   85  72.999998
86   86  73.000000
87   87   2.999063
88   88   2.999840
89   89  72.999998
90   90  72.999999
91   91   2.999920
92   92  68.999998
93   93   2.989862
94   94  68.999999
95   95   2.961675
96   96  61.000018
97   97  63.999998
98   98   2.999470
99   99   2.999999
100 100  61.001437
