1     1   200.0000
2     2   200.0006
3     3   200.0014
4     4   200.0001
5     5   200.0001
6     6   200.0006
7     7   200.0005
8     8   200.0000
9     9   197.0006
10   10   199.0004
11   11   200.0007
12   12   200.0010
13   13   202.0052
14   14   200.0000
15   15   201.0000
16   16   199.0003
17   17   200.0016
18   18   199.0003
19   19   199.0005
20   20   200.0001
21   21   202.0002
22   22   200.0000
23   23   201.0021
24   24   198.0000
25   25   201.0008
26   26   200.0006
27   27   200.0003
28   28   199.0002
29   29   200.0009
30   30   201.0016
31   31   200.0002
32   32   200.0000
33   33   200.0002
34   34   199.0006
35   35   201.0005
36   36   200.0002
37   37   200.0004
38   38   200.0002
39   39   200.0042
40   40   200.0006
41   41   200.0194
42   42   200.0002
43   43   200.0012
44   44   200.0000
45   45   200.0000
46   46   200.0943
47   47   200.0018
48   48   199.0000
49   49   200.0004
50   50   200.0004
51   51   200.0000
52   52   199.0045
53   53   199.0007
54   54   200.0075
55   55   200.0009
56   56   200.0003
57   57   198.0006
58   58   200.0002
59   59   200.0000
60   60   195.0002
61   61   200.0005
62   62   200.0000
63   63   200.0003
64   64   197.0015
65   65   200.0000
66   66   200.0052
67   67   200.0001
68   68   200.0006
69   69   200.0010
70   70   201.0000
71   71   200.0003
72   72   200.0400
73   73   200.0006
74   74   201.0001
75   75   200.0000
76   76   200.0005
77   77   200.0001
78   78   200.0010
79   79   201.0005
80   80   200.0003
81   81   200.0044
82   82   201.0002
83   83   200.0000
84   84   200.0000
85   85   200.0002
86   86   200.0007
87   87   200.0003
88   88   200.0003
89   89   200.0006
90   90   200.0002
91   91   200.0000
92   92   200.0000
93   93   200.0000
94   94   200.0004
95   95   200.0004
96   96   202.0000
97   97   200.0003
98   98   200.0000
99   99   200.0000
100 100   201.0000
101 101   200.0000
102 102   200.0685
103 103   199.0000
104 104   200.0003
105 105   201.0001
106 106   200.0004
107 107   200.0001
108 108   200.0000
109 109   200.0013
110 110   199.0000
111 111   199.0000
112 112   200.0003
113 113   200.0003
114 114   200.0006
115 115   199.0112
116 116   200.0015
117 117   200.0006
118 118   202.0009
119 119   200.0001
120 120   197.0003
121 121   197.0001
122 122   200.0005
123 123   200.0002
124 124   199.0005
125 125   199.0001
126 126   199.0004
127 127   199.0006
128 128   201.0000
129 129   200.0004
130 130   200.0002
131 131   200.0005
132 132   200.0009
133 133   200.0001
134 134   200.0004
135 135   201.0011
136 136   200.0006
137 137   200.0004
138 138   200.0033
139 139   199.0004
140 140   199.0749
141 141   201.0097
142 142   200.0000
143 143   199.0002
144 144   200.0022
145 145   200.0004
146 146   197.0009
147 147   200.0007
148 148   200.0027
149 149   200.0475
150 150   200.0045
151 151   202.0000
152 152   199.0003
153 153   200.0004
154 154   199.0000
155 155   200.0041
156 156   200.0000
157 157   200.0000
158 158   200.0001
159 159   200.0004
160 160   200.0000
161 161   200.0000
162 162   201.0017
163 163   199.0001
164 164   199.0002
165 165   200.0003
166 166   204.0000
167 167   198.0067
168 168   200.0002
169 169   196.0002
170 170   200.0000
171 171   199.0004
172 172   201.0002
173 173   200.0009
174 174   199.0005
175 175   200.0022
176 176   202.0000
177 177   200.0005
178 178   199.0005
179 179   200.0000
180 180   198.0000
181 181   200.0025
182 182   200.0014
183 183   200.0000
184 184   199.0001
185 185   200.0029
186 186   202.0005
187 187   199.0002
188 188   200.0000
189 189   200.0001
190 190   200.0020
191 191   200.0004
192 192   200.0007
193 193   200.0260
194 194   200.0165
195 195   202.0004
196 196   199.0003
197 197   203.0000
198 198   200.0004
199 199   200.0001
200 200   201.0040
201 201   200.0000
202 202   200.0002
203 203   200.0007
204 204   201.0003
205 205   200.0018
206 206   200.0000
207 207   196.0000
208 208   200.0363
209 209   198.0201
210 210   199.0010
211 211   199.0026
212 212   200.0025
213 213   200.0007
214 214   200.0009
215 215   199.0005
216 216   199.0032
217 217   200.0000
218 218   200.0005
219 219   200.0005
220 220   194.0012
221 221   202.0022
222 222   200.0004
223 223   200.0001
224 224   195.0000
225 225   200.0009
226 226   201.0007
227 227   200.0112
228 228   198.0009
229 229   199.0027
230 230   200.0010
231 231   200.0000
232 232   200.0028
233 233   198.0001
234 234   200.0000
235 235   200.0000
236 236   200.0000
237 237   201.0007
238 238   200.0000
239 239   202.0012
240 240   202.0026
241 241   199.0004
242 242   200.0012
243 243   200.0011
244 244   198.0000
245 245   202.0000
246 246   199.0001
247 247   201.0032
248 248   200.0120
249 249   200.0003
250 250   200.0002
251 251   200.0000
252 252   200.0017
253 253   200.0001
254 254   199.0003
255 255   200.0000
256 256   200.0033
257 257   200.0242
258 258   200.0018
259 259   200.0008
260 260   200.0009
261 261   200.0010
262 262   204.0038
263 263   200.0019
264 264   197.0009
265 265   201.0004
266 266   199.0001
267 267   202.0011
268 268   202.0002
269 269   200.0010
270 270   199.0008
271 271   201.0015
272 272   200.0032
273 273   200.0009
274 274   200.0000
275 275   200.0005
276 276   200.0024
277 277   200.0214
278 278   198.0000
279 279   200.0001
280 280   200.0012
281 281   200.0013
282 282   198.0007
283 283   200.0002
284 284   200.0000
285 285   199.0006
286 286   200.0006
287 287   200.0001
288 288   200.0001
289 289   197.0012
290 290   200.0001
291 291   200.0017
292 292   200.0000
293 293   199.0003
294 294   201.0000
295 295   200.0003
296 296   200.0008
297 297   200.0002
298 298   199.0006
299 299   201.0000
300 300   200.0006
301 301   200.0007
302 302   200.0001
303 303   200.0002
304 304   200.0004
305 305   200.0004
306 306   200.0002
307 307   200.0000
308 308   198.0007
309 309   200.0000
310 310   200.0002
311 311   201.0005
312 312   200.0001
313 313   200.0004
314 314   200.0078
315 315   200.0007
316 316   200.0003
317 317   199.0002
318 318   200.0002
319 319   200.0003
320 320   200.0002
321 321   200.0009
322 322   200.0017
323 323   200.0001
324 324   200.0005
325 325   198.0014
326 326   199.0006
327 327   200.0000
328 328   200.0000
329 329   200.0005
330 330   199.0001
331 331   200.0000
332 332   199.0007
333 333   200.0007
334 334   199.0004
335 335   200.0002
336 336   200.0052
337 337   200.0002
338 338   199.0012
339 339   200.0102
340 340   200.0000
341 341   200.0346
342 342   200.0001
343 343   204.0043
344 344   200.0003
345 345   202.0041
346 346   200.0005
347 347   200.0006
348 348   200.0026
349 349   200.0001
350 350   198.0016
351 351   200.0000
352 352   202.0000
353 353   200.0419
354 354   200.0024
355 355   200.0003
356 356   200.0005
357 357   203.0024
358 358   200.0005
359 359   200.0011
360 360   200.0016
361 361   200.0004
362 362   199.0004
363 363   200.0000
364 364   200.0020
365 365   200.0000
366 366   200.0006
367 367   200.0003
368 368   200.0017
369 369   199.0001
370 370   200.0000
371 371   199.0005
372 372   200.0004
373 373   201.0000
374 374   200.0027
375 375   199.0010
376 376   200.0002
377 377   200.0005
378 378   197.0000
379 379   200.0000
380 380   200.0001
381 381   200.0000
382 382   200.0008
383 383   200.0000
384 384   200.0011
385 385   200.0009
386 386   200.0570
387 387   200.0012
388 388   199.0003
389 389   199.0002
390 390   197.0020
391 391   200.0002
392 392   200.0001
393 393   200.0018
394 394   199.0002
395 395   197.0458
396 396   200.0002
397 397   200.0020
398 398   203.0006
399 399   201.0001
400 400   199.0000
