                
1     1 74.00003
2     2 76.00125
3     3 75.99997
4     4 74.86631
5     5 63.99994
6     6 55.99945
7     7 44.00000
8     8 85.00690
9     9 32.99971
10   10 25.00000
11   11 23.00026
12   12 21.00017
13   13 18.00061
14   14 18.00001
15   15 30.00001
16   16 29.00002
17   17 18.00000
18   18 90.00000
19   19 43.00003
20   20 95.00427
21   21 18.00208
22   22 19.00000
23   23 18.00020
24   24 18.00050
25   25 18.00001
26   26 19.99970
27   27 19.00011
28   28 19.99980
29   29 19.00224
30   30 19.99984
31   31 19.99909
32   32 20.99936
33   33 20.99985
34   34 19.99986
35   35 19.99067
36   36 19.99999
37   37 36.00242
38   38 72.00089
39   39 69.06370
40   40 71.00106
41   41 36.93787
42   42 41.99787
43   43 69.00143
44   44 66.00034
45   45 63.00006
46   46 54.00000
47   47 43.00000
48   48 46.99990
49   49 44.99988
50   50 49.00000
51   51 50.00000
52   52 47.00010
53   53 42.99438
54   54 41.00001
55   55 42.00039
56   56 41.98439
57   57 45.00708
58   58 58.00000
59   59 61.00284
60   60 62.00049
61   61 62.00155
62   62 61.00181
63   63 61.00001
64   64 66.99415
65   65 70.99983
66   66 76.00000
67   67 79.99563
68   68 82.99506
69   69 85.99789
70   70 88.99258
71   71 91.99924
72   72 92.99974
73   73 94.99945
74   74 95.99715
75   75 95.98743
76   76 95.98818
77   77 93.99857
78   78 94.99898
79   79 92.99997
80   80 89.99798
81   81 12.99465
82   82 83.99992
83   83 79.99993
84   84 77.99987
85   85 72.99994
86   86 68.99985
87   87 62.97816
88   88 28.00009
89   89 32.00057
90   90 38.00110
91   91 44.99987
92   92 47.99995
93   93 58.00000
94   94 71.00000
95   95 74.99445
96   96 72.99485
97   97 73.03107
98   98 74.00049
99   99 75.01269
100 100 75.00000
