                 
1     1  87.99934
2     2  89.01532
3     3  10.99375
4     4  89.99959
5     5  12.99991
6     6  12.99993
7     7  10.99954
8     8  37.99972
9     9  31.81734
10   10  10.99943
11   11  11.99808
12   12  11.00000
13   13  13.99966
14   14  16.99996
15   15  35.00131
16   16  87.00026
17   17  50.00027
18   18  77.00260
19   19  61.00003
20   20 100.01486
21   21 104.01122
22   22  19.99279
23   23 101.04068
24   24  10.99113
25   25  10.99999
26   26  10.98528
27   27  11.98379
28   28  10.99531
29   29  13.99616
30   30  15.00000
31   31  18.99992
32   32  13.00000
33   33  18.99999
34   34  20.00000
35   35  13.99980
36   36  15.99994
37   37  14.99999
38   38  19.99997
39   39  71.00832
40   40  72.00103
41   41  76.01863
42   42  20.99217
43   43  71.00000
44   44 100.24935
45   45  60.00052
46   46  49.00003
47   47  39.00053
48   48  45.00099
49   49  47.00000
50   50  84.00000
51   51  46.97542
52   52  43.00000
53   53  45.00325
54   54  11.00000
55   55  38.00028
56   56  11.95420
57   57  53.00021
58   58  58.00048
59   59  62.00011
60   60  64.00271
61   61  79.00674
62   62  61.00086
63   63  12.99035
64   64  66.00000
65   65  84.00000
66   66  76.99996
67   67  10.94653
68   68  82.99998
69   69  85.96249
70   70  88.99668
71   71  93.00757
72   72  91.00763
73   73  91.99930
74   74  94.99932
75   75 105.00015
76   76  94.00013
77   77  92.00025
78   78  90.00012
79   79  91.00975
80   80  90.99739
81   81  87.00293
82   82  83.00090
83   83  10.99816
84   84  88.00010
85   85  74.00001
86   86  67.01692
87   87  77.00548
88   88  28.99999
89   89  12.99985
90   90  37.99963
91   91  43.00000
92   92  50.99995
93   93  60.99958
94   94  71.99802
95   95  88.99999
96   96  76.99713
97   97  86.00000
98   98  91.00014
99   99  89.00000
100 100  97.00000
