                 
1     1  77.99995
2     2  89.01467
3     3  12.95587
4     4  88.99935
5     5  13.99992
6     6  12.97369
7     7  17.99985
8     8  10.98156
9     9  31.00006
10   10  26.00067
11   11  19.98876
12   12  20.98039
13   13  76.00770
14   14  19.00000
15   15  18.99874
16   16  17.99997
17   17  18.99962
18   18  52.00005
19   19  18.99998
20   20  97.00011
21   21  19.00000
22   22  99.03212
23   23  18.99997
24   24  10.99935
25   25  18.99985
26   26  18.99990
27   27  16.99698
28   28  18.99995
29   29  20.99997
30   30  18.99035
31   31  18.99912
32   32  18.99998
33   33  92.00026
34   34  18.99773
35   35  17.99188
36   36  16.99992
37   37  19.99868
38   38  12.99947
39   39  79.00002
40   40  72.02321
41   41  36.99999
42   42  87.00044
43   43  96.04600
44   44  17.99296
45   45  63.00131
46   46  55.00021
47   47  41.01134
48   48  41.02867
49   49  44.00003
50   50  43.99978
51   51  46.00124
52   52  42.00053
53   53  44.00128
54   54  41.00624
55   55  42.00282
56   56  40.99906
57   57  53.00001
58   58  58.00023
59   59  62.00054
60   60  61.00005
61   61  80.00002
62   62  79.00811
63   63  73.00383
64   64  66.00001
65   65  83.01229
66   66  75.00025
67   67  79.00034
68   68  82.00000
69   69  48.99833
70   70  88.99992
71   71  94.00023
72   72  89.01701
73   73  93.99977
74   74  95.99982
75   75 107.00007
76   76  95.02176
77   77  93.00000
78   78  92.00020
79   79  92.00011
80   80  15.99669
81   81  89.00224
82   82  99.00819
83   83  18.99575
84   84  10.99935
85   85  73.00007
86   86  82.00003
87   87  78.01538
88   88  14.99313
89   89  11.99989
90   90  37.99991
91   91  43.99637
92   92  49.99437
93   93  60.96165
94   94  73.99989
95   95  77.99980
96   96  76.99450
97   97  76.99745
98   98  76.00030
99   99  77.00003
100 100  77.99985
