                
1     1 66.00021
2     2 54.00012
3     3 69.00006
4     4 72.00014
5     5 82.00000
6     6 84.00188
7     7 86.00562
8     8 73.00013
9     9 83.00006
10   10 66.00008
11   11 45.01646
12   12 25.99996
13   13 25.99994
14   14 53.99994
15   15 42.99640
16   16 20.00000
17   17 20.00000
18   18 74.04212
19   19 63.99989
20   20 20.00000
21   21 21.00396
22   22 64.02161
23   23 20.00000
24   24 22.03696
25   25 84.00040
26   26 99.01320
27   27 96.00012
28   28 80.00001
29   29 62.99935
30   30 80.00023
31   31 41.99910
32   32 66.00000
33   33 20.00000
34   34 65.99986
35   35 20.00000
36   36 61.99998
37   37 26.00001
38   38 33.99670
39   39 26.99999
40   40 22.99999
41   41 42.99985
42   42 23.99999
43   43 62.99974
44   44 21.99746
45   45 42.99946
46   46 25.99963
47   47 20.99956
48   48 45.98225
49   49 91.99999
50   50 92.00015
51   51 23.00016
52   52 86.00000
53   53 87.99994
54   54 41.99974
55   55 39.99984
56   56 26.99987
57   57 44.99963
58   58 38.99970
59   59 61.99927
60   60 49.97151
61   61 40.99983
62   62 22.95103
63   63 25.99967
64   64 66.97704
65   65 27.99923
66   66 79.94457
67   67 83.99898
68   68 80.98964
69   69 86.99996
70   70 69.99994
71   71 63.99972
72   72 94.00004
73   73 24.00048
74   74 97.99923
75   75 88.99645
76   76 92.99977
77   77 91.97791
78   78 47.99998
79   79 61.99713
80   80 20.99996
81   81 81.98394
82   82 27.99927
83   83 38.94411
84   84 28.99924
85   85 20.99965
86   86 24.00000
87   87 39.99990
88   88 22.00419
89   89 61.00001
90   90 48.00000
91   91 55.00060
92   92 82.00040
93   93 65.00007
94   94 87.00544
95   95 91.00155
96   96 45.00008
97   97 92.00028
98   98 20.99976
99   99 98.00069
100 100 66.00003
