                
1     1 75.99832
2     2 88.00024
3     3 90.00008
4     4 90.00000
5     5 15.99988
6     6 18.99995
7     7 20.99779
8     8 35.99756
9     9 31.00032
10   10 27.00004
11   11 22.99725
12   12 21.99995
13   13 18.00001
14   14 18.98151
15   15 18.99998
16   16 15.99991
17   17 18.95016
18   18 50.00490
19   19 93.01011
20   20 19.00113
21   21 18.99998
22   22 18.99999
23   23 17.99953
24   24 20.00000
25   25 18.99083
26   26 18.99501
27   27 17.99863
28   28 18.99999
29   29 19.99843
30   30 19.99978
31   31 18.99810
32   32 17.99604
33   33 92.00011
34   34 19.99918
35   35 19.97782
36   36 16.93354
37   37 17.97525
38   38 15.99933
39   39 69.00963
40   40 72.10756
41   41 75.00245
42   42 86.00101
43   43 72.00063
44   44 17.99998
45   45 62.00000
46   46 54.01821
47   47 45.00000
48   48 41.00090
49   49 44.00003
50   50 43.99959
51   51 45.00005
52   52 44.00004
53   53 46.00000
54   54 41.00622
55   55 38.00033
56   56 41.99997
57   57 53.00001
58   58 58.00084
59   59 63.00000
60   60 62.00007
61   61 79.00368
62   62 61.00004
63   63 65.00026
64   64 66.00002
65   65 69.00124
66   66 75.00094
67   67 80.00002
68   68 82.00001
69   69 51.98332
70   70 88.94618
71   71 94.03756
72   72 89.00000
73   73 92.99988
74   74 95.99978
75   75 96.99999
76   76 95.01279
77   77 94.00377
78   78 93.00002
79   79 91.00682
80   80 16.99998
81   81 89.00233
82   82 83.00081
83   83 16.99999
84   84 76.00005
85   85 73.00002
86   86 67.00104
87   87 63.00000
88   88 28.99751
89   89 32.00083
90   90 36.99719
91   91 43.00000
92   92 49.99920
93   93 60.95909
94   94 71.92301
95   95 78.00000
96   96 74.99997
97   97 77.00000
98   98 76.10438
99   99 77.00001
100 100 77.96806
