                
1     1 200,9967
2     2 200,9961
3     3 201,0000
4     4 203,9994
5     5 202,0000
6     6 200,9927
7     7 200,9939
8     8 199,9885
9     9 197,9998
10   10 202,0000
11   11 200,9998
12   12 201,0000
13   13 200,9937
14   14 200,0000
15   15 203,0000
16   16 202,0000
17   17 200,9943
18   18 199,9932
19   19 199,9985
20   20 201,9977
21   21 200,9967
22   22 200,9914
23   23 201,0000
24   24 200,9958
25   25 201,0000
26   26 200,9952
27   27 199,9903
28   28 199,9982
29   29 200,9994
30   30 200,9990
31   31 200,9947
32   32 201,0000
33   33 202,0000
34   34 199,9887
35   35 199,9997
36   36 200,9946
37   37 204,0000
38   38 201,0000
39   39 201,0000
40   40 201,9975
41   41 200,9374
42   42 201,9924
43   43 199,9799
44   44 200,9982
45   45 202,0000
46   46 202,0000
47   47 200,9984
48   48 202,0000
49   49 201,9635
50   50 200,9864
51   51 200,9818
52   52 199,0000
53   53 205,0000
54   54 200,9999
55   55 201,0000
56   56 200,9996
57   57 200,0000
58   58 203,0000
59   59 199,9998
60   60 200,9957
61   61 200,9968
62   62 200,9973
63   63 197,9998
64   64 192,9960
65   65 200,9938
66   66 200,0000
67   67 201,0000
68   68 200,9914
69   69 200,9921
70   70 201,9969
71   71 203,0000
72   72 200,9999
73   73 201,0000
74   74 202,9889
75   75 196,9999
76   76 204,0000
77   77 200,9983
78   78 198,9998
79   79 202,0000
80   80 200,9995
81   81 200,9964
82   82 201,9911
83   83 200,9992
84   84 204,0000
85   85 200,9980
86   86 201,0000
87   87 200,9979
88   88 202,9980
89   89 201,9999
90   90 200,9975
91   91 200,9911
92   92 200,9982
93   93 202,0000
94   94 199,9961
95   95 200,9931
96   96 200,9982
97   97 199,9790
98   98 200,9997
99   99 202,0000
100 100 201,0000
101 101 208,0000
102 102 201,9868
103 103 200,9850
104 104 199,0000
105 105 203,9977
106 106 201,0000
107 107 200,9999
108 108 200,9944
109 109 200,9876
110 110 200,9999
111 111 200,9990
112 112 200,9911
113 113 200,9939
114 114 201,0000
115 115 200,0000
116 116 202,0000
117 117 201,0000
118 118 201,0000
119 119 200,9988
120 120 198,9548
121 121 200,0000
122 122 198,9943
123 123 203,0000
124 124 199,9879
125 125 203,9872
126 126 201,9889
127 127 197,8923
128 128 195,9951
129 129 200,9900
130 130 204,0000
131 131 201,0000
132 132 200,9823
133 133 202,0000
134 134 201,0000
135 135 202,0000
136 136 200,9999
137 137 201,9999
138 138 201,0000
139 139 199,9972
140 140 201,9940
141 141 202,9964
142 142 200,9937
143 143 200,9999
144 144 201,0000
145 145 204,9973
146 146 201,9945
147 147 200,9999
148 148 200,9955
149 149 200,9915
150 150 201,0000
151 151 202,9853
152 152 201,0000
153 153 200,9990
154 154 201,9998
155 155 203,9900
156 156 201,0000
157 157 202,9977
158 158 200,9842
159 159 201,0000
160 160 201,0000
161 161 203,9109
162 162 201,0000
163 163 201,0000
164 164 201,0000
165 165 198,9999
166 166 203,0000
167 167 197,9815
168 168 201,9999
169 169 197,9963
170 170 201,0000
171 171 202,0000
172 172 201,9980
173 173 201,9999
174 174 200,9996
175 175 201,9763
176 176 201,0000
177 177 199,9999
178 178 200,9985
179 179 201,0000
180 180 198,9990
181 181 201,0000
182 182 198,9872
183 183 201,9998
184 184 199,9968
185 185 197,0000
186 186 201,0000
187 187 196,9924
188 188 203,0000
189 189 200,9982
190 190 201,0000
191 191 202,0000
192 192 200,9850
193 193 201,0000
194 194 201,9992
195 195 202,6653
196 196 200,9969
197 197 201,0000
198 198 196,9746
199 199 203,0000
200 200 200,9980
201 201 199,9999
202 202 204,0000
203 203 201,9998
204 204 200,9968
205 205 200,9990
206 206 202,0000
207 207 200,9991
208 208 201,0000
209 209 201,0000
210 210 200,0000
211 211 201,0000
212 212 203,9834
213 213 200,9854
214 214 200,9999
215 215 200,0000
216 216 201,0000
217 217 200,9899
218 218 201,0000
219 219 200,9949
220 220 197,9999
221 221 202,9981
222 222 201,9998
223 223 200,9974
224 224 200,9966
225 225 201,0000
226 226 201,9949
227 227 200,8312
228 228 198,9806
229 229 197,0000
230 230 200,9709
231 231 201,9996
232 232 200,9989
233 233 199,0000
234 234 202,9950
235 235 200,9979
236 236 200,0000
237 237 199,9802
238 238 200,9996
239 239 200,9781
240 240 200,9994
241 241 200,9847
242 242 202,9978
243 243 200,9913
244 244 198,9947
245 245 201,0000
246 246 202,0000
247 247 200,9983
248 248 201,0000
249 249 200,0000
250 250 200,9966
251 251 200,9948
252 252 200,9982
253 253 201,0000
254 254 199,0000
255 255 200,9957
256 256 202,0000
257 257 202,9907
258 258 200,9967
259 259 202,0000
260 260 200,9984
261 261 200,9968
262 262 204,0000
263 263 201,0000
264 264 199,0000
265 265 201,9986
266 266 205,0000
267 267 203,0000
268 268 202,0000
269 269 203,9920
270 270 201,0000
271 271 200,9999
272 272 201,0000
273 273 200,0000
274 274 202,9944
275 275 201,0000
276 276 200,0000
277 277 200,9998
278 278 203,0000
279 279 200,9984
280 280 200,0000
281 281 200,9929
282 282 199,9872
283 283 201,0000
284 284 200,9981
285 285 200,9993
286 286 201,0000
287 287 200,9966
288 288 200,9999
289 289 197,9997
290 290 200,9933
291 291 201,9923
292 292 201,9977
293 293 199,9965
294 294 201,9950
295 295 201,0000
296 296 200,9982
297 297 202,9842
298 298 202,0000
299 299 198,0000
300 300 202,0000
301 301 200,9999
302 302 200,9907
303 303 200,9985
304 304 198,9998
305 305 202,0000
306 306 201,0000
307 307 201,0000
308 308 198,0000
309 309 200,9950
310 310 200,9999
311 311 200,9998
312 312 200,9943
313 313 201,0000
314 314 202,0000
315 315 200,9999
316 316 200,9934
317 317 200,9993
318 318 200,9906
319 319 201,9699
320 320 201,0000
321 321 200,9982
322 322 201,0000
323 323 201,0000
324 324 200,9979
325 325 203,0000
326 326 201,0000
327 327 200,9982
328 328 203,9966
329 329 201,0000
330 330 200,0000
331 331 201,9997
332 332 202,0000
333 333 200,0000
334 334 200,9994
335 335 200,9951
336 336 200,9919
337 337 198,9821
338 338 202,0000
339 339 201,9861
340 340 200,9998
341 341 200,9988
342 342 203,9997
343 343 201,0000
344 344 199,9792
345 345 201,0000
346 346 201,0000
347 347 200,9999
348 348 202,0000
349 349 200,9999
350 350 199,9942
351 351 200,8252
352 352 202,9975
353 353 202,9948
354 354 201,0000
355 355 200,9981
356 356 200,9987
357 357 201,9990
358 358 200,9957
359 359 200,0000
360 360 202,0000
361 361 201,0000
362 362 200,0000
363 363 202,9883
364 364 200,9842
365 365 200,9999
366 366 200,9999
367 367 201,0000
368 368 202,0000
369 369 199,9945
370 370 200,9921
371 371 197,9961
372 372 201,0000
373 373 200,9999
374 374 201,9998
375 375 199,9923
376 376 200,9999
377 377 200,9957
378 378 200,9931
379 379 200,9996
380 380 203,0000
381 381 201,9999
382 382 203,0000
383 383 200,0000
384 384 200,9970
385 385 200,0000
386 386 200,9983
387 387 200,9983
388 388 201,0000
389 389 195,9998
390 390 200,9997
391 391 199,9999
392 392 200,9993
393 393 201,0000
394 394 199,9999
395 395 202,0000
396 396 201,0000
397 397 200,0000
398 398 200,9982
399 399 203,9999
400 400 200,9912
