1     1  102.99992
2     2  101.99998
3     3  101.99984
4     4  103.99982
5     5  101.99953
6     6  101.99994
7     7  101.99999
8     8  101.99814
9     9  101.99995
10   10  102.99951
11   11  101.99942
12   12   94.99887
13   13  102.99975
14   14  103.99991
15   15  103.00000
16   16  102.99987
17   17   99.99815
18   18   97.99958
19   19  101.99854
20   20  103.99949
21   21  101.99968
22   22   99.99999
23   23  100.99939
24   24  100.99829
25   25  101.00000
26   26   98.99996
27   27  102.99949
28   28   97.99970
29   29   97.99991
30   30   97.99550
31   31   94.99945
32   32   93.00000
33   33   94.99940
34   34   92.00000
35   35   90.99978
36   36   90.99991
37   37   88.99961
38   38   87.99961
39   39   86.99984
40   40   84.99883
41   41   82.99962
42   42   84.99794
43   43   78.99975
44   44   78.00000
45   45   78.00000
46   46   77.99946
47   47   76.99736
48   48   74.99928
49   49   74.99983
50   50   73.00000
51   51   68.99998
52   52   75.99660
53   53   73.99983
54   54   78.99992
55   55   79.00000
56   56   77.99976
57   57   79.00000
58   58   81.00000
59   59   81.99959
60   60   83.99968
61   61   83.99927
62   62   84.99956
63   63   84.99996
64   64   86.99992
65   65   85.99933
66   66   87.99936
67   67   90.99973
68   68   91.99964
69   69   94.00000
70   70   94.99970
71   71   94.99987
72   72   95.99981
73   73   94.99994
74   74   97.99845
75   75   98.99764
76   76   99.99998
77   77   99.99963
78   78  102.99816
79   79  100.00000
80   80  100.99945
81   81  101.99954
82   82  102.99980
83   83  101.99998
84   84  101.99988
85   85  103.99927
86   86  102.99916
87   87  102.99995
88   88  102.99991
89   89  102.99977
90   90   99.99613
91   91  101.99997
92   92  101.99984
93   93  101.99983
94   94  100.99943
95   95  101.99999
96   96  101.99912
97   97  101.99983
98   98  102.99999
99   99  102.99682
100 100  101.99999
101 101  101.99992
102 102  109.99999
103 103  102.00000
104 104  101.99967
105 105   97.99985
106 106  101.99986
107 107  101.99995
108 108  101.99944
109 109  100.99949
110 110  102.99998
111 111  100.99946
112 112  100.99996
113 113  104.99969
114 114  102.99975
115 115  109.00000
116 116  102.99985
117 117  100.99506
118 118  101.99785
119 119  100.99959
120 120  101.99967
121 121  103.99986
122 122  100.99946
123 123   97.99864
124 124  101.99965
125 125   99.99948
126 126   97.99999
127 127   98.99977
128 128   97.99984
129 129   96.99966
130 130   95.99984
131 131  101.99995
132 132   92.99978
133 133   93.99994
134 134   95.99893
135 135   90.99844
136 136   84.99998
137 137   91.00000
138 138   86.99981
139 139   86.99943
140 140   84.99929
141 141   82.99999
142 142   82.99993
143 143   80.99999
144 144   79.99717
145 145   78.99982
146 146   75.99943
147 147   77.99964
148 148   74.99981
149 149   74.00000
150 150   71.99393
151 151   75.00000
152 152   76.00000
153 153   79.00001
154 154   78.00042
155 155   80.00000
156 156   83.00000
157 157   81.00039
158 158   80.00116
159 159   83.00070
160 160   84.00024
161 161   81.00057
162 162   84.00016
163 163   82.00001
164 164   86.00013
165 165   87.00003
166 166   88.00051
167 167   88.00000
168 168   89.00042
169 169   89.00002
170 170   89.00000
171 171   90.00009
172 172   92.00056
173 173   93.00013
174 174   92.00018
175 175   92.00011
176 176   92.00021
177 177   94.00077
178 178   94.00001
179 179   95.00006
180 180   96.00008
181 181   96.00010
182 182   98.00002
183 183   97.00001
184 184   99.00023
185 185   99.00040
186 186   96.00012
187 187  100.00069
188 188  101.00033
189 189  102.00088
190 190   99.00013
191 191  103.00000
192 192  104.00098
193 193  104.00023
194 194  104.00027
195 195  104.00035
196 196  105.00002
197 197  106.00022
198 198  105.00000
199 199  106.00087
200 200  106.00002
201 201  106.00055
202 202  107.00043
203 203  106.00158
204 204  105.00000
205 205  106.00052
206 206  107.00000
207 207  105.00021
208 208  108.00002
209 209  103.00009
210 210  103.00027
211 211  103.00008
212 212  104.00001
213 213  102.00004
214 214  101.00003
215 215  100.10262
216 216   98.00000
217 217   99.00009
218 218   99.00011
219 219   97.00016
220 220   97.00001
221 221   96.00008
222 222   96.00019
223 223   98.00000
224 224   94.00001
225 225   92.00157
226 226   93.00000
227 227   89.00021
228 228   91.00161
229 229   91.00026
230 230   91.00000
231 231   91.00012
232 232   87.00009
233 233   87.00027
234 234   90.00001
235 235   88.00002
236 236   88.00022
237 237   86.10688
238 238   86.00045
239 239   86.00037
240 240   86.00016
241 241   85.00047
242 242   84.00015
243 243   83.00019
244 244   82.00017
245 245   80.00000
246 246   81.00035
247 247   81.00124
248 248   79.00114
249 249   78.00003
250 250   77.00029
251 251   73.00019
252 252   80.00223
253 253   78.00802
254 254   79.00059
255 255   80.00015
256 256   86.01393
257 257   81.00000
258 258   82.00001
259 259   85.00092
260 260   84.00005
261 261   86.00005
262 262   85.00021
263 263   84.00203
264 264   87.00000
265 265   87.00013
266 266   84.00068
267 267   88.00000
268 268   89.00014
269 269   89.00045
270 270   89.00010
271 271   91.00010
272 272   91.00004
273 273   91.00059
274 274   92.00023
275 275   92.00006
276 276   94.00001
277 277   93.00010
278 278   93.00000
279 279   95.00029
280 280   93.00017
281 281   96.00096
282 282   98.00046
283 283   98.00029
284 284   99.00015
285 285  100.00011
286 286   99.00105
287 287   99.00101
288 288  101.00264
289 289  100.00004
290 290  103.00003
291 291  103.00327
292 292  112.00067
293 293  104.00084
294 294  105.00102
295 295  109.00002
296 296  106.00117
297 297  107.00340
298 298  106.00007
299 299  106.00106
300 300  106.00000
301 301  106.00102
302 302  106.00002
303 303  106.00039
304 304  106.00000
305 305  106.00039
306 306  106.00001
307 307  105.00110
308 308  105.00001
309 309  106.00039
310 310  104.00060
311 311  103.00000
312 312  103.00023
313 313  101.00035
314 314  101.00215
315 315  100.00008
316 316   99.00086
317 317   99.00002
318 318   99.00062
319 319   98.00049
320 320   97.00026
321 321   90.00020
322 322   93.00017
323 323   96.00178
324 324   94.00004
325 325   94.00001
326 326   93.00631
327 327   92.00007
328 328   92.00047
329 329   90.00000
330 330   91.00022
331 331   91.00046
332 332   89.00152
333 333   86.00168
334 334   87.00024
335 335   78.00102
336 336   86.00021
337 337   88.00000
338 338   84.00010
339 339   88.00001
340 340   86.00010
341 341   83.00764
342 342   84.00072
343 343   82.00016
344 344   82.00000
345 345   78.00003
346 346   80.00036
347 347   80.00003
348 348   78.00009
349 349   78.00002
350 350   77.00054
351 351   72.00000
352 352   72.99978
353 353   74.99999
354 354   75.99999
355 355   76.99876
356 356   77.99910
357 357   78.99905
358 358   81.99995
359 359   82.99999
360 360   83.99999
361 361   83.99981
362 362   84.99980
363 363   86.99977
364 364   85.00000
365 365   89.99998
366 366   89.99974
367 367   90.99858
368 368   90.99872
369 369   95.99982
370 370   95.00000
371 371   92.99954
372 372   94.00000
373 373   96.99998
374 374   97.99989
375 375   98.99939
376 376   96.99978
377 377   99.99949
378 378  100.99954
379 379  100.99994
380 380   99.99930
381 381  101.99979
382 382  102.99957
383 383  104.99990
384 384   96.99998
385 385  101.99997
386 386  102.99932
387 387  102.99816
388 388  102.99865
389 389  101.99975
390 390  101.99986
391 391  102.99977
392 392  102.99956
393 393  101.99821
394 394  102.99999
395 395  101.99985
396 396  104.99950
397 397  101.99999
398 398  101.99954
399 399  102.99980
400 400  101.99918
