                 
1     1  52.99999
2     2  54.00000
3     3  56.99928
4     4  54.99998
5     5  58.99999
6     6  54.99996
7     7 110.00005
8     8 108.00037
9     9 105.00000
10   10 101.00020
11   11  97.00012
12   12  92.00001
13   13  87.00001
14   14  88.00004
15   15  93.00000
16   16  98.00006
17   17 102.00014
18   18 106.00008
19   19 109.00016
20   20 112.00508
21   21  51.99995
22   22  56.99981
23   23  53.99990
24   24  54.00000
25   25  51.99999
26   26  51.00000
27   27  26.99987
28   28  48.99984
29   29  55.99958
30   30  47.99983
31   31  51.99996
32   32  55.99913
33   33  51.99995
34   34 104.00000
35   35 100.00002
36   36  95.00002
37   37  91.00000
38   38  86.00000
39   39  89.00004
40   40  94.00000
41   41  99.00004
42   42 103.00039
43   43 107.00036
44   44 110.00057
45   45  78.00218
46   46  76.00008
47   47  75.00000
48   48  47.99985
49   49  76.00037
50   50  81.00004
51   51  73.00000
52   52  71.00003
53   53  44.00000
54   54  40.99999
55   55  66.00000
56   56 112.00012
57   57  96.00005
58   58 107.00000
59   59 103.00163
60   60  99.00004
61   61  94.00002
62   62  88.00234
63   63  86.00000
64   64  91.00004
65   65  95.08192
66   66 100.00054
67   67 104.00070
68   68 108.00000
69   69 111.00057
70   70 113.00004
71   71  71.00004
72   72  70.00001
73   73  99.00101
74   74  90.00038
75   75  79.00000
76   76  79.00002
77   77  79.00006
78   78  89.00000
79   79  82.00173
80   80  77.00000
81   81 112.00005
82   82 109.00000
83   83 106.00002
84   84 102.00062
85   85  98.00010
86   86  93.00042
87   87  88.00001
88   88  87.00002
89   89  92.00007
90   90  97.00003
91   91 101.00013
92   92 105.00000
93   93 108.00002
94   94 111.00001
95   95  64.00015
96   96  74.00013
97   97  74.00000
98   98  55.99999
99   99  53.99999
100 100  52.00000
