                
1     1 75.99919
2     2 75.99999
3     3 75.99999
4     4 74.99999
5     5 66.99979
6     6 54.99997
7     7 44.99998
8     8 36.99983
9     9 31.99992
10   10 26.99999
11   11 23.99997
12   12 21.99922
13   13 19.00000
14   14 20.00000
15   15 18.99898
16   16 17.99995
17   17 18.99999
18   18 18.99999
19   19 17.99969
20   20 18.00000
21   21 20.00000
22   22 19.99998
23   23 18.99999
24   24 17.99996
25   25 18.99998
26   26 18.99987
27   27 18.99997
28   28 20.00000
29   29 20.00000
30   30 19.99999
31   31 19.99663
32   32 19.99756
33   33 19.99836
34   34 20.00000
35   35 19.99996
36   36 19.99963
37   37 20.99648
38   38 19.99998
39   39 69.00000
40   40 70.00024
41   41 73.00003
42   42 41.00000
43   43 70.00003
44   44 67.00006
45   45 63.00039
46   46 55.00030
47   47 43.00137
48   48 47.00007
49   49 48.00008
50   50 48.00056
51   51 48.00025
52   52 47.00000
53   53 42.00000
54   54 41.00001
55   55 43.00375
56   56 41.00001
57   57 45.00002
58   58 59.00034
59   59 61.00068
60   60 62.00002
61   61 62.00023
62   62 60.00008
63   63 61.00001
64   64 66.00002
65   65 70.00000
66   66 75.00026
67   67 79.00098
68   68 82.00003
69   69 86.00002
70   70 87.00002
71   71 90.00002
72   72 91.00123
73   73 94.00002
74   74 94.00071
75   75 95.00002
76   76 95.00049
77   77 93.00030
78   78 94.00017
79   79 92.00034
80   80 89.00000
81   81 86.00000
82   82 83.00000
83   83 78.00046
84   84 76.00069
85   85 72.00000
86   86 67.00023
87   87 62.00028
88   88 28.99984
89   89 32.99961
90   90 38.99936
91   91 44.99999
92   92 47.99999
93   93 58.99992
94   94 71.99992
95   95 74.99997
96   96 72.99912
97   97 73.99974
98   98 74.00000
99   99 75.99933
100 100 75.99982
