1     1   152.0000
2     2   155.9997
3     3   152.9997
4     4   153.9994
5     5   155.9994
6     6   154.9989
7     7   158.9982
8     8   159.9998
9     9   162.0000
10   10   158.9998
11   11   156.0000
12   12   156.9999
13   13   153.9999
14   14   151.9966
15   15   148.9998
16   16   147.9998
17   17   146.9995
18   18   148.9996
19   19   147.0000
20   20   145.0000
21   21   148.9994
22   22   149.9995
23   23   150.9998
24   24   151.9993
25   25   151.9996
26   26   147.9985
27   27   146.9997
28   28   144.9993
29   29   141.9993
30   30   139.0000
31   31   135.9999
32   32   135.0000
33   33   132.9997
34   34   131.9999
35   35   132.9999
36   36   131.9999
37   37   131.9995
38   38   132.9989
39   39   133.0000
40   40   131.9996
41   41   129.9978
42   42   128.9997
43   43   125.9998
44   44   124.0000
45   45   120.0000
46   46   118.0000
47   47   116.9997
48   48   112.9999
49   49   110.9992
50   50   112.0000
51   51   109.0000
52   52   110.9999
53   53   115.0000
54   54   116.9991
55   55   119.9999
56   56   122.9998
57   57   124.0000
58   58   127.0000
59   59   126.0000
60   60   127.0000
61   61   128.0000
62   62   126.9976
63   63   126.9999
64   64   125.9978
65   65   127.9998
66   66   128.9989
67   67   131.9994
68   68   133.9990
69   69   137.9998
70   70   139.9838
71   71   141.9991
72   72   141.9995
73   73   145.0000
74   74   146.9998
75   75   144.0000
76   76   145.9999
77   77   144.9997
78   78   144.9996
79   79   144.9999
80   80   143.9999
81   81   139.9974
82   82   144.9998
83   83   146.9999
84   84   148.9963
85   85   150.9997
86   86   153.0000
87   87   157.9992
88   88   159.0000
89   89   157.9997
90   90   157.9998
91   91   157.9987
92   92   156.9999
93   93   156.9999
94   94   154.9999
95   95   151.9998
96   96   154.9999
97   97   152.9993
98   98   150.9973
99   99   152.9974
100 100   155.0000
101 101   159.9996
102 102   158.9996
103 103   159.9990
104 104   159.9994
105 105   161.0000
106 106   163.9993
107 107   159.9995
108 108   155.9990
109 109   154.9998
110 110   151.9995
111 111   151.9990
112 112   148.9949
113 113   148.9992
114 114   150.0000
115 115   150.9999
116 116   149.9996
117 117   151.9996
118 118   153.0000
119 119   157.9991
120 120   153.9984
121 121   152.9990
122 122   151.9999
123 123   150.9997
124 124   150.9997
125 125   148.0000
126 126   141.9989
127 127   135.0000
128 128   139.9997
129 129   137.0000
130 130   137.9999
131 131   135.9998
132 132   136.0000
133 133   136.9989
134 134   137.9996
135 135   137.9994
136 136   136.9985
137 137   136.9995
138 138   135.9998
139 139   133.9996
140 140   130.0000
141 141   126.9997
142 142   125.9999
143 143   122.9997
144 144   118.9995
145 145   116.9992
146 146   118.9975
147 147   115.0000
148 148   114.9997
149 149   113.9989
150 150   113.9993
151 151   107.0002
152 152   110.0000
153 153   110.0001
154 154   114.0001
155 155   115.0003
156 156   117.0008
157 157   120.0002
158 158   124.0000
159 159   123.0006
160 160   128.0005
161 161   130.0002
162 162   131.0000
163 163   131.0004
164 164   131.0001
165 165   130.0008
166 166   131.0002
167 167   131.0005
168 168   131.0002
169 169   126.0001
170 170   133.0000
171 171   136.0022
172 172   138.0011
173 173   139.0010
174 174   143.0003
175 175   147.0001
176 176   147.0004
177 177   149.0000
178 178   148.0000
179 179   148.0004
180 180   148.0029
181 181   147.0003
182 182   147.0006
183 183   147.0006
184 184   144.0010
185 185   147.0148
186 186   146.0006
187 187   149.0001
188 188   150.0002
189 189   153.0002
190 190   159.0000
191 191   157.0000
192 192   158.0004
193 193   160.0021
194 194   159.0046
195 195   158.0006
196 196   155.0006
197 197   155.0004
198 198   155.0490
199 199   148.0010
200 200   151.0022
201 201   151.0003
202 202   151.0009
203 203   152.0013
204 204   153.0000
205 205   155.0001
206 206   157.0009
207 207   158.0004
208 208   160.0000
209 209   160.0017
210 210   160.0015
211 211   156.0003
212 212   156.0000
213 213   155.0010
214 214   151.0000
215 215   145.0002
216 216   147.0003
217 217   146.0006
218 218   146.0016
219 219   144.0000
220 220   146.0126
221 221   148.0000
222 222   148.0005
223 223   149.0004
224 224   149.0002
225 225   148.0000
226 226   147.0001
227 227   147.0004
228 228   143.0006
229 229   140.0008
230 230   138.0000
231 231   137.0000
232 232   133.0001
233 233   129.0037
234 234   131.0000
235 235   129.0010
236 236   131.0003
237 237   130.0001
238 238   131.0000
239 239   130.0000
240 240   131.0000
241 241   130.0003
242 242   128.0004
243 243   126.0003
244 244   123.0032
245 245   119.0005
246 246   117.0001
247 247   115.0003
248 248   112.0004
249 249   109.0027
250 250   109.0004
251 251   107.0004
252 252   109.0010
253 253   114.0000
254 254   116.0000
255 255   121.0030
256 256   122.0010
257 257   123.0012
258 258   125.0002
259 259   126.0004
260 260   125.0004
261 261   126.0014
262 262   131.0000
263 263   125.0002
264 264   126.0002
265 265   127.0009
266 266   128.0080
267 267   130.0003
268 268   127.0000
269 269   133.0001
270 270   139.0001
271 271   142.0022
272 272   143.0009
273 273   145.0019
274 274   146.0001
275 275   146.0035
276 276   145.0005
277 277   144.0006
278 278   146.0006
279 279   144.0000
280 280   143.0000
281 281   143.0001
282 282   144.0027
283 283   147.0005
284 284   148.0004
285 285   151.0022
286 286   152.0001
287 287   156.0002
288 288   156.0004
289 289   158.0002
290 290   156.0000
291 291   156.0003
292 292   156.0000
293 293   155.0002
294 294   153.0000
295 295   152.0034
296 296   150.0000
297 297   150.0011
298 298   151.0013
299 299   152.0001
300 300   152.0030
301 301   154.0010
302 302   157.0003
303 303   159.0001
304 304   160.0002
305 305   158.0006
306 306   159.0001
307 307   159.0013
308 308   156.0005
309 309   155.0015
310 310   152.0000
311 311   149.0010
312 312   148.0002
313 313   149.0002
314 314   149.0063
315 315   149.0005
316 316   149.0004
317 317   150.0000
318 318   154.0013
319 319   145.0019
320 320   153.0031
321 321   153.0007
322 322   151.0006
323 323   150.0008
324 324   147.0000
325 325   143.0001
326 326   142.0011
327 327   140.0002
328 328   137.0001
329 329   136.0000
330 330   137.0008
331 331   134.0004
332 332   136.0004
333 333   137.0009
334 334   137.0002
335 335   138.0002
336 336   136.0001
337 337   133.0000
338 338   135.0000
339 339   131.0000
340 340   129.0001
341 341   127.0000
342 342   127.0000
343 343   120.0001
344 344   118.0007
345 345   115.0008
346 346   115.0006
347 347   113.0000
348 348   113.0003
349 349   111.0002
350 350   114.0000
351 351   109.9975
352 352   110.0000
353 353   110.9993
354 354   112.9995
355 355   115.9993
356 356   117.9997
357 357   116.9999
358 358   121.9994
359 359   127.9993
360 360   130.0000
361 361   131.0000
362 362   131.9998
363 363   134.9997
364 364   132.9999
365 365   134.0000
366 366   134.0000
367 367   131.9995
368 368   131.9991
369 369   131.0000
370 370   138.9996
371 371   136.9998
372 372   131.9982
373 373   142.0000
374 374   143.0000
375 375   143.9981
376 376   153.9994
377 377   154.9999
378 378   151.9998
379 379   150.0000
380 380   149.9999
381 381   148.9952
382 382   146.9999
383 383   146.9945
384 384   147.9997
385 385   147.0000
386 386   144.9996
387 387   150.0000
388 388   151.9996
389 389   153.9916
390 390   156.9987
391 391   156.9977
392 392   161.9996
393 393   159.9995
394 394   163.9998
395 395   161.9994
396 396   157.9993
397 397   156.9997
398 398   153.9998
399 399   153.9998
400 400   152.9999
