                
1     1 200.0001
2     2 206.9998
3     3 201.9999
4     4 201.9965
5     5 210.9997
6     6 203.9979
7     7 188.9989
8     8 197.0340
9     9 201.9999
10   10 208.9986
11   11 199.9898
12   12 199.9981
13   13 200.0152
14   14 205.9532
15   15 207.0000
16   16 204.0000
17   17 201.9998
18   18 201.0000
19   19 201.9991
20   20 199.0614
21   21 203.9991
22   22 200.9999
23   23 200.9985
24   24 200.0446
25   25 198.0000
26   26 201.9991
27   27 200.0420
28   28 199.0000
29   29 201.0000
30   30 171.0000
31   31 207.9997
32   32 200.9944
33   33 198.0000
34   34 209.9999
35   35 206.9933
36   36 199.0002
37   37 200.0004
38   38 199.0068
39   39 200.9947
40   40 191.9992
41   41 200.9999
42   42 201.9998
43   43 201.0000
44   44 191.0137
45   45 206.9999
46   46 197.0032
47   47 196.9997
48   48 201.0019
49   49 194.0005
50   50 199.0003
51   51 200.0001
52   52 201.0221
53   53 198.0000
54   54 201.9999
55   55 198.0217
56   56 207.9999
57   57 200.9999
58   58 198.0000
59   59 205.0000
60   60 201.9933
61   61 206.0000
62   62 200.9831
63   63 196.5172
64   64 203.0000
65   65 196.5233
66   66 199.0006
67   67 203.0000
68   68 200.0007
69   69 200.9919
70   70 200.0019
71   71 202.0000
72   72 202.0000
73   73 202.9999
74   74 201.9865
75   75 203.9985
76   76 197.0000
77   77 201.9958
78   78 168.0000
79   79 200.9999
80   80 201.9956
81   81 200.0000
82   82 201.9998
83   83 205.0000
84   84 201.9999
85   85 201.9907
86   86 201.9930
87   87 207.9965
88   88 201.0002
89   89 200.0026
90   90 203.9965
91   91 197.0000
92   92 197.9740
93   93 192.0001
94   94 197.0007
95   95 203.0000
96   96 203.9996
97   97 199.0025
98   98 198.0175
99   99 183.0000
100 100 200.9998
101 101 205.9981
102 102 198.9013
103 103 200.0000
104 104 200.0000
105 105 202.0007
106 106 202.0000
107 107 203.9999
108 108 201.0000
109 109 192.0604
110 110 203.0000
111 111 203.9981
112 112 205.9944
113 113 200.0000
114 114 200.9739
115 115 201.9999
116 116 213.0000
117 117 197.0042
118 118 197.0124
119 119 202.9999
120 120 204.0000
121 121 196.0000
122 122 195.0019
123 123 202.9976
124 124 196.9988
125 125 189.0000
126 126 203.9180
127 127 203.0000
128 128 202.9995
129 129 201.0000
130 130 198.0001
131 131 201.0000
132 132 200.0000
133 133 202.9947
134 134 200.0002
135 135 200.0000
136 136 200.0000
137 137 201.0000
138 138 202.0000
139 139 198.9966
140 140 202.0011
141 141 201.0000
142 142 198.0045
143 143 202.0000
144 144 201.9932
145 145 199.9996
146 146 210.9804
147 147 206.0000
148 148 202.9999
149 149 200.8895
150 150 212.9927
151 151 200.0002
152 152 199.0000
153 153 201.9941
154 154 193.0000
155 155 202.0422
156 156 201.0000
157 157 204.0000
158 158 199.0000
159 159 202.0000
160 160 203.9992
161 161 210.9987
162 162 185.0000
163 163 203.0000
164 164 200.9997
165 165 203.9997
166 166 202.0000
167 167 199.9998
168 168 194.9997
169 169 196.0010
170 170 204.9756
171 171 202.9996
172 172 199.0002
173 173 200.0000
174 174 199.0000
175 175 197.9978
176 176 197.0265
177 177 204.9959
178 178 199.9934
179 179 200.9819
180 180 197.0000
181 181 190.9885
182 182 203.9940
183 183 200.9993
184 184 198.0001
185 185 202.0111
186 186 203.9998
187 187 207.0009
188 188 200.9959
189 189 199.0000
190 190 199.9711
191 191 204.0000
192 192 204.9998
193 193 200.9981
194 194 200.0000
195 195 201.9998
196 196 202.9996
197 197 202.0000
198 198 202.0013
199 199 200.9997
200 200 192.0001
201 201 200.0036
202 202 193.0076
203 203 205.0000
204 204 198.0004
205 205 200.9994
206 206 199.0362
207 207 200.9999
208 208 201.9997
209 209 201.9998
210 210 202.0001
211 211 200.9960
212 212 197.9993
213 213 200.9917
214 214 199.0003
215 215 205.9982
216 216 203.0000
217 217 200.9994
218 218 201.9997
219 219 201.9998
220 220 200.9996
221 221 200.9431
222 222 198.0000
223 223 200.0000
224 224 200.0000
225 225 201.9940
226 226 198.9984
227 227 199.9974
228 228 201.9977
229 229 199.9960
230 230 203.0000
231 231 200.9995
232 232 200.9862
233 233 200.9974
234 234 201.9987
235 235 199.9988
236 236 199.9986
237 237 199.0053
238 238 208.9998
239 239 201.9999
240 240 201.9999
241 241 201.9999
242 242 202.9998
243 243 194.0006
244 244 200.9968
245 245 200.0000
246 246 201.0000
247 247 200.9999
248 248 198.0000
249 249 206.9889
250 250 194.0003
251 251 200.9924
252 252 200.9995
253 253 202.9999
254 254 208.0000
255 255 166.0000
256 256 196.9998
257 257 204.9843
258 258 201.9991
259 259 187.3753
260 260 200.9962
261 261 201.9880
262 262 204.9998
263 263 204.0000
264 264 198.9999
265 265 199.0009
266 266 200.0000
267 267 199.0022
268 268 201.9999
269 269 200.9960
270 270 199.0000
271 271 202.9948
272 272 199.9953
273 273 199.9905
274 274 201.9991
275 275 170.0000
276 276 195.9884
277 277 200.9995
278 278 200.9998
279 279 200.9991
280 280 199.8544
281 281 198.0000
282 282 204.9996
283 283 201.9999
284 284 195.0000
285 285 199.0012
286 286 204.0000
287 287 202.0000
288 288 201.9983
289 289 200.9371
290 290 207.0000
291 291 200.9986
292 292 202.0000
293 293 197.9999
294 294 205.9623
295 295 200.9912
296 296 195.0015
297 297 200.9983
298 298 200.0000
299 299 198.0030
300 300 200.9999
301 301 199.9973
302 302 204.0000
303 303 203.9966
304 304 203.9936
305 305 205.9993
306 306 195.0000
307 307 199.0000
308 308 198.0227
309 309 205.9670
310 310 197.0013
311 311 202.9971
312 312 205.9984
313 313 199.9998
314 314 202.0000
315 315 200.9997
316 316 198.0008
317 317 200.9980
318 318 203.9996
319 319 200.9991
320 320 200.0197
321 321 201.9998
322 322 199.0000
323 323 203.9872
324 324 199.9815
325 325 195.0003
326 326 198.0000
327 327 200.9995
328 328 199.9999
329 329 201.0000
330 330 200.9954
331 331 206.9510
332 332 202.9998
333 333 201.0011
334 334 200.9923
335 335 199.0030
336 336 201.9997
337 337 201.0004
338 338 191.0004
339 339 196.9514
340 340 200.0006
341 341 196.9966
342 342 184.9728
343 343 201.0000
344 344 198.0000
345 345 199.0002
346 346 200.0001
347 347 200.9999
348 348 193.0284
349 349 200.9998
350 350 198.9914
351 351 199.9697
352 352 181.0100
353 353 199.9970
354 354 202.9966
355 355 202.9997
356 356 200.9925
357 357 204.0000
358 358 201.0000
359 359 199.9622
360 360 193.0000
361 361 197.0036
362 362 198.9951
363 363 204.9983
364 364 201.0000
365 365 203.9914
366 366 200.0000
367 367 195.0000
368 368 193.0016
369 369 201.0000
370 370 201.0000
371 371 200.9648
372 372 201.0000
373 373 194.0002
374 374 199.0000
375 375 197.9979
376 376 201.0000
377 377 205.9966
378 378 198.0000
379 379 202.9998
380 380 200.0006
381 381 199.0005
382 382 199.0000
383 383 198.0001
384 384 192.9999
385 385 199.9969
386 386 180.0000
387 387 200.0000
388 388 185.0000
389 389 199.0000
390 390 228.0000
391 391 201.0000
392 392 200.9896
393 393 201.9987
394 394 200.9990
395 395 196.0000
396 396 202.9999
397 397 202.9962
398 398 200.0031
399 399 193.0001
400 400 199.0000
