                
1     1 74.00003
2     2 76.00112
3     3 75.99773
4     4 74.99927
5     5 67.99659
6     6 54.99999
7     7 44.00001
8     8 85.00039
9     9 31.99985
10   10 28.00006
11   11 23.00046
12   12 20.01125
13   13 17.00038
14   14 19.00004
15   15 30.00481
16   16 33.00007
17   17 18.00317
18   18 93.03028
19   19 44.00436
20   20 94.00051
21   21 19.00067
22   22 19.00047
23   23 18.00099
24   24 18.00010
25   25 18.00001
26   26 19.99677
27   27 19.00067
28   28 20.00000
29   29 19.00006
30   30 19.99973
31   31 19.93908
32   32 19.97724
33   33 20.92131
34   34 20.00000
35   35 20.00000
36   36 19.99861
37   37 38.00180
38   38 74.00001
39   39 68.00014
40   40 70.00018
41   41 36.99972
42   42 42.97253
43   43 70.00318
44   44 67.00035
45   45 63.00872
46   46 55.00002
47   47 46.01222
48   48 46.99975
49   49 44.99742
50   50 48.00035
51   51 48.99992
52   52 47.00066
53   53 42.99983
54   54 41.00005
55   55 41.00054
56   56 41.99985
57   57 45.01392
58   58 58.00007
59   59 61.00118
60   60 62.00056
61   61 62.00574
62   62 61.00001
63   63 61.00024
64   64 66.98146
65   65 70.00000
66   66 75.99930
67   67 79.99238
68   68 82.99988
69   69 86.99157
70   70 88.99998
71   71 90.98960
72   72 94.00000
73   73 94.99952
74   74 95.99938
75   75 95.99251
76   76 95.99005
77   77 94.99985
78   78 92.96305
79   79 92.98048
80   80 89.99998
81   81 12.99987
82   82 83.99982
83   83 79.98380
84   84 77.00000
85   85 72.99987
86   86 67.99270
87   87 62.99989
88   88 29.00545
89   89 32.05370
90   90 38.00460
91   91 44.99977
92   92 47.97391
93   93 60.00507
94   94 71.00004
95   95 74.99405
96   96 72.99999
97   97 73.00121
98   98 75.00176
99   99 75.00000
100 100 75.00022
