                 
1     1 62.999212
2     2 53.999878
3     3 53.999993
4     4 13.000124
5     5 12.000282
6     6 52.999835
7     7 12.000283
8     8 62.999903
9     9  9.000896
10   10  8.000002
11   11  7.000047
12   12  4.000039
13   13  4.001214
14   14  4.000001
15   15 45.999967
16   16 50.999837
17   17 45.999809
18   18 39.998906
19   19 47.999386
20   20 27.999905
21   21 35.999203
22   22 37.999755
23   23 38.999838
24   24 36.000000
25   25 31.999890
26   26 55.000476
27   27 59.000533
28   28 66.001006
29   29 67.000146
30   30 71.000341
31   31 61.995234
32   32 80.999984
33   33 74.999253
34   34 67.999891
35   35 75.000305
36   36 31.999921
37   37 78.000014
38   38 65.999962
39   39 55.999967
40   40 11.000003
41   41 56.999978
42   42 23.000023
43   43 58.999808
44   44  7.999592
45   45 76.000419
46   46 76.000098
47   47  7.999873
48   48  7.999632
49   49 57.999524
50   50 77.000042
51   51  7.996753
52   52 58.999838
53   53 68.999585
54   54 67.999670
55   55 65.999234
56   56 65.999958
57   57 10.998623
58   58 19.000189
59   59 82.999987
60   60 28.000121
61   61 26.000116
62   62 82.995650
63   63 80.999913
64   64 11.000124
65   65 11.000001
66   66 11.000310
67   67 60.999948
68   68 78.999995
69   69 70.999752
70   70 27.000154
71   71  7.000067
72   72 66.999883
73   73 60.998774
74   74 57.999670
75   75 56.998509
76   76 51.999783
77   77 52.999896
78   78 50.999864
79   79 52.976561
80   80 51.999883
81   81 46.999919
82   82 50.999763
83   83 49.999892
84   84 49.999999
85   85 49.999941
86   86 49.999916
87   87 48.999899
88   88 48.999909
89   89 48.999963
90   90 48.999905
91   91 45.999756
92   92 47.999990
93   93 41.999869
94   94 48.999917
95   95 46.999942
96   96 47.999557
97   97 60.000001
98   98 60.000043
99   99 71.000039
100 100 59.000443
101 101 65.000061
102 102 59.044340
103 103 69.000002
104 104 58.000065
105 105 41.999780
106 106 43.998629
107 107 42.999919
108 108 84.000064
109 109 43.999863
110 110 55.000505
111 111 43.992364
112 112 28.996480
113 113 41.999883
114 114 39.999609
115 115 66.000151
116 116 53.000013
117 117 51.000037
118 118 56.000620
119 119  8.000749
120 120 50.000560
121 121 49.000517
122 122 53.000287
123 123 49.000346
124 124 78.999537
125 125 74.999976
126 126 25.001222
127 127 28.000039
128 128 53.002543
129 129 33.000008
130 130 53.000001
131 131 38.000829
132 132 39.000031
133 133 51.000000
134 134 47.000407
135 135 41.000216
136 136 49.000449
137 137 50.000040
138 138 57.000012
139 139 54.000543
140 140 55.000001
141 141 55.000505
142 142 57.008441
143 143 63.006470
144 144 59.000462
145 145 59.000007
146 146 59.000393
147 147 60.000025
148 148 59.000016
149 149 61.000023
150 150 60.000052
151 151 58.000048
152 152 61.000313
153 153 61.000008
154 154 60.000003
155 155 57.000002
156 156 57.000021
157 157 57.000480
158 158 56.000049
159 159 55.000003
160 160 54.000015
161 161 55.000031
162 162 51.000006
163 163 51.000060
164 164 50.000025
165 165 45.000911
166 166 46.000700
167 167 44.000025
168 168 20.999601
169 169 21.999935
170 170 24.000000
171 171 26.998979
172 172 28.999584
173 173 30.999776
174 174 33.999988
175 175 35.000000
176 176 35.999992
177 177 38.999851
178 178 36.999949
179 179 40.999803
180 180 44.999077
181 181 30.999379
182 182 49.999162
183 183 50.999683
184 184 48.996949
185 185  2.000526
186 186  3.001461
187 187 58.999884
188 188  6.000718
189 189  8.000072
190 190 19.000002
191 191 10.000458
192 192  5.000104
193 193 12.000078
194 194 14.000051
195 195 14.000102
196 196  8.000018
197 197 13.000129
198 198 14.000086
199 199 14.000130
200 200 11.000106
