1     1  102.99934
2     2  102.99879
3     3  101.99991
4     4  103.99747
5     5  101.99938
6     6  101.99967
7     7  101.99956
8     8  100.99999
9     9  101.99980
10   10  102.99944
11   11  101.99911
12   12   97.00000
13   13  102.99879
14   14  103.99991
15   15  103.99482
16   16  103.00000
17   17   99.99960
18   18   97.99999
19   19  101.99839
20   20  103.99643
21   21  101.99996
22   22  101.00000
23   23  100.99997
24   24  100.99947
25   25  100.99974
26   26   98.99927
27   27  102.99949
28   28   97.99993
29   29   97.99991
30   30   97.99994
31   31   94.99978
32   32   92.99978
33   33   95.00000
34   34   91.99956
35   35   90.99982
36   36   90.99975
37   37   88.99972
38   38   87.99927
39   39   86.99995
40   40   87.99998
41   41   83.00000
42   42   83.00000
43   43   81.99893
44   44   77.99997
45   45   77.99956
46   46   77.99965
47   47   77.00000
48   48   74.99999
49   49   74.99961
50   50   72.99946
51   51   68.99995
52   52   75.99999
53   53   73.99989
54   54   78.99971
55   55   78.99964
56   56   77.99996
57   57   78.99961
58   58   80.99911
59   59   81.99990
60   60   83.99971
61   61   83.99936
62   62   84.99999
63   63   84.99993
64   64   86.99950
65   65   85.99940
66   66   88.00000
67   67   90.99968
68   68   91.99979
69   69   94.00000
70   70   94.99973
71   71   94.99982
72   72   95.99969
73   73   94.99998
74   74   97.99984
75   75   99.00000
76   76  107.00000
77   77   98.99998
78   78  102.99999
79   79   98.99771
80   80  101.00000
81   81  102.00000
82   82  102.99998
83   83  101.99999
84   84  101.99985
85   85  102.99958
86   86  102.99954
87   87  102.99969
88   88  102.99988
89   89  102.99983
90   90   98.99998
91   91  101.99934
92   92  101.99982
93   93  101.99968
94   94  101.00000
95   95  101.99999
96   96  100.99995
97   97  101.99932
98   98  102.99920
99   99  102.99971
100 100  101.99624
101 101  101.99984
102 102  109.99997
103 103  101.99948
104 104  101.99963
105 105   97.99910
106 106  101.99933
107 107  102.99968
108 108  101.99946
109 109  100.99999
110 110  102.99998
111 111   98.99939
112 112  103.99997
113 113  104.99922
114 114  102.99980
115 115  109.00000
116 116   97.99980
117 117  101.99959
118 118  101.99803
119 119  100.99950
120 120  101.99955
121 121  103.99992
122 122  100.99967
123 123  100.99943
124 124  100.99986
125 125   99.99980
126 126   98.99762
127 127   98.99977
128 128   97.99979
129 129   96.99928
130 130   95.99977
131 131  110.99984
132 132   92.99931
133 133   93.99777
134 134   95.99959
135 135   90.99995
136 136   89.99986
137 137   89.99997
138 138   86.99989
139 139   87.00000
140 140   84.99993
141 141   83.99970
142 142   82.99969
143 143   81.00000
144 144   79.99750
145 145   78.99991
146 146   75.99999
147 147   77.99961
148 148   74.99983
149 149   73.99895
150 150   72.99999
151 151   75.00047
152 152   76.00086
153 153   79.00882
154 154   78.00043
155 155   80.00006
156 156   83.00001
157 157   81.00013
158 158   80.00002
159 159   83.00038
160 160   84.00017
161 161   81.00000
162 162   84.00041
163 163   84.00000
164 164   87.00051
165 165   87.00016
166 166   88.00081
167 167   88.00000
168 168   90.00001
169 169   89.00000
170 170   89.00121
171 171   90.00034
172 172   92.00049
173 173   94.00202
174 174   92.00021
175 175   92.00000
176 176   92.00036
177 177   94.00096
178 178   94.00156
179 179   94.00002
180 180   96.00005
181 181   96.00000
182 182  100.00041
183 183   97.00052
184 184   99.00019
185 185   99.00024
186 186   96.00032
187 187  100.00083
188 188  101.00015
189 189  102.00002
190 190   99.02478
191 191  103.00005
192 192  104.00012
193 193  104.00003
194 194  104.00132
195 195  104.00030
196 196  105.00055
197 197  106.00017
198 198  106.00003
199 199  106.00015
200 200  106.00000
201 201  106.00038
202 202  110.00000
203 203  106.00030
204 204  105.00000
205 205  106.00001
206 206  107.00009
207 207  106.00009
208 208  107.00058
209 209  103.00037
210 210  103.00008
211 211  103.00030
212 212  104.00000
213 213  102.00013
214 214  101.00027
215 215  100.00000
216 216   98.00000
217 217   99.00020
218 218   99.00032
219 219   98.00050
220 220   97.00198
221 221   96.00012
222 222   96.00202
223 223   95.00011
224 224   94.00082
225 225   92.00090
226 226   93.00026
227 227   89.00019
228 228   91.00076
229 229   91.00228
230 230   91.00022
231 231   92.00000
232 232   87.00084
233 233   87.00000
234 234   90.00000
235 235   88.00020
236 236   88.00048
237 237   87.00045
238 238   86.00061
239 239   86.00029
240 240   86.00010
241 241   85.00000
242 242   84.00009
243 243   83.00009
244 244   82.00018
245 245   80.00043
246 246   81.00000
247 247   82.00001
248 248   79.00000
249 249   77.00000
250 250   77.00034
251 251   73.00038
252 252   80.00000
253 253   78.00000
254 254   79.00028
255 255   80.00002
256 256   86.00001
257 257   81.00050
258 258   80.00129
259 259   83.00000
260 260   84.00004
261 261   86.00018
262 262   85.00013
263 263   84.00074
264 264   87.00003
265 265   87.00056
266 266   84.00029
267 267   87.00097
268 268   89.00000
269 269   89.00076
270 270   89.00009
271 271   91.00025
272 272   91.00015
273 273   91.00031
274 274   91.00010
275 275   92.00379
276 276   94.00089
277 277   93.00022
278 278   93.00005
279 279   94.00037
280 280   96.00294
281 281   96.00203
282 282   98.00048
283 283   98.00014
284 284   99.00067
285 285  100.00044
286 286   99.00061
287 287   99.00001
288 288  101.00038
289 289  100.00004
290 290  103.00160
291 291  103.00000
292 292  104.00033
293 293  104.00152
294 294  105.00026
295 295  107.00492
296 296  106.00616
297 297  107.00040
298 298  107.00008
299 299  106.00000
300 300  106.00000
301 301  106.00150
302 302  105.00050
303 303  106.00027
304 304  106.00028
305 305  106.00012
306 306  106.00250
307 307  104.00011
308 308  105.00049
309 309  106.00153
310 310  104.00014
311 311  103.00047
312 312  103.00099
313 313   98.00078
314 314  101.00063
315 315  100.00001
316 316   99.00001
317 317   96.00000
318 318   99.00267
319 319   98.00000
320 320   97.00007
321 321   90.00000
322 322   93.00035
323 323   96.00014
324 324   94.00005
325 325   94.00002
326 326   93.00003
327 327   92.00036
328 328   92.00053
329 329   89.00056
330 330   91.00032
331 331   92.00000
332 332   89.00281
333 333   87.00005
334 334   87.00032
335 335   78.00156
336 336   86.00171
337 337   87.00033
338 338   84.00015
339 339   88.00058
340 340   86.00008
341 341   83.00057
342 342   84.00015
343 343   82.00024
344 344   82.00005
345 345   81.00095
346 346   80.00000
347 347   80.00004
348 348   79.00169
349 349   78.00001
350 350   77.00009
351 351   72.00000
352 352   69.99999
353 353   76.00000
354 354   75.99833
355 355   76.99940
356 356   77.99866
357 357   76.99999
358 358   81.99946
359 359   82.99999
360 360   81.99978
361 361   83.99897
362 362   84.99967
363 363   86.99995
364 364   85.00000
365 365   90.00000
366 366   89.99998
367 367   90.99931
368 368   91.99959
369 369   95.99955
370 370   94.99928
371 371   92.99999
372 372   91.99998
373 373   96.99771
374 374   97.99961
375 375   98.99979
376 376   98.99999
377 377   99.99982
378 378  100.99981
379 379  101.00000
380 380   98.99994
381 381  102.00000
382 382  101.99999
383 383  104.99980
384 384   96.99995
385 385  102.99807
386 386  102.99884
387 387  102.99999
388 388  103.99973
389 389  101.99963
390 390  101.99985
391 391  102.99971
392 392  102.99972
393 393  101.99971
394 394  102.99874
395 395  101.99984
396 396  104.99991
397 397  102.00000
398 398  101.99889
399 399  102.99767
400 400  101.99945
