                 
1     1  75.00032
2     2  76.00074
3     3  74.99912
4     4  74.93590
5     5  63.99997
6     6  54.99998
7     7  44.00012
8     8  85.00004
9     9  31.99966
10   10  25.00000
11   11  23.03920
12   12  21.00016
13   13  18.00002
14   14  19.00003
15   15  30.00142
16   16  34.00318
17   17  18.00343
18   18  96.00012
19   19  43.01433
20   20  99.00326
21   21  18.00184
22   22  19.00078
23   23  17.00111
24   24  17.00001
25   25  18.00001
26   26  20.00000
27   27  19.00003
28   28  19.99906
29   29  19.00001
30   30  19.98871
31   31  20.00000
32   32 101.00332
33   33  19.99397
34   34  19.99998
35   35  19.99357
36   36  19.99932
37   37  37.00434
38   38  75.00336
39   39  11.00000
40   40  70.00010
41   41  39.00000
42   42  40.98164
43   43  70.00000
44   44  65.01700
45   45  62.00677
46   46  54.00676
47   47  43.00005
48   48  45.99860
49   49  44.16336
50   50  49.00001
51   51  48.97963
52   52  47.00012
53   53  43.99910
54   54  41.00000
55   55  43.00111
56   56  35.99992
57   57  45.00171
58   58  59.00129
59   59  61.00650
60   60  61.00023
61   61  62.00026
62   62  60.00161
63   63  61.00002
64   64  66.98872
65   65  68.99521
66   66  75.99693
67   67  79.98368
68   68  83.99947
69   69  85.97728
70   70  87.99915
71   71  90.99998
72   72  93.00000
73   73  94.99976
74   74  95.99164
75   75  96.99992
76   76  95.99973
77   77  93.99934
78   78  92.99994
79   79  93.99985
80   80  90.00000
81   81  88.99998
82   82  83.98216
83   83  79.99984
84   84  76.99954
85   85  73.98357
86   86  67.99963
87   87  62.99993
88   88  28.00007
89   89  32.00011
90   90  38.00043
91   91  44.99981
92   92  48.00000
93   93  59.00029
94   94  71.00579
95   95  74.99999
96   96  72.99890
97   97  70.00397
98   98  73.00007
99   99  74.01047
100 100  74.02149
