                 
1     1  75.00035
2     2  75.99995
3     3  74.99088
4     4  74.99999
5     5  62.99986
6     6  53.99979
7     7  45.00000
8     8  36.99997
9     9  31.99997
10   10  25.99998
11   11  93.00763
12   12  21.00002
13   13  19.00000
14   14  19.00001
15   15  25.00019
16   16  17.99982
17   17  19.00000
18   18  19.00000
19   19  17.99945
20   20  17.99985
21   21  18.99929
22   22  19.98313
23   23  18.99998
24   24  17.99983
25   25  18.99948
26   26  18.99992
27   27  18.99981
28   28  20.00000
29   29  20.00000
30   30  19.99998
31   31  19.99991
32   32  14.00000
33   33  18.99995
34   34  18.99970
35   35  19.99996
36   36  94.00040
37   37  36.00004
38   38  19.99998
39   39  88.00028
40   40  71.00001
41   41  73.00031
42   42  41.00000
43   43  70.00001
44   44  67.00009
45   45  64.00002
46   46  55.00005
47   47  46.00000
48   48  46.00041
49   49  48.00000
50   50  60.00000
51   51  48.00005
52   52  59.00001
53   53 117.00009
54   54  44.00006
55   55  55.00001
56   56  41.00000
57   57  53.00002
58   58  59.00011
59   59  63.00001
60   60  63.00004
61   61  62.00001
62   62  61.00004
63   63  61.00001
64   64  66.00009
65   65  70.00000
66   66  75.00015
67   67  79.00057
68   68  82.00000
69   69  86.00034
70   70  87.00189
71   71  90.00002
72   72  92.00002
73   73  94.00000
74   74  95.00004
75   75  95.00004
76   76  95.00000
77   77  93.00000
78   78  94.00001
79   79  92.00102
80   80  90.00003
81   81  87.00000
82   82  83.00018
83   83 104.00038
84   84 101.00017
85   85  72.00112
86   86  91.00007
87   87  62.00035
88   88  28.99984
89   89  33.00000
90   90  38.99991
91   91  42.99982
92   92  48.00000
93   93  58.99999
94   94  71.99983
95   95  74.99999
96   96  72.99995
97   97  70.99978
98   98  73.99994
99   99  75.99998
100 100  75.00228
