    xev evidencias
1     1   200.9694
2     2   200.9995
3     3   201.0000
4     4   200.9992
5     5   200.9994
6     6   200.9999
7     7   200.9998
8     8   200.9994
9     9   200.9998
10   10   201.0000
11   11   200.9997
12   12   200.9998
13   13   200.9994
14   14   200.9995
15   15   200.9988
16   16   200.9999
17   17   200.9993
18   18   200.9991
19   19   200.9993
20   20   200.9999
21   21   201.0000
22   22   200.9998
23   23   200.9624
24   24   200.9996
25   25   200.9990
26   26   201.0000
27   27   200.9997
28   28   200.9998
29   29   200.9697
30   30   200.9997
31   31   200.9997
32   32   200.9513
33   33   200.9555
34   34   200.9999
35   35   200.9990
36   36   201.0000
37   37   200.9988
38   38   201.0000
39   39   200.9685
40   40   200.9997
41   41   200.9997
42   42   200.9999
43   43   200.9999
44   44   200.9997
45   45   200.9987
46   46   201.0000
47   47   200.9996
48   48   200.9998
49   49   200.9978
50   50   200.9984
51   51   200.9494
52   52   201.0000
53   53   200.9993
54   54   200.9554
55   55   200.9997
56   56   201.0000
57   57   201.0000
58   58   201.0000
59   59   200.9999
60   60   200.9997
61   61   200.9993
62   62   200.9992
63   63   200.9991
64   64   200.9993
65   65   200.9688
66   66   201.0000
67   67   200.9573
68   68   200.9998
69   69   200.9999
70   70   200.9987
71   71   200.9998
72   72   200.9998
73   73   201.0000
74   74   200.9998
75   75   200.9999
76   76   200.9999
77   77   200.9996
78   78   200.9989
79   79   200.9602
80   80   200.9517
81   81   200.9998
82   82   201.0000
83   83   200.9998
84   84   200.9998
85   85   200.9999
86   86   200.9995
87   87   200.9983
88   88   200.9995
89   89   200.9989
90   90   200.9998
91   91   200.9995
92   92   200.9993
93   93   200.9998
94   94   200.9994
95   95   200.9621
96   96   200.9996
97   97   201.0000
98   98   200.9992
99   99   200.9995
100 100   200.9563
101 101   200.9995
102 102   201.0000
103 103   200.9996
104 104   201.0000
105 105   200.9457
106 106   201.0000
107 107   200.9996
108 108   200.9997
109 109   200.9996
110 110   201.0000
111 111   200.9984
112 112   200.9994
113 113   200.9998
114 114   200.9999
115 115   200.9997
116 116   200.9990
117 117   200.9988
118 118   200.9999
119 119   200.9998
120 120   200.9534
121 121   200.9995
122 122   200.9995
123 123   200.9994
124 124   200.9994
125 125   200.9997
126 126   200.9603
127 127   200.9650
128 128   200.9988
129 129   200.9990
130 130   200.9999
131 131   200.9992
132 132   200.9993
133 133   200.9999
134 134   200.9994
135 135   200.9989
136 136   200.9971
137 137   200.9997
138 138   200.9993
139 139   200.9999
140 140   200.9999
141 141   200.9467
142 142   200.9997
143 143   200.9994
144 144   200.9995
145 145   200.9599
146 146   201.0000
147 147   200.9999
148 148   200.9997
149 149   200.9999
150 150   200.9988
151 151   200.9996
152 152   201.0000
153 153   200.9989
154 154   200.9999
155 155   200.9997
156 156   200.9999
157 157   200.9997
158 158   200.9994
159 159   200.9989
160 160   200.9990
161 161   200.9995
162 162   200.9997
163 163   200.9993
164 164   200.9996
165 165   200.9999
166 166   200.9994
167 167   200.9999
168 168   200.9993
169 169   201.0000
170 170   200.9994
171 171   200.9999
172 172   200.9986
173 173   200.9992
174 174   200.9996
175 175   200.9987
176 176   200.9998
177 177   200.9998
178 178   200.9997
179 179   200.9991
180 180   200.9627
181 181   200.9988
182 182   200.9986
183 183   200.9998
184 184   201.0000
185 185   200.9994
186 186   200.9997
187 187   200.9994
188 188   200.9995
189 189   201.0000
190 190   200.9998
191 191   200.9999
192 192   201.0000
193 193   200.9991
194 194   200.9996
195 195   200.9996
196 196   200.9990
197 197   200.9998
198 198   200.9613
199 199   200.9999
200 200   200.9992
201 201   200.9999
202 202   200.9987
203 203   200.9987
204 204   200.9999
205 205   200.9980
206 206   200.9998
207 207   200.9999
208 208   200.9534
209 209   201.0000
210 210   200.9993
211 211   201.0000
212 212   201.0000
213 213   201.0000
214 214   200.9999
215 215   200.9995
216 216   200.9990
217 217   200.9989
218 218   201.0000
219 219   200.9996
220 220   200.9990
221 221   200.9688
222 222   200.9998
223 223   200.9997
224 224   200.9997
225 225   200.9991
226 226   200.9993
227 227   200.9996
228 228   201.0000
229 229   200.9650
230 230   200.9999
231 231   200.9991
232 232   200.9672
233 233   201.0000
234 234   200.9994
235 235   201.0000
236 236   200.9995
237 237   200.9524
238 238   200.9591
239 239   200.9999
240 240   200.9997
241 241   200.9682
242 242   200.9999
243 243   201.0000
244 244   201.0000
245 245   200.9997
246 246   200.9381
247 247   200.9997
248 248   200.9998
249 249   200.9996
250 250   200.9997
251 251   200.9988
252 252   201.0000
253 253   200.9993
254 254   200.9650
255 255   200.9988
256 256   200.9996
257 257   201.0000
258 258   201.0000
259 259   200.9994
260 260   200.9989
261 261   200.9990
262 262   200.9996
263 263   200.9998
264 264   200.9679
265 265   200.9998
266 266   200.9994
267 267   200.9674
268 268   200.9997
269 269   200.9998
270 270   200.9990
271 271   200.9995
272 272   200.9994
273 273   200.9999
274 274   200.9690
275 275   200.9999
276 276   200.9994
277 277   200.9999
278 278   200.9998
279 279   200.9995
280 280   200.9996
281 281   200.9999
282 282   200.9999
283 283   200.9991
284 284   200.9998
285 285   200.9993
286 286   200.9986
287 287   200.9999
288 288   200.9997
289 289   200.9993
290 290   201.0000
291 291   201.0000
292 292   200.9999
293 293   200.9987
294 294   200.9993
295 295   200.9994
296 296   200.9990
297 297   200.9996
298 298   200.9994
299 299   200.9999
300 300   200.9996
301 301   200.9988
302 302   200.9997
303 303   200.9992
304 304   200.9678
305 305   200.9993
306 306   200.9994
307 307   200.9994
308 308   200.9995
309 309   200.9994
310 310   200.9996
311 311   200.9999
312 312   200.9996
313 313   201.0000
314 314   200.9998
315 315   200.9993
316 316   200.9999
317 317   200.9992
318 318   200.9999
319 319   200.9497
320 320   200.9998
321 321   200.9998
322 322   200.9999
323 323   200.9460
324 324   200.7598
325 325   200.9999
326 326   200.9996
327 327   200.9997
328 328   200.9999
329 329   200.9992
330 330   200.9997
331 331   201.0000
332 332   200.9999
333 333   200.9994
334 334   200.9628
335 335   200.9998
336 336   200.9995
337 337   200.9994
338 338   200.9989
339 339   200.9995
340 340   200.9983
341 341   200.9997
342 342   200.9997
343 343   200.8653
344 344   200.9998
345 345   200.9996
346 346   200.9992
347 347   200.9994
348 348   200.9988
349 349   200.9998
350 350   200.9990
351 351   200.9998
352 352   200.9995
353 353   200.9999
354 354   200.9999
355 355   200.9995
356 356   200.9995
357 357   200.9996
358 358   200.9999
359 359   200.9996
360 360   200.9961
361 361   200.9999
362 362   200.9679
363 363   200.9987
364 364   200.9997
365 365   200.9997
366 366   201.0000
367 367   200.9997
368 368   200.9994
369 369   200.9516
370 370   200.9999
371 371   200.9999
372 372   200.9996
373 373   200.9996
374 374   201.0000
375 375   200.9995
376 376   200.9999
377 377   200.9997
378 378   200.9999
379 379   200.9989
380 380   201.0000
381 381   200.9999
382 382   201.0000
383 383   200.9998
384 384   200.9998
385 385   200.9999
386 386   200.9992
387 387   200.9992
388 388   200.9698
389 389   200.9990
390 390   200.9998
391 391   200.9996
392 392   200.9622
393 393   200.9987
394 394   200.9998
395 395   200.9988
396 396   200.9990
397 397   200.9988
398 398   200.9999
399 399   200.9996
400 400   200.9995
