                 
1     1 35.000298
2     2 46.002311
3     3 43.000170
4     4 33.000338
5     5 44.000025
6     6 45.000098
7     7 36.000000
8     8 25.000019
9     9 33.000107
10   10 36.000052
11   11 35.000004
12   12 41.000845
13   13 31.000136
14   14 31.000423
15   15 33.000005
16   16 43.000089
17   17 41.000011
18   18 32.000483
19   19 35.000409
20   20 32.000037
21   21 30.000297
22   22 29.000017
23   23 31.000073
24   24 36.000098
25   25 40.000146
26   26 49.999988
27   27 49.999980
28   28 49.999971
29   29 49.999976
30   30 49.999993
31   31 49.999958
32   32 51.999769
33   33 51.999454
34   34 51.999999
35   35 51.999196
36   36 51.000000
37   37 50.999992
38   38 52.999946
39   39 51.999649
40   40 48.999722
41   41 52.999909
42   42 52.999831
43   43 53.999524
44   44 54.999718
45   45 53.999880
46   46 55.999970
47   47 56.999962
48   48 54.999921
49   49 54.999958
50   50 55.999997
51   51 55.000000
52   52 54.998819
53   53 55.999870
54   54 48.999999
55   55 49.999736
56   56 48.999974
57   57 51.999641
58   58 49.997057
59   59 49.999985
60   60 49.999931
61   61 55.999985
62   62 56.998524
63   63 51.999999
64   64 57.999501
65   65 56.999999
66   66 56.999998
67   67 57.999998
68   68 57.999782
69   69 57.999756
70   70 52.000000
71   71 54.999098
72   72 58.997580
73   73 58.998624
74   74 58.999963
75   75 59.999985
76   76 65.986503
77   77 56.990393
78   78 68.999977
79   79 67.999821
80   80 78.999887
81   81 47.999992
82   82 48.999997
83   83 47.999927
84   84 75.000107
85   85 52.999985
86   86 57.999836
87   87 73.999996
88   88 73.999431
89   89 71.999991
90   90 83.999997
91   91 22.000004
92   92 22.000020
93   93 26.000113
94   94 46.000001
95   95 52.000036
96   96 71.999995
97   97 58.000070
98   98 56.000002
99   99 37.000134
100 100 24.999988
101 101 24.998530
102 102 54.000480
103 103 64.000086
104 104 75.000003
105 105 22.999982
106 106 69.000752
107 107 69.000036
108 108 78.000263
109 109 59.000018
110 110 82.000010
111 111 76.000108
112 112 41.000020
113 113 43.000032
114 114 31.000258
115 115 39.000030
116 116 84.000209
117 117 49.000032
118 118 40.000077
119 119 19.000001
120 120 29.000747
121 121 30.000675
122 122 56.000154
123 123 71.000512
124 124 23.000648
125 125 10.000068
126 126 49.999999
127 127  1.999884
128 128 20.000246
129 129 19.000493
130 130 73.999999
131 131 81.999967
132 132 81.998546
133 133 18.999216
134 134 16.999843
135 135  3.999997
136 136 56.000020
137 137  6.999050
138 138 70.000526
139 139 43.999976
140 140 52.999915
141 141  9.998680
142 142  1.999999
143 143 83.999918
144 144 68.999334
145 145 84.999813
146 146 72.999936
147 147 27.000016
148 148 79.000177
149 149 15.999637
150 150 84.003208
151 151  4.999656
152 152 40.000306
153 153  4.998101
154 154  3.999510
155 155 84.999856
156 156 79.000417
157 157 74.000335
158 158  1.999378
159 159 84.000001
160 160 30.000078
161 161 20.000139
162 162 60.000011
163 163  5.000276
164 164 69.000967
165 165 49.000033
166 166  3.993438
167 167  1.999467
168 168 81.999998
169 169  1.999999
170 170 83.000262
171 171 50.999998
172 172 14.000011
173 173 72.999441
174 174 70.999875
175 175 84.000840
176 176 62.999825
177 177 81.998832
178 178  1.999999
179 179 56.000475
180 180 68.000001
181 181  1.999802
182 182 29.000000
183 183 81.999764
184 184 20.000009
185 185 25.000030
186 186 28.000484
187 187 41.000214
188 188 14.000032
189 189  1.999774
190 190 47.004443
191 191 51.000034
192 192  2.999587
193 193 41.000460
194 194 29.000022
195 195 16.000510
196 196 41.000268
197 197 42.000179
198 198 46.000376
199 199 15.000357
200 200 35.000008
