                
1     1 204.9822
2     2 200.9984
3     3 203.0000
4     4 198.9986
5     5 200.9999
6     6 204.0000
7     7 202.9819
8     8 200.9995
9     9 204.0000
10   10 201.0000
11   11 202.9875
12   12 201.0001
13   13 195.0002
14   14 201.0000
15   15 199.0433
16   16 200.9999
17   17 200.9999
18   18 200.9972
19   19 196.9687
20   20 200.9812
21   21 198.0792
22   22 200.0000
23   23 198.9794
24   24 201.0000
25   25 200.0000
26   26 200.9998
27   27 194.0000
28   28 200.0000
29   29 201.0000
30   30 202.0000
31   31 200.0016
32   32 201.9996
33   33 201.9999
34   34 200.9985
35   35 198.0000
36   36 202.9987
37   37 203.9995
38   38 202.9993
39   39 197.9990
40   40 198.0000
41   41 201.0000
42   42 200.9981
43   43 203.9994
44   44 191.0017
45   45 201.9999
46   46 201.9840
47   47 206.0000
48   48 201.9995
49   49 203.0000
50   50 204.9899
51   51 202.9999
52   52 201.0000
53   53 188.0000
54   54 201.9978
55   55 204.9975
56   56 200.9998
57   57 200.9999
58   58 204.9733
59   59 195.9936
60   60 193.0000
61   61 211.0000
62   62 201.0000
63   63 199.9873
64   64 201.0000
65   65 201.0000
66   66 201.9675
67   67 200.0066
68   68 201.9980
69   69 203.9999
70   70 204.9922
71   71 203.9989
72   72 201.9970
73   73 203.0003
74   74 200.9968
75   75 203.0000
76   76 198.0012
77   77 200.9999
78   78 200.9449
79   79 201.9999
80   80 201.0000
81   81 197.9964
82   82 201.8852
83   83 200.9997
84   84 201.9984
85   85 200.9997
86   86 204.0082
87   87 200.0004
88   88 195.0000
89   89 200.9995
90   90 201.9904
91   91 203.9959
92   92 198.9467
93   93 199.9988
94   94 191.0003
95   95 200.9994
96   96 191.0053
97   97 201.0000
98   98 199.0000
99   99 199.0000
100 100 163.0000
101 101 198.9995
102 102 200.9926
103 103 200.9999
104 104 200.9976
105 105 201.9997
106 106 200.0163
107 107 202.9992
108 108 200.9999
109 109 199.9999
110 110 201.0000
111 111 203.9724
112 112 200.9977
113 113 199.0001
114 114 198.0000
115 115 196.0020
116 116 198.9984
117 117 200.9999
118 118 201.0000
119 119 200.0000
120 120 212.9997
121 121 198.9999
122 122 200.0000
123 123 193.0121
124 124 200.0000
125 125 198.0000
126 126 200.9999
127 127 202.9680
128 128 200.0000
129 129 199.0127
130 130 202.9961
131 131 205.9997
132 132 199.9997
133 133 198.0419
134 134 204.9996
135 135 198.9989
136 136 200.0000
137 137 197.0000
138 138 194.9998
139 139 198.9999
140 140 198.9986
141 141 204.0000
142 142 200.9893
143 143 206.0000
144 144 205.0000
145 145 199.9952
146 146 201.9821
147 147 199.0145
148 148 200.0305
149 149 201.9986
150 150 198.9999
151 151 203.9983
152 152 200.9985
153 153 193.0000
154 154 198.0000
155 155 200.9973
156 156 204.9999
157 157 199.9982
158 158 200.9999
159 159 201.0000
160 160 176.0000
161 161 199.0000
162 162 202.9685
163 163 200.0010
164 164 200.9998
165 165 199.0423
166 166 200.9992
167 167 200.9916
168 168 196.0002
169 169 200.9994
170 170 203.9999
171 171 200.0017
172 172 200.9996
173 173 202.9957
174 174 198.0000
175 175 203.0002
176 176 200.0000
177 177 204.9996
178 178 201.9943
179 179 211.0000
180 180 205.9607
181 181 200.0000
182 182 202.9726
183 183 200.5748
184 184 201.0000
185 185 201.0000
186 186 197.0000
187 187 197.0001
188 188 200.9998
189 189 201.9850
190 190 197.0001
191 191 200.9981
192 192 198.0000
193 193 196.0000
194 194 200.0000
195 195 205.9981
196 196 197.0005
197 197 200.0003
198 198 200.0000
199 199 207.9940
200 200 200.0000
201 201 195.0002
202 202 198.0000
203 203 200.0000
204 204 201.0000
205 205 197.9978
206 206 199.9999
207 207 204.0000
208 208 205.9896
209 209 200.0043
210 210 203.9963
211 211 198.0463
212 212 199.0000
213 213 199.0234
214 214 202.0000
215 215 203.0007
216 216 197.9999
217 217 201.9997
218 218 200.9861
219 219 201.0000
220 220 203.9913
221 221 201.9982
222 222 203.9826
223 223 204.9994
224 224 201.0000
225 225 196.8942
226 226 200.9956
227 227 192.0000
228 228 198.0000
229 229 197.0006
230 230 198.8114
231 231 200.9904
232 232 197.0005
233 233 202.9957
234 234 196.9979
235 235 200.9837
236 236 200.9606
237 237 200.0132
238 238 200.9851
239 239 201.9991
240 240 200.9925
241 241 198.9998
242 242 201.0000
243 243 200.9976
244 244 198.0002
245 245 200.0000
246 246 203.9948
247 247 200.9988
248 248 201.0020
249 249 200.9988
250 250 202.0000
251 251 201.9956
252 252 199.0000
253 253 200.9995
254 254 202.0000
255 255 198.0003
256 256 203.9953
257 257 199.9924
258 258 200.9986
259 259 200.9834
260 260 201.0000
261 261 199.9998
262 262 199.9990
263 263 202.9968
264 264 201.9125
265 265 201.0000
266 266 200.0005
267 267 198.0000
268 268 200.0142
269 269 197.0000
270 270 204.9951
271 271 199.9812
272 272 200.0000
273 273 202.0000
274 274 201.0000
275 275 200.9117
276 276 200.9999
277 277 201.0000
278 278 201.0000
279 279 201.9982
280 280 202.9948
281 281 198.9958
282 282 200.0408
283 283 200.9999
284 284 200.9917
285 285 198.9999
286 286 198.0000
287 287 200.0002
288 288 199.9862
289 289 201.0000
290 290 201.9996
291 291 200.9838
292 292 183.0000
293 293 199.9998
294 294 203.0000
295 295 198.0000
296 296 199.9993
297 297 186.0000
298 298 200.9992
299 299 203.9999
300 300 201.9978
301 301 203.0000
302 302 197.0001
303 303 200.0000
304 304 200.0000
305 305 200.0056
306 306 200.9909
307 307 203.0000
308 308 199.0000
309 309 205.9802
310 310 196.0000
311 311 203.9996
312 312 200.9995
313 313 203.9997
314 314 188.0000
315 315 207.9936
316 316 201.0000
317 317 196.0015
318 318 200.9999
319 319 202.0000
320 320 202.0009
321 321 197.9995
322 322 200.9988
323 323 200.9846
324 324 200.9950
325 325 201.0052
326 326 201.0000
327 327 199.0001
328 328 195.0001
329 329 201.9962
330 330 199.0000
331 331 193.0000
332 332 203.9998
333 333 202.9989
334 334 198.0018
335 335 202.0000
336 336 199.9984
337 337 200.0006
338 338 197.0151
339 339 200.0000
340 340 198.0000
341 341 203.0000
342 342 200.9993
343 343 200.9908
344 344 203.9997
345 345 202.0000
346 346 203.9999
347 347 197.0001
348 348 196.0014
349 349 200.9874
350 350 199.8611
351 351 194.0001
352 352 199.9962
353 353 198.0061
354 354 199.0000
355 355 201.9996
356 356 199.0004
357 357 200.9997
358 358 198.0029
359 359 202.0000
360 360 201.0000
361 361 200.9999
362 362 200.8204
363 363 200.0001
364 364 200.9999
365 365 200.9342
366 366 201.9999
367 367 201.9982
368 368 201.9989
369 369 200.9874
370 370 202.0000
371 371 200.9914
372 372 202.0000
373 373 200.9970
374 374 200.0028
375 375 199.0425
376 376 201.0000
377 377 200.9999
378 378 198.0000
379 379 200.9995
380 380 200.9998
381 381 194.0005
382 382 198.9994
383 383 200.9995
384 384 201.9680
385 385 181.0000
386 386 200.0000
387 387 200.9998
388 388 201.9999
389 389 198.0000
390 390 202.0000
391 391 205.9998
392 392 193.0000
393 393 202.0002
394 394 197.9952
395 395 200.0218
396 396 200.9990
397 397 197.0014
398 398 198.0000
399 399 204.0000
400 400 201.9881
