1     1  102.99993
2     2  102.99986
3     3  101.99966
4     4  103.99988
5     5  101.99967
6     6  101.99937
7     7  101.99978
8     8  101.99965
9     9  101.99996
10   10  102.99944
11   11  102.99947
12   12   97.00000
13   13  102.99972
14   14  102.99999
15   15  102.99948
16   16  102.99989
17   17   99.99951
18   18   99.99992
19   19  101.99596
20   20  103.99999
21   21  101.99997
22   22   99.99998
23   23  100.99981
24   24  102.00000
25   25  100.99987
26   26   98.99994
27   27  102.99943
28   28   97.99996
29   29   97.99977
30   30   97.99999
31   31   94.99985
32   32   92.99974
33   33   94.99811
34   34   91.99962
35   35   91.00000
36   36   90.99935
37   37   89.00000
38   38   87.99994
39   39   86.99994
40   40   84.99971
41   41   82.99969
42   42   82.99998
43   43   78.99961
44   44   78.99999
45   45   77.99947
46   46   78.00000
47   47   76.99700
48   48   75.00000
49   49   73.99907
50   50   72.99981
51   51   68.99866
52   52   75.99997
53   53   73.99980
54   54   78.99979
55   55   78.99995
56   56   77.99916
57   57   78.99954
58   58   80.99982
59   59   81.99995
60   60   83.99925
61   61   83.99948
62   62   84.99975
63   63   84.99998
64   64   86.99976
65   65   85.99983
66   66   87.99939
67   67   90.99974
68   68   91.99987
69   69   94.00000
70   70   94.99944
71   71   94.99980
72   72   95.99976
73   73   94.99824
74   74   97.99978
75   75   98.99923
76   76  106.99931
77   77   98.99601
78   78  101.99997
79   79   98.99999
80   80  100.99907
81   81  101.99943
82   82  102.00000
83   83  101.99998
84   84  101.99988
85   85  103.00000
86   86  102.99826
87   87  102.99963
88   88  102.99908
89   89  102.99999
90   90   98.99999
91   91  101.99999
92   92  102.00000
93   93  101.99966
94   94  100.99971
95   95  101.99999
96   96  101.99989
97   97  101.99996
98   98  102.99992
99   99  102.99941
100 100  102.00000
101 101  101.99972
102 102  109.99989
103 103  101.99961
104 104  101.96167
105 105   97.99974
106 106  101.99960
107 107  101.99418
108 108  102.00000
109 109  100.99998
110 110  103.00000
111 111  101.00000
112 112  103.99926
113 113  103.00000
114 114  102.97539
115 115  109.00000
116 116  102.99976
117 117  100.99885
118 118  101.99974
119 119  100.99999
120 120  100.99998
121 121  102.99999
122 122  100.00000
123 123  100.99955
124 124  101.99894
125 125   99.99985
126 126   98.99999
127 127   98.99937
128 128   97.99983
129 129   96.99965
130 130   96.00000
131 131  102.99999
132 132   92.99964
133 133   93.99977
134 134   95.99943
135 135   90.99983
136 136   84.99999
137 137   89.99998
138 138   86.99992
139 139   87.00000
140 140   84.99991
141 141   83.99995
142 142   82.99991
143 143   81.99982
144 144   79.99982
145 145   79.95129
146 146   75.99999
147 147   78.00000
148 148   74.99966
149 149   73.99964
150 150   72.99978
151 151   75.00047
152 152   76.00001
153 153   79.00003
154 154   78.05851
155 155   80.00022
156 156   83.00176
157 157   81.00026
158 158   83.00001
159 159   83.00017
160 160   84.00295
161 161   81.00055
162 162   84.00084
163 163   84.00002
164 164   87.00023
165 165   87.00019
166 166   88.00106
167 167   88.00003
168 168   89.00435
169 169   89.00105
170 170   89.00009
171 171   90.00053
172 172   93.00006
173 173   94.00001
174 174   92.00032
175 175   92.00034
176 176   92.00000
177 177   94.00004
178 178   94.00001
179 179   93.00039
180 180   96.00020
181 181   96.00002
182 182   97.00011
183 183   97.00043
184 184   99.00014
185 185   99.00011
186 186   96.00021
187 187  100.00052
188 188  101.00013
189 189  102.00074
190 190   99.00005
191 191  103.00013
192 192  104.00011
193 193  104.00005
194 194  104.00003
195 195  104.00007
196 196  105.00000
197 197  106.00011
198 198  105.00066
199 199  106.00000
200 200  105.00023
201 201  106.00001
202 202  107.00009
203 203  106.00079
204 204  105.00390
205 205  106.00148
206 206  106.00548
207 207  105.00163
208 208  108.00051
209 209  103.00022
210 210  103.00047
211 211  103.00008
212 212  104.00629
213 213  102.00003
214 214  101.00023
215 215  100.00000
216 216   98.00081
217 217   99.00014
218 218   99.00014
219 219   98.00166
220 220   97.00135
221 221   96.00091
222 222   96.00000
223 223   95.00000
224 224   94.00410
225 225   92.00000
226 226   93.00020
227 227   89.00003
228 228   94.00003
229 229   91.00000
230 230   91.00001
231 231   92.00014
232 232   87.00085
233 233   86.00042
234 234   90.00078
235 235   88.00047
236 236   88.00000
237 237   87.00001
238 238   86.00092
239 239   86.00016
240 240   86.00035
241 241   85.00000
242 242   84.00010
243 243   83.00039
244 244   82.00000
245 245   80.00001
246 246   81.00001
247 247   82.00055
248 248   79.00001
249 249   78.00110
250 250   77.00012
251 251   76.00122
252 252   80.00078
253 253   78.00000
254 254   79.00002
255 255   80.00002
256 256   86.00005
257 257   81.00000
258 258   82.00013
259 259   83.00019
260 260   84.00000
261 261   86.00009
262 262   85.00007
263 263   84.00000
264 264   87.00012
265 265   87.00007
266 266   86.00004
267 267   89.00001
268 268   89.00155
269 269   89.00606
270 270   88.00006
271 271   91.00030
272 272   91.00000
273 273   91.00000
274 274   91.00045
275 275   92.00029
276 276   94.00000
277 277   93.00005
278 278   93.00146
279 279   95.00191
280 280   94.00038
281 281   96.00002
282 282   98.00022
283 283   98.00028
284 284   99.00018
285 285  100.00019
286 286   99.00077
287 287   99.00000
288 288  101.00000
289 289  100.00037
290 290  103.00002
291 291  103.00177
292 292  112.00105
293 293  104.00096
294 294  105.00000
295 295  105.00015
296 296  106.00068
297 297  107.00001
298 298  106.01340
299 299  106.00000
300 300  106.00000
301 301  106.00088
302 302  106.00001
303 303  106.00029
304 304  106.00025
305 305  106.00008
306 306  105.00000
307 307  104.00008
308 308  105.00001
309 309  106.00000
310 310  104.00043
311 311  103.00189
312 312  103.00019
313 313   98.00001
314 314  101.00062
315 315  100.00008
316 316   99.00001
317 317   96.00033
318 318   99.00009
319 319   98.00085
320 320   97.00022
321 321   90.00004
322 322   93.00016
323 323   96.00127
324 324   94.00010
325 325   94.01456
326 326   93.00001
327 327   95.00004
328 328   91.00009
329 329   90.00148
330 330   91.00046
331 331   91.00118
332 332   89.00000
333 333   87.00001
334 334   87.00024
335 335   78.00017
336 336   86.00003
337 337   87.00009
338 338   84.00007
339 339   88.00074
340 340   86.00008
341 341   83.00358
342 342   84.00073
343 343   74.00022
344 344   82.00000
345 345   81.00165
346 346   80.00027
347 347   80.00005
348 348   79.00108
349 349   78.01272
350 350   77.00032
351 351   72.00000
352 352   69.99999
353 353   74.99870
354 354   75.99996
355 355   76.99984
356 356   77.99967
357 357   76.99951
358 358   81.99938
359 359   83.00000
360 360   84.00000
361 361   81.99853
362 362   84.95503
363 363   86.99990
364 364   84.99978
365 365   89.99943
366 366   90.00000
367 367   90.99956
368 368   90.99852
369 369   95.99962
370 370   94.99945
371 371   92.99986
372 372   92.99304
373 373   96.99924
374 374   97.00000
375 375   98.99901
376 376   96.99980
377 377   99.99856
378 378  100.99937
379 379  100.99270
380 380   99.99778
381 381  101.99975
382 382  102.99980
383 383  104.99987
384 384   96.99999
385 385  102.99893
386 386  102.99787
387 387  103.00000
388 388  103.99968
389 389  101.99909
390 390  101.99946
391 391  102.99982
392 392  103.00000
393 393  101.99976
394 394  102.99957
395 395  101.99987
396 396  103.99927
397 397  102.99807
398 398  101.99850
399 399  102.99992
400 400  102.00000
