200.978622
200.977237
200.975851
200.974466
200.973081
200.971696
200.970311
200.968926
200.967541
200.966155
200.964770
200.963385
200.962000
200.960615
200.959230
200.957845
200.956459
200.955074
200.953689
200.952304
200.950919
200.949534
200.948149
200.946763
200.945378
200.943993
200.942608
200.941223
200.939838
200.938453
200.937067
200.935682
200.934297
200.932912
200.931527
200.930142
200.928757
200.927371
200.925986
200.924601
200.923216
200.921831
200.920446
200.919061
200.917675
200.916290
200.914905
200.913520
200.912135
200.910750
200.909365
200.907979
200.906594
200.905209
200.903824
200.902439
200.901054
200.899669
200.898283
200.896898
200.895513
200.894128
200.892743
200.891358
200.889973
200.888587
200.887202
200.885817
200.884432
200.883047
200.881662
200.880276
200.878891
200.877506
200.876121
200.874736
200.873351
200.871966
200.870580
200.869195
200.867810
200.866425
200.865040
200.863655
200.862270
200.860884
200.859499
200.858114
200.856729
200.855344
200.853959
200.852574
200.851188
200.849803
200.848418
200.847033
200.845648
200.844263
200.842878
200.841492
200.840107
200.838722
200.837337
200.835952
200.834567
200.833182
200.831796
200.830411
200.829026
200.827641
200.826256
200.824871
200.823486
200.822100
200.820715
200.819330
200.817945
200.816560
200.815175
200.813790
200.812404
200.811019
200.809634
200.808249
200.806864
200.805479
200.804094
200.802708
200.801323
200.799938
200.798553
200.797168
200.795783
200.794397
200.793012
200.791627
200.790242
200.788857
200.787472
200.786087
200.784701
200.783316
200.781931
200.780546
200.779161
200.777776
200.776391
200.775005
200.773620
200.772235
200.770850
200.769465
200.768080
200.766695
200.765309
200.763924
200.762539
200.761154
200.759769
200.758384
200.756999
200.755613
200.754228
200.752843
200.751458
200.750073
200.748688
200.747303
200.745917
200.744532
200.743147
200.741762
200.740377
200.738992
200.737607
200.736221
200.734836
200.733451
200.732066
200.730681
200.729296
200.727911
200.726525
200.725140
200.723755
200.722370
200.720985
200.719600
200.718215
200.716829
200.715444
200.714059
200.712674
200.711289
200.709904
200.708518
200.707133
200.705748
200.704363
200.702978
200.701593
200.700208
200.698822
200.697437
200.696052
200.694667
200.693282
200.691897
200.690512
200.689126
200.687741
200.686356
200.684971
200.683586
200.682201
200.680816
200.679430
200.678045
200.676660
200.675275
200.673890
200.672505
200.671120
200.669734
200.668349
200.666964
200.665579
200.664194
200.662809
200.661424
200.660038
200.658653
200.657268
200.655883
200.654498
200.653113
200.651728
200.650342
200.648957
200.647572
200.646187
200.644802
200.643417
200.642032
200.640646
200.639261
200.637876
200.636491
200.635106
200.633721
200.632336
200.630950
200.629565
200.628180
200.626795
200.625410
200.624025
200.622639
200.621254
200.619869
200.618484
200.617099
200.615714
200.614329
200.612943
200.611558
200.610173
200.608788
200.607403
200.606018
200.604633
200.603247
200.601862
200.600477
200.599092
200.597707
200.596322
200.594937
200.593551
200.592166
200.590781
200.589396
200.588011
200.586626
200.585241
200.583855
200.582470
200.581085
200.579700
200.578315
200.576930
200.575545
200.574159
200.572774
200.571389
200.570004
200.568619
200.567234
200.565849
200.564463
200.563078
200.561693
200.560308
200.558923
200.557538
200.556153
200.554767
200.553382
200.551997
200.550612
200.549227
200.547842
200.546457
200.545071
200.543686
200.542301
200.540916
200.539531
200.538146
200.536760
200.535375
200.533990
200.532605
200.531220
200.529835
200.528450
200.527064
200.525679
200.524294
200.522909
200.521524
200.520139
200.518754
200.517368
200.515983
200.514598
200.513213
200.511828
200.510443
200.509058
200.507672
200.506287
200.504902
200.503517
200.502132
200.500747
200.499362
200.497976
200.496591
200.495206
200.493821
200.492436
200.491051
200.489666
200.488280
200.486895
200.485510
200.484125
200.482740
200.481355
200.479970
200.478584
200.477199
200.475814
200.474429
200.473044
200.471659
200.470274
200.468888
200.467503
200.466118
200.464733
200.463348
200.461963
200.460578
200.459192
200.457807
200.456422
200.455037
200.453652
200.452267
200.450881
200.449496
200.448111
200.446726
200.445341
200.443956
200.442571
200.441185
200.439800
200.438415
200.437030
200.435645
200.434260
200.432875
200.431489
200.430104
200.428719
200.427334
200.425949
