1     1   151.9997
2     2   151.9996
3     3   152.9996
4     4   156.0000
5     5   155.9978
6     6   153.0000
7     7   159.0000
8     8   160.0000
9     9   161.9999
10   10   159.0000
11   11   155.9993
12   12   154.9997
13   13   153.9999
14   14   151.9968
15   15   148.9774
16   16   148.9991
17   17   146.9994
18   18   148.9998
19   19   146.9996
20   20   148.0000
21   21   147.9980
22   22   149.9998
23   23   150.9995
24   24   151.9997
25   25   152.0000
26   26   147.9996
27   27   147.0000
28   28   145.0000
29   29   141.9996
30   30   138.9993
31   31   135.9995
32   32   134.9994
33   33   132.9999
34   34   134.0000
35   35   132.9999
36   36   131.9998
37   37   131.9981
38   38   132.9999
39   39   133.0000
40   40   131.9998
41   41   129.9996
42   42   128.9993
43   43   126.0000
44   44   123.9996
45   45   120.0000
46   46   116.9999
47   47   116.9991
48   48   112.9995
49   49   110.9996
50   50   111.9991
51   51   108.9994
52   52   110.9999
53   53   114.9997
54   54   116.9987
55   55   119.9999
56   56   122.9999
57   57   123.9990
58   58   126.9988
59   59   127.9996
60   60   126.9995
61   61   127.9999
62   62   126.9992
63   63   127.0000
64   64   125.9988
65   65   130.9998
66   66   129.0000
67   67   131.9991
68   68   134.0000
69   69   136.9979
70   70   139.9992
71   71   141.9995
72   72   144.9998
73   73   145.9999
74   74   146.9997
75   75   144.0000
76   76   146.0000
77   77   144.9997
78   78   144.9999
79   79   144.9998
80   80   144.0000
81   81   139.9936
82   82   144.9998
83   83   146.9957
84   84   150.9997
85   85   150.9987
86   86   152.9952
87   87   158.0000
88   88   159.0000
89   89   158.0000
90   90   157.9997
91   91   158.0000
92   92   157.0000
93   93   156.9970
94   94   154.9995
95   95   151.9998
96   96   151.9999
97   97   152.9998
98   98   150.9999
99   99   153.0000
100 100   155.9990
101 101   159.9992
102 102   158.9994
103 103   159.9993
104 104   159.9999
105 105   161.0000
106 106   163.9992
107 107   159.9999
108 108   155.9997
109 109   154.9997
110 110   151.9999
111 111   150.9993
112 112   149.9999
113 113   148.9997
114 114   149.9999
115 115   150.9998
116 116   150.0000
117 117   151.9984
118 118   153.0000
119 119   157.0000
120 120   153.9979
121 121   152.9977
122 122   151.9996
123 123   150.9804
124 124   150.9992
125 125   148.9983
126 126   142.0000
127 127   140.9982
128 128   139.9995
129 129   138.9993
130 130   137.9999
131 131   135.9997
132 132   136.9989
133 133   136.9999
134 134   137.9995
135 135   138.0000
136 136   137.9999
137 137   136.9988
138 138   130.9999
139 139   135.9997
140 140   129.9999
141 141   126.9960
142 142   125.9997
143 143   117.9993
144 144   118.9998
145 145   116.9999
146 146   118.9999
147 147   114.9956
148 148   115.0000
149 149   113.9997
150 150   113.9997
151 151   107.0001
152 152   110.0013
153 153   109.0000
154 154   115.0001
155 155   115.0011
156 156   117.0005
157 157   120.0025
158 158   124.0000
159 159   123.0004
160 160   128.0005
161 161   130.0010
162 162   131.0002
163 163   131.0001
164 164   131.0001
165 165   130.0040
166 166   131.0009
167 167   131.0001
168 168   131.0001
169 169   126.0005
170 170   133.0008
171 171   136.0000
172 172   138.0000
173 173   139.0079
174 174   143.0001
175 175   147.0004
176 176   147.0001
177 177   149.0004
178 178   149.0004
179 179   148.0002
180 180   148.0009
181 181   147.0001
182 182   147.0001
183 183   147.0000
184 184   144.0015
185 185   147.0008
186 186   146.0000
187 187   149.0026
188 188   150.0006
189 189   153.0065
190 190   159.0000
191 191   157.0001
192 192   158.0000
193 193   160.0000
194 194   159.0000
195 195   158.0007
196 196   155.0000
197 197   155.0003
198 198   155.0007
199 199   145.0001
200 200   151.0010
201 201   151.0002
202 202   151.0001
203 203   152.0006
204 204   154.0012
205 205   155.0002
206 206   157.0026
207 207   158.0003
208 208   159.0000
209 209   160.0001
210 210   161.0000
211 211   156.0004
212 212   156.0000
213 213   146.0000
214 214   151.0001
215 215   145.0001
216 216   147.0004
217 217   145.0003
218 218   146.0006
219 219   144.0000
220 220   145.0043
221 221   148.0000
222 222   148.0010
223 223   149.0010
224 224   149.0002
225 225   148.0000
226 226   147.0001
227 227   147.0002
228 228   143.0000
229 229   140.0024
230 230   138.0001
231 231   135.0000
232 232   133.0001
233 233   129.0000
234 234   131.0006
235 235   129.0002
236 236   131.0004
237 237   130.0002
238 238   131.0000
239 239   130.0014
240 240   131.0002
241 241   130.0002
242 242   128.0007
243 243   126.0006
244 244   123.0000
245 245   119.0000
246 246   117.0009
247 247   115.0013
248 248   112.0006
249 249   110.0007
250 250   109.0012
251 251   107.0000
252 252   111.0021
253 253   114.0000
254 254   115.0000
255 255   121.0011
256 256   122.0027
257 257   123.0005
258 258   125.0000
259 259   126.0003
260 260   125.0012
261 261   126.0010
262 262   126.0001
263 263   125.0003
264 264   126.0004
265 265   126.0001
266 266   127.0002
267 267   131.0000
268 268   131.0011
269 269   134.0007
270 270   143.0016
271 271   142.0029
272 272   143.0000
273 273   145.0002
274 274   146.0004
275 275   146.0022
276 276   146.0000
277 277   144.0007
278 278   146.0005
279 279   143.0001
280 280   143.0002
281 281   143.0001
282 282   144.0000
283 283   147.0007
284 284   148.0000
285 285   151.0003
286 286   152.0003
287 287   156.0002
288 288   156.0002
289 289   158.0010
290 290   156.0001
291 291   157.0000
292 292   156.0000
293 293   156.0013
294 294   153.0008
295 295   152.0004
296 296   149.0005
297 297   150.0005
298 298   151.0002
299 299   152.0002
300 300   152.0012
301 301   154.0001
302 302   158.0000
303 303   159.0008
304 304   160.0001
305 305   158.0000
306 306   159.0001
307 307   159.0012
308 308   156.0000
309 309   155.0004
310 310   152.0001
311 311   149.0000
312 312   148.0001
313 313   151.0000
314 314   149.0000
315 315   149.0008
316 316   149.0004
317 317   145.0004
318 318   154.0000
319 319   152.0000
320 320   153.0009
321 321   152.0001
322 322   151.0002
323 323   150.0010
324 324   150.0141
325 325   143.0001
326 326   140.0001
327 327   140.0005
328 328   137.0001
329 329   136.0006
330 330   137.0000
331 331   134.0021
332 332   136.0004
333 333   137.0008
334 334   137.0002
335 335   138.0000
336 336   137.0013
337 337   133.0001
338 338   135.0000
339 339   129.0006
340 340   129.0004
341 341   127.0014
342 342   127.0000
343 343   120.0009
344 344   118.0002
345 345   115.0001
346 346   117.0034
347 347   113.0002
348 348   113.0000
349 349   113.0018
350 350   114.0003
351 351   109.9999
352 352   109.9997
353 353   109.9997
354 354   112.9988
355 355   116.0000
356 356   117.9998
357 357   121.9995
358 358   121.9999
359 359   127.9994
360 360   129.9451
361 361   130.9991
362 362   131.9996
363 363   134.9998
364 364   132.9997
365 365   133.9993
366 366   132.9996
367 367   131.9995
368 368   132.9996
369 369   131.9989
370 370   138.9994
371 371   136.9999
372 372   130.9964
373 373   141.9996
374 374   143.0000
375 375   146.9996
376 376   153.9990
377 377   154.9989
378 378   151.0000
379 379   149.9990
380 380   149.9997
381 381   148.9989
382 382   147.9968
383 383   147.0000
384 384   147.9997
385 385   146.9999
386 386   144.9960
387 387   149.9966
388 388   152.0000
389 389   154.0000
390 390   154.0000
391 391   157.0000
392 392   161.9999
393 393   159.9997
394 394   160.9975
395 395   161.9998
396 396   157.9997
397 397   156.9999
398 398   153.9995
399 399   153.9997
400 400   152.9996
