200.993650
200.993649
200.993649
200.993648
200.993647
200.993647
200.993646
200.993646
200.993645
200.993644
200.993644
200.993643
200.993642
200.993642
200.993641
200.993641
200.993640
200.993639
200.993639
200.993638
200.993637
200.993637
200.993636
200.993636
200.993635
200.993634
200.993634
200.993633
200.993632
200.993632
200.993631
200.993630
200.993630
200.993629
200.993629
200.993628
200.993627
200.993627
200.993626
200.993625
200.993625
200.993624
200.993624
200.993623
200.993622
200.993622
200.993621
200.993620
200.993620
200.993619
200.993619
200.993618
200.993617
200.993617
200.993616
200.993615
200.993615
200.993614
200.993613
200.993613
200.993612
200.993612
200.993611
200.993610
200.993610
200.993609
200.993608
200.993608
200.993607
200.993607
200.993606
200.993605
200.993605
200.993604
200.993603
200.993603
200.993602
200.993602
200.993601
200.993600
200.993600
200.993599
200.993598
200.993598
200.993597
200.993596
200.993596
200.993595
200.993595
200.993594
200.993593
200.993593
200.993592
200.993591
200.993591
200.993590
200.993590
200.993589
200.993588
200.993588
200.993587
200.993586
200.993586
200.993585
200.993585
200.993584
200.993583
200.993583
200.993582
200.993581
200.993581
200.993580
200.993580
200.993579
200.993578
200.993578
200.993577
200.993576
200.993576
200.993575
200.993574
200.993574
200.993573
200.993573
200.993572
200.993571
200.993571
200.993570
200.993569
200.993569
200.993568
200.993568
200.993567
200.993566
200.993566
200.993565
200.993564
200.993564
200.993563
200.993563
200.993562
200.993561
200.993561
200.993560
200.993559
200.993559
200.993558
200.993557
200.993557
200.993556
200.993556
200.993555
200.993554
200.993554
200.993553
200.993552
200.993552
200.993551
200.993551
200.993550
200.993549
200.993549
200.993548
200.993547
200.993547
200.993546
200.993546
200.993545
200.993544
200.993544
200.993543
200.993542
200.993542
200.993541
200.993540
200.993540
200.993539
200.993539
200.993538
200.993537
200.993537
200.993536
200.993535
200.993535
200.993534
200.993534
200.993533
200.993532
200.993532
200.993531
200.993530
200.993530
200.993529
200.993529
200.993528
200.993527
200.993527
200.993526
200.993525
200.993525
200.993524
200.993523
200.993523
200.993522
200.993522
200.993521
200.993520
200.993520
200.993519
200.993518
200.993518
200.993517
200.993517
200.993516
200.993515
200.993515
200.993514
200.993513
200.993513
200.993512
200.993512
200.993511
200.993510
200.993510
200.993509
200.993508
200.993508
200.993507
200.993506
200.993506
200.993505
200.993505
200.993504
200.993503
200.993503
200.993502
200.993501
200.993501
200.993500
200.993500
200.993499
200.993498
200.993498
200.993497
200.993496
200.993496
200.993495
200.993495
200.993494
200.993493
200.993493
200.993492
200.993491
200.993491
200.993490
200.993489
200.993489
200.993488
200.993488
200.993487
200.993486
200.993486
200.993485
200.993484
200.993484
200.993483
200.993483
200.993482
200.993481
200.993481
200.993480
200.993479
200.993479
200.993478
200.993478
200.993477
200.993476
200.993476
200.993475
200.993474
200.993474
200.993473
200.993472
200.993472
200.993471
200.993471
200.993470
200.993469
200.993469
200.993468
200.993467
200.993467
200.993466
200.993466
200.993465
200.993464
200.993464
200.993463
200.993462
200.993462
200.993461
200.993461
200.993460
200.993459
200.993459
200.993458
200.993457
200.993457
200.993456
200.993455
200.993455
200.993454
200.993454
200.993453
200.993452
200.993452
200.993451
200.993450
200.993450
200.993449
200.993449
200.993448
200.993447
200.993447
200.993446
200.993445
200.993445
200.993444
200.993444
200.993443
200.993442
200.993442
200.993441
200.993440
200.993440
200.993439
200.993438
200.993438
200.993437
200.993437
200.993436
200.993435
200.993435
200.993434
200.993433
200.993433
200.993432
200.993432
200.993431
200.993430
200.993430
200.993429
200.993428
200.993428
200.993427
200.993427
200.993426
200.993425
200.993425
200.993424
200.993423
200.993423
200.993422
200.993421
200.993421
200.993420
200.993420
200.993419
200.993418
200.993418
200.993417
200.993416
200.993416
200.993415
200.993415
200.993414
200.993413
200.993413
200.993412
200.993411
200.993411
200.993410
200.993410
200.993409
200.993408
200.993408
200.993407
200.993406
200.993406
200.993405
200.993404
200.993404
200.993403
200.993403
200.993402
200.993401
200.993401
200.993400
200.993399
200.993399
