                 
1     1  76.99997
2     2  89.02924
3     3  90.00036
4     4  77.99988
5     5  11.95685
6     6  12.99935
7     7  20.92493
8     8  11.99978
9     9  31.00017
10   10  26.00000
11   11  19.99994
12   12  22.99948
13   13  74.00003
14   14  17.98434
15   15  19.00000
16   16  17.99377
17   17  18.99833
18   18  52.00874
19   19  18.99999
20   20  19.00011
21   21  18.99999
22   22 100.00189
23   23  18.99189
24   24  12.99678
25   25  18.99833
26   26  18.99987
27   27  16.99994
28   28  19.99891
29   29  19.99954
30   30  18.99592
31   31  18.99948
32   32  19.00000
33   33  18.99999
34   34  19.96442
35   35  17.98535
36   36  17.99976
37   37  17.99999
38   38  12.98274
39   39  78.07560
40   40  72.00000
41   41  75.00553
42   42  84.02585
43   43  96.00099
44   44  68.00060
45   45  62.00016
46   46  54.00002
47   47  45.06693
48   48  41.00289
49   49  44.00000
50   50  43.97824
51   51  43.00000
52   52  44.00196
53   53  44.00000
54   54  40.00218
55   55  39.00278
56   56  41.99987
57   57  53.09652
58   58  58.01741
59   59  61.00029
60   60  63.00000
61   61  79.00002
62   62  76.00033
63   63  11.99999
64   64  66.02242
65   65  83.01696
66   66  87.00420
67   67  79.00024
68   68  83.00001
69   69  52.99992
70   70  89.00000
71   71  95.00040
72   72  89.01025
73   73  91.99999
74   74  96.00000
75   75 107.01087
76   76  95.00035
77   77  93.00030
78   78  92.03023
79   79  92.00230
80   80  16.99993
81   81  89.00028
82   82  95.14519
83   83  18.99624
84   84  78.00012
85   85  73.00011
86   86  82.00010
87   87  62.00088
88   88  13.99665
89   89  12.91277
90   90  36.99769
91   91  45.00000
92   92  50.98127
93   93  57.98496
94   94  71.99364
95   95  78.99997
96   96  76.99828
97   97  76.99927
98   98  76.00001
99   99  77.01344
100 100  77.99598
