                
1     1 203,0000
2     2 201,9961
3     3 201,0000
4     4 199,9999
5     5 200,9989
6     6 198,9830
7     7 200,9993
8     8 200,9995
9     9 200,9992
10   10 200,9932
11   11 200,9951
12   12 201,0000
13   13 200,0000
14   14 202,0000
15   15 200,0000
16   16 201,0000
17   17 200,9936
18   18 200,9977
19   19 206,9999
20   20 202,9960
21   21 200,9998
22   22 200,9936
23   23 201,0000
24   24 200,9937
25   25 199,9999
26   26 200,9924
27   27 200,9954
28   28 200,9916
29   29 202,0000
30   30 199,9999
31   31 200,9968
32   32 205,9989
33   33 202,9987
34   34 204,9861
35   35 200,9975
36   36 201,9980
37   37 200,9964
38   38 201,9989
39   39 200,9967
40   40 199,9969
41   41 200,9954
42   42 201,0000
43   43 203,0000
44   44 202,9959
45   45 202,0000
46   46 201,0000
47   47 200,9996
48   48 201,0000
49   49 205,0000
50   50 202,0000
51   51 201,0000
52   52 204,9969
53   53 201,0000
54   54 202,9991
55   55 200,9978
56   56 201,0000
57   57 201,9999
58   58 198,9888
59   59 200,9760
60   60 201,0000
61   61 201,0000
62   62 200,0000
63   63 203,0000
64   64 201,9949
65   65 201,9998
66   66 200,9957
67   67 200,9992
68   68 202,0000
69   69 201,0000
70   70 199,9975
71   71 201,9973
72   72 201,0000
73   73 201,0000
74   74 200,9973
75   75 200,0000
76   76 198,9997
77   77 201,0000
78   78 200,9999
79   79 200,9994
80   80 203,0000
81   81 200,9999
82   82 200,9997
83   83 202,9928
84   84 201,0000
85   85 201,9996
86   86 202,9977
87   87 198,9995
88   88 201,0000
89   89 199,9999
90   90 200,9961
91   91 200,9864
92   92 201,9923
93   93 200,0000
94   94 202,0000
95   95 201,0000
96   96 200,9991
97   97 203,0000
98   98 205,0000
99   99 201,9985
100 100 201,0000
101 101 199,9938
102 102 200,9956
103 103 201,9977
104 104 200,9966
105 105 201,0000
106 106 204,0000
107 107 194,9998
108 108 199,9961
109 109 199,9912
110 110 202,0000
111 111 200,9984
112 112 196,9934
113 113 202,0000
114 114 200,9853
115 115 197,9916
116 116 204,0000
117 117 201,9987
118 118 200,9988
119 119 199,9999
120 120 200,9968
121 121 201,9974
122 122 199,9886
123 123 200,0000
124 124 202,9993
125 125 200,9947
126 126 200,9932
127 127 202,9960
128 128 200,9999
129 129 201,9965
130 130 200,0000
131 131 200,0000
132 132 202,9962
133 133 201,0000
134 134 201,0000
135 135 200,9993
136 136 200,9978
137 137 198,9999
138 138 201,9979
139 139 201,0000
140 140 207,9998
141 141 200,9978
142 142 200,9984
143 143 201,0000
144 144 200,9997
145 145 199,9986
146 146 200,9980
147 147 202,9997
148 148 202,8113
149 149 200,0000
150 150 199,9998
151 151 200,9997
152 152 204,9996
153 153 201,0000
154 154 203,9961
155 155 200,9922
156 156 200,0000
157 157 202,9998
158 158 198,9983
159 159 200,9968
160 160 201,0000
161 161 200,9997
162 162 201,0000
163 163 201,0000
164 164 202,9999
165 165 200,9885
166 166 200,9962
167 167 201,9974
168 168 200,9962
169 169 201,9888
170 170 200,9993
171 171 201,0000
172 172 200,9989
173 173 200,9990
174 174 200,9873
175 175 199,9966
176 176 201,9978
177 177 195,0000
178 178 202,9958
179 179 201,0000
180 180 201,9980
181 181 200,9983
182 182 201,0000
183 183 201,0000
184 184 205,9972
185 185 203,0000
186 186 200,9999
187 187 200,9979
188 188 201,9991
189 189 200,9992
190 190 202,0000
191 191 205,0000
192 192 200,9978
193 193 200,9958
194 194 199,9953
195 195 199,9986
196 196 201,0000
197 197 202,0000
198 198 203,0000
199 199 200,9993
200 200 200,0000
201 201 200,9942
202 202 200,9917
203 203 200,9855
204 204 198,9998
205 205 200,9973
206 206 204,0000
207 207 200,9817
208 208 201,0000
209 209 202,9901
210 210 201,9912
211 211 201,9969
212 212 201,0000
213 213 200,0007
214 214 201,9958
215 215 200,9980
216 216 200,9999
217 217 200,9936
218 218 202,0000
219 219 201,9976
220 220 203,9999
221 221 200,9977
222 222 196,9998
223 223 197,9844
224 224 204,9980
225 225 200,9862
226 226 201,0000
227 227 200,9958
228 228 203,9875
229 229 200,9993
230 230 202,9932
231 231 197,9952
232 232 202,0000
233 233 201,0000
234 234 200,0000
235 235 200,9925
236 236 200,9931
237 237 200,9964
238 238 202,0000
239 239 199,9999
240 240 196,9998
241 241 200,9980
242 242 201,9863
243 243 200,9988
244 244 200,9966
245 245 200,9947
246 246 201,0000
247 247 201,0000
248 248 200,0000
249 249 202,9981
250 250 204,0000
251 251 204,0000
252 252 201,0000
253 253 199,9999
254 254 204,0000
255 255 201,9999
256 256 201,0000
257 257 202,0000
258 258 200,9968
259 259 200,9999
260 260 200,9999
261 261 200,9945
262 262 200,9992
263 263 201,0000
264 264 200,9964
265 265 200,8606
266 266 200,9983
267 267 200,9919
268 268 197,9997
269 269 201,9962
270 270 205,9966
271 271 200,9994
272 272 200,9926
273 273 200,9999
274 274 200,0000
275 275 200,9964
276 276 201,9986
277 277 199,9999
278 278 197,0000
279 279 200,0000
280 280 200,9976
281 281 200,9993
282 282 200,9948
283 283 202,9971
284 284 202,0000
285 285 200,9938
286 286 200,9993
287 287 201,9935
288 288 200,9971
289 289 204,0000
290 290 202,9955
291 291 201,9999
292 292 200,9955
293 293 200,9818
294 294 200,9955
295 295 201,0000
296 296 201,0000
297 297 199,9999
298 298 200,9941
299 299 200,0000
300 300 198,9916
301 301 202,9986
302 302 200,9961
303 303 202,9947
304 304 208,0000
305 305 201,0000
306 306 199,9928
307 307 200,9985
308 308 202,9972
309 309 199,9954
310 310 203,0000
311 311 199,0006
312 312 200,0000
313 313 202,9978
314 314 200,9994
315 315 201,0000
316 316 197,9999
317 317 202,9998
318 318 200,9976
319 319 201,0000
320 320 203,0000
321 321 198,0000
322 322 201,9986
323 323 200,9952
324 324 201,9995
325 325 201,9997
326 326 201,9789
327 327 201,9975
328 328 200,9985
329 329 200,9954
330 330 201,0000
331 331 202,9969
332 332 202,0000
333 333 200,9996
334 334 201,9981
335 335 201,0000
336 336 201,9993
337 337 201,9948
338 338 196,9948
339 339 200,9970
340 340 203,0000
341 341 200,9987
342 342 200,9931
343 343 198,9997
344 344 200,9989
345 345 200,9978
346 346 202,9945
347 347 201,0000
348 348 200,9970
349 349 204,0000
350 350 203,9829
351 351 201,9947
352 352 199,9966
353 353 200,9993
354 354 201,9970
355 355 202,0000
356 356 201,9968
357 357 200,9997
358 358 200,9950
359 359 204,0000
360 360 200,9979
361 361 200,9991
362 362 201,0000
363 363 201,9944
364 364 201,9990
365 365 200,9967
366 366 199,9997
367 367 200,9992
368 368 203,0000
369 369 201,0000
370 370 203,9893
371 371 201,0000
372 372 199,9999
373 373 200,9994
374 374 201,0000
375 375 200,9999
376 376 202,9931
377 377 201,9707
378 378 200,9964
379 379 200,9999
380 380 200,9995
381 381 195,9997
382 382 200,9999
383 383 200,9999
384 384 203,9999
385 385 204,0000
386 386 200,9999
387 387 200,9969
388 388 199,9990
389 389 200,9951
390 390 201,0000
391 391 200,9971
392 392 201,0000
393 393 201,9986
394 394 201,0000
395 395 201,0000
396 396 200,9929
397 397 201,9990
398 398 199,0000
399 399 199,9964
400 400 200,9736
