1     1   200.0006
2     2   200.0041
3     3   200.0003
4     4   200.0015
5     5   200.0003
6     6   204.0000
7     7   199.0007
8     8   200.0013
9     9   200.0011
10   10   200.0004
11   11   199.0008
12   12   200.0002
13   13   200.0000
14   14   200.0012
15   15   200.0686
16   16   200.0063
17   17   200.0021
18   18   200.0002
19   19   200.0004
20   20   200.0003
21   21   200.0009
22   22   200.0008
23   23   200.0004
24   24   200.0005
25   25   201.0092
26   26   200.0014
27   27   200.0004
28   28   200.0004
29   29   200.0002
30   30   200.0015
31   31   199.0002
32   32   199.0000
33   33   199.0010
34   34   200.0003
35   35   200.0002
36   36   200.0004
37   37   199.0002
38   38   200.0004
39   39   200.0028
40   40   200.0009
41   41   201.0032
42   42   200.0000
43   43   200.0000
44   44   196.0003
45   45   200.0007
46   46   200.0002
47   47   200.0015
48   48   200.0009
49   49   200.0001
50   50   200.0050
51   51   200.0001
52   52   200.0018
53   53   199.0008
54   54   206.0002
55   55   200.0003
56   56   200.0006
57   57   199.0003
58   58   200.0000
59   59   200.0001
60   60   200.0007
61   61   200.0002
62   62   200.0008
63   63   200.0005
64   64   200.0001
65   65   200.0001
66   66   200.0000
67   67   200.0004
68   68   201.0000
69   69   201.0000
70   70   200.0018
71   71   200.0005
72   72   200.0005
73   73   200.0009
74   74   200.0002
75   75   200.0003
76   76   200.0007
77   77   200.0000
78   78   200.0008
79   79   200.0001
80   80   199.0008
81   81   200.0000
82   82   200.0000
83   83   200.0005
84   84   199.0001
85   85   200.0025
86   86   200.0001
87   87   200.0002
88   88   200.0065
89   89   200.0000
90   90   200.0020
91   91   200.0002
92   92   200.0007
93   93   200.0004
94   94   200.0006
95   95   200.0005
96   96   200.0000
97   97   200.0001
98   98   200.0060
99   99   200.0005
100 100   200.0001
101 101   200.0007
102 102   200.0003
103 103   200.0002
104 104   201.0003
105 105   200.0001
106 106   200.0007
107 107   199.0013
108 108   200.0011
109 109   201.0002
110 110   200.0002
111 111   197.0005
112 112   200.0005
113 113   200.0011
114 114   200.0001
115 115   200.0003
116 116   201.0018
117 117   200.0004
118 118   200.0002
119 119   201.0000
120 120   203.0011
121 121   200.0004
122 122   200.0008
123 123   200.0023
124 124   199.0153
125 125   200.0003
126 126   200.0671
127 127   200.0014
128 128   200.0000
129 129   200.0003
130 130   200.0004
131 131   200.0313
132 132   200.0001
133 133   200.0036
134 134   200.0001
135 135   200.0005
136 136   198.0001
137 137   200.0006
138 138   199.0326
139 139   200.0003
140 140   198.0003
141 141   201.0013
142 142   200.0005
143 143   200.0031
144 144   200.0000
145 145   200.0001
146 146   200.0000
147 147   200.0001
148 148   200.0002
149 149   200.0023
150 150   199.0003
151 151   201.0027
152 152   200.0033
153 153   200.0005
154 154   199.0000
155 155   200.0000
156 156   199.0000
157 157   200.0000
158 158   200.0006
159 159   200.0004
160 160   200.0025
161 161   199.0003
162 162   200.0285
163 163   200.0003
164 164   199.0222
165 165   200.0020
166 166   200.0006
167 167   200.0010
168 168   200.0001
169 169   200.0001
170 170   200.0000
171 171   200.0000
172 172   202.0000
173 173   200.0004
174 174   200.0001
175 175   200.0165
176 176   200.0001
177 177   200.0000
178 178   200.0009
179 179   200.0003
180 180   200.0002
181 181   200.0004
182 182   200.0003
183 183   201.0059
184 184   200.0012
185 185   200.0001
186 186   200.0000
187 187   200.0004
188 188   200.0000
189 189   200.0005
190 190   199.0027
191 191   200.0002
192 192   199.0000
193 193   200.0030
194 194   200.0009
195 195   200.0015
196 196   200.0010
197 197   200.0009
198 198   199.0011
199 199   200.0206
200 200   200.0002
201 201   200.0004
202 202   200.0000
203 203   200.0006
204 204   199.0001
205 205   200.0000
206 206   200.0002
207 207   200.0001
208 208   200.0000
209 209   200.0080
210 210   200.0005
211 211   200.0004
212 212   200.0009
213 213   201.0000
214 214   201.0000
215 215   200.0010
216 216   200.0006
217 217   200.0032
218 218   200.0023
219 219   200.0001
220 220   200.0005
221 221   200.0006
222 222   200.0008
223 223   200.0002
224 224   200.0001
225 225   200.0031
226 226   200.0000
227 227   200.0002
228 228   200.0001
229 229   200.0002
230 230   200.0005
231 231   200.0003
232 232   200.0004
233 233   200.0001
234 234   200.0000
235 235   200.0000
236 236   200.0000
237 237   200.0014
238 238   200.0002
239 239   200.0053
240 240   200.0000
241 241   200.0001
242 242   200.0003
243 243   200.0004
244 244   200.0001
245 245   200.0000
246 246   200.0003
247 247   200.0011
248 248   199.0000
249 249   200.0003
250 250   200.0002
251 251   200.0005
252 252   199.0005
253 253   199.0000
254 254   201.0012
255 255   200.0054
256 256   200.0001
257 257   200.0000
258 258   200.0003
259 259   200.0000
260 260   200.0007
261 261   200.0004
262 262   200.0000
263 263   199.0001
264 264   200.0001
265 265   200.0000
266 266   199.0012
267 267   200.0002
268 268   200.0002
269 269   200.0070
270 270   200.0003
271 271   199.0000
272 272   199.0008
273 273   199.0003
274 274   200.0001
275 275   200.0009
276 276   200.0017
277 277   200.0001
278 278   200.0004
279 279   200.0000
280 280   200.0023
281 281   200.0005
282 282   200.0003
283 283   200.0003
284 284   200.0000
285 285   200.0000
286 286   200.0010
287 287   200.0004
288 288   200.0004
289 289   200.0001
290 290   200.0001
291 291   200.0001
292 292   200.0007
293 293   200.0004
294 294   200.0011
295 295   200.0000
296 296   200.0001
297 297   200.0004
298 298   200.0009
299 299   200.0007
300 300   200.0031
301 301   200.0026
302 302   200.0003
303 303   200.0005
304 304   200.0017
305 305   200.0004
306 306   200.0134
307 307   200.0036
308 308   199.0003
309 309   200.0002
310 310   200.0000
311 311   200.0000
312 312   200.0007
313 313   199.0017
314 314   200.0008
315 315   196.0001
316 316   200.0006
317 317   200.0015
318 318   199.0009
319 319   200.0004
320 320   200.0001
321 321   200.0035
322 322   200.0001
323 323   200.0000
324 324   200.0000
325 325   200.0001
326 326   200.0005
327 327   202.0034
328 328   199.0010
329 329   200.0006
330 330   200.0005
331 331   200.0005
332 332   200.0000
333 333   199.0003
334 334   199.0001
335 335   200.0038
336 336   200.0003
337 337   200.0000
338 338   200.0000
339 339   200.0881
340 340   200.0197
341 341   200.0030
342 342   200.0007
343 343   200.0000
344 344   200.0028
345 345   200.0003
346 346   199.0010
347 347   200.0011
348 348   201.0000
349 349   199.0001
350 350   200.0001
351 351   200.0002
352 352   200.0019
353 353   200.0000
354 354   200.0010
355 355   200.0061
356 356   200.0021
357 357   199.0000
358 358   200.0007
359 359   200.0002
360 360   200.0015
361 361   200.0012
362 362   201.0000
363 363   200.0017
364 364   200.0003
365 365   199.0001
366 366   200.0000
367 367   200.0002
368 368   200.0001
369 369   200.0003
370 370   200.0063
371 371   200.0000
372 372   200.0013
373 373   200.0002
374 374   199.0000
375 375   202.0030
376 376   200.0021
377 377   200.0002
378 378   200.0000
379 379   200.0000
380 380   200.0040
381 381   200.0002
382 382   199.0002
383 383   200.0001
384 384   200.0030
385 385   200.0001
386 386   198.0006
387 387   200.0005
388 388   199.0010
389 389   201.0015
390 390   200.0002
391 391   200.0008
392 392   200.0000
393 393   200.0002
394 394   200.0002
395 395   201.0010
396 396   200.0002
397 397   200.0002
398 398   200.0003
399 399   200.0000
400 400   200.0000
