0.993650
0.993649
0.993649
0.993648
0.993647
0.993647
0.993646
0.993646
0.993645
0.993644
0.993644
0.993643
0.993642
0.993642
0.993641
0.993641
0.993640
0.993639
0.993639
0.993638
0.993637
0.993637
0.993636
0.993636
0.993635
0.993634
0.993634
0.993633
0.993632
0.993632
0.993631
0.993630
0.993630
0.993629
0.993629
0.993628
0.993627
0.993627
0.993626
0.993625
0.993625
0.993624
0.993624
0.993623
0.993622
0.993622
0.993621
0.993620
0.993620
0.993619
0.993619
0.993618
0.993617
0.993617
0.993616
0.993615
0.993615
0.993614
0.993613
0.993613
0.993612
0.993612
0.993611
0.993610
0.993610
0.993609
0.993608
0.993608
0.993607
0.993607
0.993606
0.993605
0.993605
0.993604
0.993603
0.993603
0.993602
0.993602
0.993601
0.993600
0.993600
0.993599
0.993598
0.993598
0.993597
0.993596
0.993596
0.993595
0.993595
0.993594
0.993593
0.993593
0.993592
0.993591
0.993591
0.993590
0.993590
0.993589
0.993588
0.993588
0.993587
0.993586
0.993586
0.993585
0.993585
0.993584
0.993583
0.993583
0.993582
0.993581
0.993581
0.993580
0.993580
0.993579
0.993578
0.993578
0.993577
0.993576
0.993576
0.993575
0.993574
0.993574
0.993573
0.993573
0.993572
0.993571
0.993571
0.993570
0.993569
0.993569
0.993568
0.993568
0.993567
0.993566
0.993566
0.993565
0.993564
0.993564
0.993563
0.993563
0.993562
0.993561
0.993561
0.993560
0.993559
0.993559
0.993558
0.993557
0.993557
0.993556
0.993556
0.993555
0.993554
0.993554
0.993553
0.993552
0.993552
0.993551
0.993551
0.993550
0.993549
0.993549
0.993548
0.993547
0.993547
0.993546
0.993546
0.993545
0.993544
0.993544
0.993543
0.993542
0.993542
0.993541
0.993540
0.993540
0.993539
0.993539
0.993538
0.993537
0.993537
0.993536
0.993535
0.993535
0.993534
0.993534
0.993533
0.993532
0.993532
0.993531
0.993530
0.993530
0.993529
0.993529
0.993528
0.993527
0.993527
0.993526
0.993525
0.993525
0.993524
0.993523
0.993523
0.993522
0.993522
0.993521
0.993520
0.993520
0.993519
0.993518
0.993518
0.993517
0.993517
0.993516
0.993515
0.993515
0.993514
0.993513
0.993513
0.993512
0.993512
0.993511
0.993510
0.993510
0.993509
0.993508
0.993508
0.993507
0.993506
0.993506
0.993505
0.993505
0.993504
0.993503
0.993503
0.993502
0.993501
0.993501
0.993500
0.993500
0.993499
0.993498
0.993498
0.993497
0.993496
0.993496
0.993495
0.993495
0.993494
0.993493
0.993493
0.993492
0.993491
0.993491
0.993490
0.993489
0.993489
0.993488
0.993488
0.993487
0.993486
0.993486
0.993485
0.993484
0.993484
0.993483
0.993483
0.993482
0.993481
0.993481
0.993480
0.993479
0.993479
0.993478
0.993478
0.993477
0.993476
0.993476
0.993475
0.993474
0.993474
0.993473
0.993472
0.993472
0.993471
0.993471
0.993470
0.993469
0.993469
0.993468
0.993467
0.993467
0.993466
0.993466
0.993465
0.993464
0.993464
0.993463
0.993462
0.993462
0.993461
0.993461
0.993460
0.993459
0.993459
0.993458
0.993457
0.993457
0.993456
0.993455
0.993455
0.993454
0.993454
0.993453
0.993452
0.993452
0.993451
0.993450
0.993450
0.993449
0.993449
0.993448
0.993447
0.993447
0.993446
0.993445
0.993445
0.993444
0.993444
0.993443
0.993442
0.993442
0.993441
0.993440
0.993440
0.993439
0.993438
0.993438
0.993437
0.993437
0.993436
0.993435
0.993435
0.993434
0.993433
0.993433
0.993432
0.993432
0.993431
0.993430
0.993430
0.993429
0.993428
0.993428
0.993427
0.993427
0.993426
0.993425
0.993425
0.993424
0.993423
0.993423
0.993422
0.993421
0.993421
0.993420
0.993420
0.993419
0.993418
0.993418
0.993417
0.993416
0.993416
0.993415
0.993415
0.993414
0.993413
0.993413
0.993412
0.993411
0.993411
0.993410
0.993410
0.993409
0.993408
0.993408
0.993407
0.993406
0.993406
0.993405
0.993404
0.993404
0.993403
0.993403
0.993402
0.993401
0.993401
0.993400
0.993399
0.993399
