0.978622
0.977237
0.975851
0.974466
0.973081
0.971696
0.970311
0.968926
0.967541
0.966155
0.964770
0.963385
0.962000
0.960615
0.959230
0.957845
0.956459
0.955074
0.953689
0.952304
0.950919
0.949534
0.948149
0.946763
0.945378
0.943993
0.942608
0.941223
0.939838
0.938453
0.937067
0.935682
0.934297
0.932912
0.931527
0.930142
0.928757
0.927371
0.925986
0.924601
0.923216
0.921831
0.920446
0.919061
0.917675
0.916290
0.914905
0.913520
0.912135
0.910750
0.909365
0.907979
0.906594
0.905209
0.903824
0.902439
0.901054
0.899669
0.898283
0.896898
0.895513
0.894128
0.892743
0.891358
0.889973
0.888587
0.887202
0.885817
0.884432
0.883047
0.881662
0.880276
0.878891
0.877506
0.876121
0.874736
0.873351
0.871966
0.870580
0.869195
0.867810
0.866425
0.865040
0.863655
0.862270
0.860884
0.859499
0.858114
0.856729
0.855344
0.853959
0.852574
0.851188
0.849803
0.848418
0.847033
0.845648
0.844263
0.842878
0.841492
0.840107
0.838722
0.837337
0.835952
0.834567
0.833182
0.831796
0.830411
0.829026
0.827641
0.826256
0.824871
0.823486
0.822100
0.820715
0.819330
0.817945
0.816560
0.815175
0.813790
0.812404
0.811019
0.809634
0.808249
0.806864
0.805479
0.804094
0.802708
0.801323
0.799938
0.798553
0.797168
0.795783
0.794397
0.793012
0.791627
0.790242
0.788857
0.787472
0.786087
0.784701
0.783316
0.781931
0.780546
0.779161
0.777776
0.776391
0.775005
0.773620
0.772235
0.770850
0.769465
0.768080
0.766695
0.765309
0.763924
0.762539
0.761154
0.759769
0.758384
0.756999
0.755613
0.754228
0.752843
0.751458
0.750073
0.748688
0.747303
0.745917
0.744532
0.743147
0.741762
0.740377
0.738992
0.737607
0.736221
0.734836
0.733451
0.732066
0.730681
0.729296
0.727911
0.726525
0.725140
0.723755
0.722370
0.720985
0.719600
0.718215
0.716829
0.715444
0.714059
0.712674
0.711289
0.709904
0.708518
0.707133
0.705748
0.704363
0.702978
0.701593
0.700208
0.698822
0.697437
0.696052
0.694667
0.693282
0.691897
0.690512
0.689126
0.687741
0.686356
0.684971
0.683586
0.682201
0.680816
0.679430
0.678045
0.676660
0.675275
0.673890
0.672505
0.671120
0.669734
0.668349
0.666964
0.665579
0.664194
0.662809
0.661424
0.660038
0.658653
0.657268
0.655883
0.654498
0.653113
0.651728
0.650342
0.648957
0.647572
0.646187
0.644802
0.643417
0.642032
0.640646
0.639261
0.637876
0.636491
0.635106
0.633721
0.632336
0.630950
0.629565
0.628180
0.626795
0.625410
0.624025
0.622639
0.621254
0.619869
0.618484
0.617099
0.615714
0.614329
0.612943
0.611558
0.610173
0.608788
0.607403
0.606018
0.604633
0.603247
0.601862
0.600477
0.599092
0.597707
0.596322
0.594937
0.593551
0.592166
0.590781
0.589396
0.588011
0.586626
0.585241
0.583855
0.582470
0.581085
0.579700
0.578315
0.576930
0.575545
0.574159
0.572774
0.571389
0.570004
0.568619
0.567234
0.565849
0.564463
0.563078
0.561693
0.560308
0.558923
0.557538
0.556153
0.554767
0.553382
0.551997
0.550612
0.549227
0.547842
0.546457
0.545071
0.543686
0.542301
0.540916
0.539531
0.538146
0.536760
0.535375
0.533990
0.532605
0.531220
0.529835
0.528450
0.527064
0.525679
0.524294
0.522909
0.521524
0.520139
0.518754
0.517368
0.515983
0.514598
0.513213
0.511828
0.510443
0.509058
0.507672
0.506287
0.504902
0.503517
0.502132
0.500747
0.499362
0.497976
0.496591
0.495206
0.493821
0.492436
0.491051
0.489666
0.488280
0.486895
0.485510
0.484125
0.482740
0.481355
0.479970
0.478584
0.477199
0.475814
0.474429
0.473044
0.471659
0.470274
0.468888
0.467503
0.466118
0.464733
0.463348
0.461963
0.460578
0.459192
0.457807
0.456422
0.455037
0.453652
0.452267
0.450881
0.449496
0.448111
0.446726
0.445341
0.443956
0.442571
0.441185
0.439800
0.438415
0.437030
0.435645
0.434260
0.432875
0.431489
0.430104
0.428719
0.427334
0.425949
