0.047158
0.047248
0.047338
0.047428
0.047518
0.047608
0.047698
0.047788
0.047878
0.047968
0.048059
0.048149
0.048239
0.048329
0.048419
0.048509
0.048599
0.048689
0.048779
0.048869
0.048959
0.049049
0.049139
0.049230
0.049320
0.049410
0.049500
0.049590
0.049680
0.049770
0.049860
0.049950
0.050040
0.050130
0.050220
0.050310
0.050400
0.050491
0.050581
0.050671
0.050761
0.050851
0.050941
0.051031
0.051121
0.051211
0.051301
0.051391
0.051481
0.051571
0.051662
0.051752
0.051842
0.051932
0.052022
0.052112
0.052202
0.052292
0.052382
0.052472
0.052562
0.052652
0.052742
0.052832
0.052923
0.053013
0.053103
0.053193
0.053283
0.053373
0.053463
0.053553
0.053643
0.053733
0.053823
0.053913
0.054003
0.054094
0.054184
0.054274
0.054364
0.054454
0.054544
0.054634
0.054724
0.054814
0.054904
0.054994
0.055084
0.055174
0.055264
0.055355
0.055445
0.055535
0.055625
0.055715
0.055805
0.055895
0.055985
0.056075
0.056165
0.056255
0.056345
0.056435
0.056526
0.056616
0.056706
0.056796
0.056886
0.056976
0.057066
0.057156
0.057246
0.057336
0.057426
0.057516
0.057606
0.057696
0.057787
0.057877
0.057967
0.058057
0.058147
0.058237
0.058327
0.058417
0.058507
0.058597
0.058687
0.058777
0.058867
0.058958
0.059048
0.059138
0.059228
0.059318
0.059408
0.059498
0.059588
0.059678
0.059768
0.059858
0.059948
0.060038
0.060128
0.060219
0.060309
0.060399
0.060489
0.060579
0.060669
0.060759
0.060849
0.060939
0.061029
0.061119
0.061209
0.061299
0.061390
0.061480
0.061570
0.061660
0.061750
0.061840
0.061930
0.062020
0.062110
0.062200
0.062290
0.062380
0.062470
0.062560
0.062651
0.062741
0.062831
0.062921
0.063011
0.063101
0.063191
0.063281
0.063371
0.063461
0.063551
0.063641
0.063731
0.063822
0.063912
0.064002
0.064092
0.064182
0.064272
0.064362
0.064452
0.064542
0.064632
0.064722
0.064812
0.064902
0.064992
0.065083
0.065173
0.065263
0.065353
0.065443
0.065533
0.065623
0.065713
0.065803
0.065893
0.065983
0.066073
0.066163
0.066254
0.066344
0.066434
0.066524
0.066614
0.066704
0.066794
0.066884
0.066974
0.067064
0.067154
0.067244
0.067334
0.067424
0.067515
0.067605
0.067695
0.067785
0.067875
0.067965
0.068055
0.068145
0.068235
0.068325
0.068415
0.068505
0.068595
0.068686
0.068776
0.068866
0.068956
0.069046
0.069136
0.069226
0.069316
0.069406
0.069496
0.069586
0.069676
0.069766
0.069856
0.069947
0.070037
0.070127
0.070217
0.070307
0.070397
0.070487
0.070577
0.070667
0.070757
0.070847
0.070937
0.071027
0.071118
0.071208
0.071298
0.071388
0.071478
0.071568
0.071658
0.071748
0.071838
0.071928
0.072018
0.072108
0.072198
0.072288
0.072379
0.072469
0.072559
0.072649
0.072739
0.072829
0.072919
0.073009
0.073099
0.073189
0.073279
0.073369
0.073459
0.073550
0.073640
0.073730
0.073820
0.073910
0.074000
0.074090
0.074180
0.074270
0.074360
0.074450
0.074540
0.074630
0.074720
0.074811
0.074901
0.074991
0.075081
0.075171
0.075261
0.075351
0.075441
0.075531
0.075621
0.075711
0.075801
0.075891
0.075982
0.076072
0.076162
0.076252
0.076342
0.076432
0.076522
0.076612
0.076702
0.076792
0.076882
0.076972
0.077062
0.077152
0.077243
0.077333
0.077423
0.077513
0.077603
0.077693
0.077783
0.077873
0.077963
0.078053
0.078143
0.078233
0.078323
0.078414
0.078504
0.078594
0.078684
0.078774
0.078864
0.078954
0.079044
0.079134
0.079224
0.079314
0.079404
0.079494
0.079584
0.079675
0.079765
0.079855
0.079945
0.080035
0.080125
0.080215
0.080305
0.080395
0.080485
0.080575
0.080665
0.080755
0.080846
0.080936
0.081026
0.081116
0.081206
0.081296
0.081386
0.081476
0.081566
0.081656
0.081746
0.081836
0.081926
0.082016
0.082107
0.082197
0.082287
0.082377
0.082467
0.082557
0.082647
0.082737
0.082827
0.082917
0.083007
0.083097
