-0.000312 0.000626 -0.001259 -0.000822 0.000858 0.001434 0.000326 -0.001288 -0.005425 0.013508 0.002021 -0.000330 0.002861 0.006452 0.002605 0.002881 0.000802 0.002068 -0.004446 0.000744 -0.001431 0.002011 -0.004759 0.015810 0.028594 0.007444 0.027057 -0.012846 -0.008370 0.005968 -0.001340 0.110670 0.026040 -0.017379 0.063240 0.025052 -0.003643 0.018455 0.024219 0.013011 
-0.000312 0.000626 -0.001259 -0.000822 0.000858 0.001434 0.000326 0.004038 0.006173 0.001496 0.002797 -0.002418 -0.000759 0.002422 0.001975 0.004197 0.001349 0.002635 0.002363 -0.001536 0.011083 0.020925 -0.031938 0.002162 -0.011232 -0.079558 -0.064015 0.000000 0.129735 0.000468 0.020297 -0.013191 -0.119083 -0.024337 0.017197 0.009137 0.034910 0.066270 0.017821 -0.005154 
-0.000312 0.000626 -0.001259 -0.000822 -0.001500 0.001380 -0.006225 0.004038 0.006173 0.001496 0.002797 -0.002418 0.009069 0.000541 0.000181 -0.003175 0.004411 0.005338 0.009652 -0.006670 0.041559 0.034156 0.047430 0.023994 -0.027222 -0.044446 -0.037839 0.011334 0.031655 0.009896 0.001256 0.008633 0.016469 -0.003269 0.000000 0.057784 0.049552 0.067183 0.002034 -0.010602 
-0.000312 0.000626 -0.001259 0.005254 -0.001500 0.001380 -0.006225 0.004038 0.002767 -0.002606 0.007097 -0.002229 0.009069 0.001206 0.017734 -0.006668 0.011679 0.001700 0.005214 0.002217 -0.022237 -0.014241 -0.013845 -0.002005 0.040548 0.003147 0.022549 -0.004115 -0.004694 -0.004396 0.026583 0.002639 0.017159 0.013216 0.008626 0.003650 0.014897 0.000531 0.045849 -0.003024 
-0.000312 0.000626 -0.001422 0.005254 -0.001500 0.001380 0.003339 -0.004162 0.002767 -0.002606 0.004657 -0.004371 0.007999 0.001206 0.010446 -0.006440 -0.002009 0.000649 -0.007614 -0.057970 -0.011532 0.043826 -0.015306 -0.005425 0.017391 -0.017029 -0.005099 0.001151 -0.004323 -0.011102 0.002207 0.038502 0.033329 0.000992 -0.010579 0.005946 -0.001372 -0.003871 -0.001519 0.000000 
-0.000312 0.000626 -0.001422 0.005254 -0.001500 -0.002646 0.003339 -0.004162 -0.019190 0.001584 0.004657 -0.004371 0.013156 0.005733 0.010446 0.001965 0.012187 0.007523 0.011939 -0.031899 0.043586 0.051076 0.004326 -0.001395 0.004518 0.004681 0.003656 0.000080 -0.005805 0.004130 0.001398 -0.057819 0.002193 0.017261 -0.000376 0.003784 0.016988 0.008897 0.044361 0.000000 
-0.000312 0.000626 -0.001422 0.005254 0.013450 -0.002646 0.003339 -0.005403 -0.019190 -0.001492 -0.000891 -0.003961 0.012759 0.025494 0.084409 0.106082 0.042269 0.015432 -0.018352 -0.014648 0.048616 -0.004252 -0.025577 -0.001209 0.009079 -0.003150 -0.020931 0.021683 -0.005015 0.054808 -0.047453 -0.000345 0.000632 -0.000570 0.064449 0.018493 0.029092 -0.007915 0.000000 0.000000 
-0.000312 0.000626 -0.001422 0.005254 0.013450 -0.002646 -0.000373 -0.005403 -0.009782 -0.001492 -0.005464 0.000541 0.027609 0.024901 0.034236 0.204414 -0.003313 0.032690 -0.013068 0.010528 0.001124 -0.008897 -0.039521 0.009833 0.000674 -0.014603 0.009819 -0.006231 0.018313 0.000000 0.000490 -0.008475 -0.042708 0.002162 0.026749 0.007111 0.003929 0.000000 0.000000 0.000000 
-0.000312 0.000283 -0.001422 0.001881 0.013450 0.002961 -0.000373 -0.004832 -0.009782 0.001241 -0.005464 -0.001285 -0.002426 0.000000 -0.037328 0.013299 0.035633 0.034747 -0.016943 0.036580 -0.012555 -0.033461 0.021030 0.007881 -0.000123 0.023002 -0.035677 0.005005 -0.007022 0.015432 0.003348 0.003081 -0.006707 0.000000 0.019949 0.007673 0.000000 0.000000 0.000000 0.000000 
-0.000312 0.000283 -0.001422 0.001881 0.033884 0.002961 0.005466 0.002045 -0.003323 0.001068 -0.002067 -0.008438 0.025517 -0.053568 -0.014686 0.000787 0.081922 -0.001639 0.046273 0.036022 0.030318 0.018329 0.010571 -0.050507 0.000000 -0.011887 0.005214 -0.009319 -0.003370 0.011393 0.004495 -0.011904 0.003429 0.000659 0.015427 0.000000 0.000000 0.000000 0.000000 0.000000 
-0.000312 0.000283 0.000782 0.001881 0.033884 -0.003078 0.012148 0.002045 -0.004818 0.001713 0.069045 0.034012 0.002430 0.011257 0.002133 0.004853 -0.007289 0.034100 0.018368 0.002540 -0.000866 0.000000 0.000330 0.032938 -0.018042 0.014735 -0.019902 -0.003688 0.027125 0.040401 0.023359 0.067588 0.005464 0.000000 0.000000 0.000000 0.000000 0.000000 0.000000 0.000000 
-0.000312 0.000283 0.000782 -0.000913 0.033884 -0.003078 0.012148 0.003811 0.005074 0.018511 0.069045 0.044156 0.016756 0.000000 0.006103 -0.004326 -0.005403 0.025866 -0.005627 0.066476 0.015777 0.029237 0.003313 -0.000913 0.011796 0.005115 -0.019995 -0.012729 -0.000209 -0.031434 0.002258 0.012410 0.000000 0.000000 0.000000 0.000000 0.000000 0.000000 0.000000 0.000000 
-0.000312 0.000283 0.000782 -0.000913 0.000827 0.000567 0.000498 -0.000250 0.030180 0.008599 0.027749 0.004743 -0.000340 -0.020460 0.021872 0.054901 0.062967 0.000000 -0.001158 0.016165 0.002665 0.003697 0.010170 -0.002824 -0.009782 0.007651 0.035968 0.153140 -0.023543 -0.011765 0.000000 0.000000 0.000000 0.000000 0.000000 0.000000 0.000000 0.000000 0.000000 0.000000 
-0.000312 0.000283 0.000782 -0.000913 0.000827 0.000567 0.000498 -0.000250 0.023070 0.060803 -0.009999 -0.006917 0.000491 -0.001802 -0.017231 0.033658 -0.045500 0.020925 -0.023843 0.025395 -0.019565 -0.027664 -0.035766 -0.002145 -0.007273 -0.002204 0.008812 -0.001275 -0.007078 0.005353 0.000000 0.000000 0.000000 0.000000 0.000000 0.000000 0.000000 0.000000 0.000000 0.000000 
-0.000312 0.000283 0.000782 -0.001429 -0.000086 -0.001233 0.007823 -0.005012 -0.002668 0.036847 0.000000 0.000000 -0.010850 0.008589 0.002155 0.033021 -0.004821 -0.023064 -0.007123 -0.008666 0.013446 0.007215 -0.001779 0.007324 0.012729 0.020297 0.031000 0.011382 0.006442 0.026709 -0.049174 0.001349 0.000000 0.000000 0.000000 0.000000 0.000000 0.000000 0.000000 0.000000 
-0.000312 0.000283 -0.001906 -0.001429 -0.000086 -0.005032 -0.003778 0.011360 -0.002668 -0.003805 0.002124 0.010280 0.015984 0.016438 0.014961 0.026908 0.018317 -0.025947 0.024616 -0.016072 0.004511 -0.001878 0.013702 -0.000500 -0.005194 -0.019703 0.059888 0.014973 -0.001476 -0.026924 -0.003798 0.028074 0.002606 0.006372 0.000000 0.000000 0.000000 0.000000 0.000000 0.000000 
-0.000312 0.000283 -0.001906 -0.001429 -0.003509 -0.005032 -0.003778 0.001415 0.007910 -0.003805 0.016241 0.026447 -0.012737 0.018780 0.037154 0.006766 0.001269 -0.013979 -0.001938 0.035588 0.083375 -0.005541 0.000000 -0.003813 -0.031616 0.010559 -0.027516 0.007998 0.021491 0.018067 -0.024411 -0.008234 -0.003185 0.041463 0.000000 0.000000 0.000000 0.000000 0.000000 0.000000 
-0.000312 0.000283 -0.001906 -0.001429 -0.003509 -0.005032 0.002434 0.001415 0.007659 0.012695 0.040254 0.004805 -0.012737 0.010986 -0.004325 -0.020789 -0.002860 -0.009765 0.013198 0.071785 0.032713 0.040157 0.053305 0.001334 -0.007719 -0.007742 -0.006464 0.031240 0.017379 0.000995 -0.051342 0.017546 0.017147 0.022223 0.017821 0.015871 0.000000 0.000000 0.000000 0.000000 
-0.000312 0.002978 -0.001906 0.003259 -0.003509 -0.000056 0.002434 0.010428 0.007659 0.001523 0.040254 0.013966 0.029353 0.028249 0.006479 0.001552 -0.039126 -0.006479 0.033616 0.045861 0.032852 0.064058 0.103610 0.015718 0.017157 0.005781 0.000600 -0.003598 0.005493 0.008163 0.011070 -0.022506 0.011561 0.029411 0.021051 0.008108 -0.037107 0.000000 0.000000 0.000000 
-0.000312 0.002978 -0.001906 0.003259 -0.003509 -0.000056 0.006736 0.010428 -0.021216 -0.011486 -0.011007 0.005677 -0.008122 0.011796 -0.006725 0.002470 0.036096 0.065968 0.003261 -0.019204 0.004499 -0.021700 -0.012530 -0.012590 0.006030 0.011567 0.013906 0.004839 0.007171 0.002790 0.001333 0.085638 0.029946 -0.043020 -0.022285 -0.019614 0.010633 0.019199 0.000000 0.000000 
-0.000312 0.002978 -0.001906 0.003259 0.000000 -0.000056 0.006736 0.004187 -0.021216 -0.011486 0.002697 0.003271 0.036673 0.036239 0.008417 0.061398 0.004619 -0.024901 0.035371 0.012695 0.042205 0.008951 0.000414 0.013473 -0.019797 -0.037588 -0.040575 0.031680 0.000467 0.001415 0.025401 0.011765 0.006952 -0.060233 -0.031359 0.054731 0.013370 -0.008758 0.003387 0.000000 
-0.000312 0.002978 0.004464 0.003259 0.000000 -0.002825 -0.000541 0.004187 0.006713 0.009859 0.013136 0.003271 -0.001587 0.013291 -0.013064 -0.007374 0.001631 0.017476 0.006429 0.010463 -0.052623 0.009463 0.008527 0.070684 -0.021791 -0.006898 0.016723 0.008283 -0.002383 -0.014987 0.006727 0.032957 0.020770 -0.025284 0.021049 0.008513 -0.008742 -0.023436 -0.077888 0.000000 
-0.000312 0.002978 0.004464 0.003259 0.000000 -0.002825 -0.000541 -0.000549 0.005515 0.009859 0.013136 0.005969 -0.011334 0.009445 -0.013064 -0.007374 -0.033887 -0.063372 0.046074 0.061531 0.014183 0.084669 0.041005 0.017191 0.017577 -0.013136 0.016182 0.000429 0.003395 0.011189 0.006167 0.040548 0.034637 -0.017993 -0.020879 0.016240 0.048389 0.000000 0.058513 0.072075 
-0.000312 0.002978 0.004464 0.000810 -0.003307 -0.002825 -0.000541 -0.000549 0.005515 0.006034 -0.002973 -0.016856 -0.001093 0.000791 0.003569 0.016926 -0.008998 -0.020181 0.012264 0.014473 0.007670 -0.003705 -0.023796 -0.021855 -0.001620 0.001192 0.021278 0.030303 0.018655 -0.003847 -0.004832 0.001566 0.019294 0.032740 -0.004429 0.005669 -0.017593 -0.004573 0.024006 0.031798 
-0.000312 0.002978 0.004464 0.000810 -0.003307 -0.001840 -0.018324 -0.008743 0.009958 -0.010390 -0.002973 -0.016856 -0.001093 0.000791 0.003569 0.039789 0.035619 -0.010021 0.000000 0.016980 0.017124 0.005978 0.002317 0.010166 -0.007649 -0.005720 0.034654 0.025817 0.005661 0.028880 -0.002666 -0.010226 0.000000 0.057939 0.059869 0.014115 -0.025976 -0.144243 -0.786844 -0.504495 
-0.000312 0.002978 0.004464 0.000810 -0.003307 -0.001840 -0.018324 -0.008743 0.009958 -0.010390 -0.004763 -0.008492 -0.005828 -0.023541 -0.092245 -0.045500 0.054405 -0.023297 -0.014578 -0.009300 -0.001959 -0.014973 0.026738 0.024033 0.021681 0.005561 -0.006159 -0.005441 -0.005289 0.006592 0.007013 0.027342 -0.003458 0.000000 0.027706 0.023762 0.012020 0.027203 0.138865 0.126597 
-0.000312 0.002978 0.004464 0.000810 -0.003307 -0.001840 -0.018324 -0.003874 0.001011 -0.009106 -0.011472 -0.001282 -0.006161 0.000679 -0.012927 -0.019763 0.079794 0.076562 0.038037 -0.020344 0.000000 0.020301 0.141686 0.298376 0.115677 0.055413 0.008482 0.001073 -0.011892 0.023273 0.051693 -0.009455 -0.015299 0.002846 0.005627 -0.013408 -0.011418 -0.028474 -0.329903 -0.335436 
-0.000312 0.002978 0.004464 0.000810 -0.003337 -0.000507 -0.001634 -0.003874 0.001011 -0.009106 -0.000978 -0.022603 -0.007487 0.003411 0.002201 -0.005475 -0.037851 -0.036574 -0.006597 -0.004059 -0.013427 -0.020140 0.015566 0.019767 0.011579 0.015645 0.003517 0.009269 0.008773 -0.002062 -0.016182 -0.010961 -0.014485 -0.020274 -0.023018 -0.021158 -0.015899 0.054638 -0.039138 -0.728036 
-0.000312 0.002978 0.004464 -0.001701 -0.003337 -0.000507 -0.001634 -0.003874 -0.002829 -0.002431 -0.000978 -0.022603 -0.007487 0.019787 0.007936 0.000000 0.021969 -0.036574 0.000000 0.017740 -0.015424 -0.006632 -0.003697 -0.031585 0.002186 0.004697 -0.020925 0.068006 0.055630 0.034860 -0.006766 0.000000 -0.002806 0.012439 0.032327 0.048879 0.021792 0.012152 0.060109 0.110825 
-0.000312 0.002978 0.000707 -0.001701 -0.003337 -0.000507 -0.000105 0.001297 -0.002829 -0.003996 -0.002988 0.054436 0.067588 0.006417 0.003127 0.008457 0.019474 -0.027203 -0.026023 0.003922 -0.023262 0.033957 -0.022266 -0.028656 -0.007800 0.005181 0.015519 -0.048459 -0.011602 0.016157 0.026366 -0.028074 0.011509 0.013346 0.026668 0.061310 0.005632 -0.005115 -0.087350 -0.406039 
-0.000312 0.002978 0.000707 -0.001701 -0.003337 -0.006479 -0.000105 0.001297 0.007742 -0.003996 -0.002988 0.001683 -0.001819 0.006417 0.026395 0.026027 0.019474 -0.018538 0.001232 0.021646 0.016112 0.019055 -0.005040 -0.002069 -0.021475 -0.005464 0.012400 -0.003594 0.010966 0.000000 -0.014322 0.031333 -0.013373 -0.067100 0.014180 0.010714 0.011117 0.004370 0.022186 0.000000 
-0.000312 0.002978 0.000707 -0.001701 -0.002383 -0.006479 -0.000105 0.007620 0.007742 0.004964 -0.003581 0.001683 0.001001 0.011055 -0.008467 -0.037252 -0.045651 0.028074 0.061795 0.007527 0.010050 0.010528 0.000000 0.008564 -0.002209 0.011228 0.007516 -0.005522 -0.009893 0.043507 0.080620 0.001531 0.000000 -0.018373 0.023676 0.015570 -0.001773 -0.022785 0.000000 0.000000 
-0.000312 0.000324 0.000707 0.000000 -0.002383 -0.002249 0.012788 0.002395 0.004805 0.001146 0.000913 0.000682 0.003856 0.003465 0.005356 0.005566 -0.027228 0.005565 0.010160 0.019394 -0.005349 -0.022138 -0.028094 0.003119 -0.003434 -0.000892 -0.008344 -0.006713 0.034788 -0.028962 -0.031682 -0.015843 0.000000 0.010551 0.009949 0.036003 0.003023 0.000000 0.000000 0.000000 
-0.000312 0.000324 0.000707 0.000000 -0.002383 -0.002249 0.012788 0.002395 -0.002834 0.001146 -0.003525 0.000682 0.011232 0.003465 0.006186 0.001738 -0.006365 -0.012013 -0.001883 0.023684 -0.005789 0.013941 0.021035 0.007642 -0.005254 -0.008029 0.008030 -0.002122 0.087188 0.001226 0.021344 0.042247 0.042311 -0.036532 0.029547 0.019344 0.000000 0.000000 0.000000 0.000000 
-0.000312 0.000324 0.000707 0.000000 -0.002577 -0.002249 0.006309 -0.002071 -0.002834 -0.006258 0.001521 0.005764 -0.003655 0.003287 0.008327 0.007023 -0.009494 -0.024385 -0.001790 0.003069 -0.031639 -0.044795 -0.009917 0.010773 0.024509 0.027706 0.016356 0.007361 0.024529 -0.001197 0.010701 -0.025306 -0.031775 -0.013346 0.000000 0.000000 0.000000 0.000000 0.000000 0.000000 
-0.000312 0.000324 -0.001952 0.000000 -0.002577 0.000663 0.008816 -0.002071 0.010244 -0.000572 0.007768 -0.002504 -0.007666 0.012783 0.007921 0.003286 0.022146 0.024337 0.011559 -0.005076 0.021082 -0.010106 -0.018774 0.003433 -0.037789 0.055444 0.003086 0.015597 -0.021220 0.005541 0.010602 -0.007456 0.018362 0.000000 0.000000 0.000000 0.000000 0.000000 0.000000 0.000000 
-0.000312 0.000324 -0.001952 -0.004776 -0.002577 0.000663 0.008816 0.010579 -0.001511 0.004394 0.006101 0.014983 0.003979 -0.006540 0.103819 0.005780 0.003330 0.015686 0.011413 0.023083 0.013732 0.004573 0.032236 0.001686 -0.003643 0.000546 0.003775 0.004377 -0.017159 -0.007686 0.000637 0.000000 0.000000 0.000000 0.000000 0.000000 0.000000 0.000000 0.000000 0.000000 
-0.000312 0.000324 -0.001952 -0.004776 -0.002089 -0.002504 0.004345 0.001933 0.002542 0.004418 0.042094 -0.032550 0.006259 0.021611 -0.004255 -0.001653 -0.025224 -0.006591 -0.005475 0.004813 -0.018431 0.030008 0.024506 -0.016126 -0.002238 0.023949 0.004821 -0.004281 -0.060896 0.010579 0.000000 0.000000 0.000000 0.000000 0.000000 0.000000 0.000000 0.000000 0.000000 0.000000 
-0.002302 0.026284 0.017457 0.012619 0.006369 -0.008066 -0.023525 -0.033275 0.033093 -0.008687 0.012670 -0.040920 -0.036231 -0.006185 0.004959 -0.001453 -0.006871 0.002264 -0.001471 -0.012166 0.002664 -0.000202 0.007263 0.001071 0.003309 -0.003767 -0.002089 -0.004776 -0.001952 0.000324 -0.000312 0.000000 0.000000 0.000000 0.000000 0.000000 0.000000 0.000000 0.000000 0.000000 
0.021317 0.033616 0.004813 0.087099 -0.002499 0.053041 -0.009102 0.013578 0.014060 -0.007402 0.006216 0.041238 0.025335 -0.034526 -0.000881 0.000149 -0.012674 0.001442 -0.005807 0.003943 0.002733 -0.001689 -0.002106 -0.002841 0.001071 0.003309 -0.003767 0.000318 0.006494 -0.001952 0.000324 -0.000312 0.000000 0.000000 0.000000 0.000000 0.000000 0.000000 0.000000 0.000000 
0.007091 -0.007758 0.012478 0.001360 0.050654 0.003232 0.049011 0.083367 -0.011927 0.044280 0.012369 -0.012862 0.015951 0.055436 0.015529 0.005363 0.001081 -0.002821 0.005743 -0.001307 0.004185 0.000492 0.005171 -0.000732 -0.000807 -0.002841 -0.015473 0.013192 -0.000168 0.000318 0.006494 0.002815 0.000324 -0.000312 0.000000 0.000000 0.000000 0.000000 0.000000 0.000000 
0.097092 0.032643 0.040494 0.016469 0.008035 0.016244 0.028319 0.026784 0.027159 0.009971 0.006239 0.002991 0.000216 0.036665 0.011044 0.016391 0.007751 0.001269 -0.006723 -0.002717 0.002819 0.002919 0.004991 0.000517 -0.001155 -0.000807 -0.005951 0.011712 0.013192 -0.000168 -0.003731 0.006494 0.002815 0.000324 -0.000312 0.000000 0.000000 0.000000 0.000000 0.000000 
-0.009069 -0.007115 -0.034294 0.000000 -0.016632 -0.007541 0.005089 -0.000942 0.013805 -0.010540 -0.035340 -0.013954 -0.023529 -0.013758 -0.002546 0.010209 -0.005731 0.005001 -0.018116 -0.003875 0.004868 0.000162 -0.001335 0.003001 -0.004638 -0.010467 0.000930 -0.005661 0.008228 0.004046 0.015316 0.003075 -0.003731 0.000879 0.002815 0.000419 -0.000312 0.000000 0.000000 0.000000 
0.038711 0.025233 0.022398 -0.005276 -0.015597 0.026187 -0.061140 -0.016070 -0.024577 -0.020100 0.080910 -0.038246 -0.036185 0.005167 0.006841 0.009826 0.005478 -0.001869 0.000000 0.000110 -0.003542 0.002842 0.003743 0.011757 0.003001 0.000888 -0.010467 -0.004399 -0.005661 0.002068 0.004046 0.015316 0.003075 -0.003731 0.000879 0.002815 0.000419 -0.000312 0.000000 0.000000 
-0.014961 0.010153 -0.019484 -0.015035 -0.023008 0.027877 0.094628 0.005313 0.012927 -0.002511 0.023845 -0.021797 0.010869 -0.011659 0.011083 0.007033 0.002201 0.000356 0.000668 0.003108 0.004928 0.006442 -0.000176 0.003743 0.006434 0.001540 0.006474 0.000321 -0.004399 -0.001513 0.002068 0.004046 0.004752 0.003075 -0.005226 0.000879 0.002815 0.000419 -0.000312 0.000000 
-0.005890 0.000000 -0.008866 0.006110 0.027585 0.010755 -0.007279 -0.023577 0.001078 -0.002502 -0.008632 -0.003982 0.000846 0.008626 0.000000 -0.011322 -0.010036 0.001072 -0.001594 0.001720 0.003320 0.009920 -0.002865 -0.000185 -0.001036 0.006763 0.006993 -0.000454 -0.004396 -0.001513 -0.000459 0.000378 0.004752 -0.002087 -0.005226 0.000879 0.002815 0.000419 -0.000312 0.000000 
-0.013549 -0.007245 0.001453 0.003790 0.001994 0.006161 -0.002224 0.002873 -0.006033 -0.000193 -0.000144 0.005929 0.000848 -0.003511 -0.022630 0.002945 0.001504 -0.019224 -0.001889 0.001681 -0.002788 0.005821 -0.005156 0.001318 -0.000273 0.002712 0.008469 0.006993 -0.000454 -0.002195 0.006569 -0.000459 0.000378 -0.000072 -0.002087 -0.005226 0.000879 0.005844 0.000419 -0.000312 
-0.004748 0.019897 -0.001158 -0.003584 -0.004974 0.002283 -0.007745 0.000000 0.004485 0.005545 -0.000775 0.004893 0.010860 0.019617 0.038235 -0.022756 0.021902 -0.004109 0.002979 -0.003287 -0.000210 0.005208 0.003483 0.001007 -0.007326 0.004900 0.005007 -0.003832 0.000994 -0.002195 0.005880 0.003915 0.012869 -0.000072 -0.002087 -0.005226 0.000120 0.005844 0.000419 -0.000312 
-0.006400 -0.024223 0.016926 0.001488 -0.000565 -0.002383 0.021452 0.026366 0.031936 0.010218 -0.009329 -0.000415 0.000288 -0.011298 0.026528 0.010742 0.010075 0.016391 -0.013000 0.006346 -0.005122 0.002094 0.000452 0.005887 0.001007 -0.003013 0.035047 0.021872 -0.002637 0.004167 -0.000351 0.005880 0.003915 0.012869 -0.000072 -0.001101 0.000992 0.000120 0.005844 0.000419 
0.032538 0.015686 0.084010 -0.077035 0.000000 -0.059536 -0.002620 -0.028776 -0.065387 0.000325 -0.014880 0.030899 -0.062186 -0.009889 0.022480 0.028198 0.023593 -0.002858 0.008239 -0.004491 0.012799 0.004459 0.001497 0.008339 0.001187 -0.002248 0.031258 0.031943 -0.000087 -0.006391 0.002799 -0.003850 0.005846 0.082297 0.003074 -0.001101 0.000992 0.000120 0.005844 0.000419 
0.000000 -0.011040 -0.005435 0.000893 0.031326 0.011176 0.001519 0.008687 -0.013702 -0.036619 -0.016359 0.012749 0.007254 0.003854 0.020848 -0.015798 0.006557 -0.017680 0.002635 -0.024280 0.012799 0.004459 0.001497 0.008339 0.001187 -0.002248 0.031258 0.031943 -0.000087 -0.006391 0.002799 -0.003850 0.005846 0.082297 0.003074 -0.001101 0.000992 0.000120 0.005844 0.000419 
0.010153 -0.025827 0.005968 0.050133 0.000202 0.004371 0.001128 -0.027856 -0.024819 -0.002976 0.015062 0.011693 0.031833 0.019100 0.004293 -0.042234 0.001476 0.003119 0.051778 -0.029140 -0.001067 0.001657 0.000000 0.000565 0.002349 0.002793 0.000400 0.002227 -0.008533 -0.008501 0.005965 0.003875 -0.000314 0.062566 -0.001758 -0.001101 0.000992 0.000120 0.005844 0.000419 
-0.020731 0.018201 -0.027139 0.007611 0.003540 0.037026 0.032364 0.067301 -0.011660 -0.005193 0.011840 0.031698 0.021440 0.013733 0.003158 0.008440 -0.002736 0.030719 -0.018290 0.015601 0.044795 -0.004752 0.000179 0.002349 0.005119 0.002058 0.002019 -0.003479 -0.002563 0.002135 0.003875 -0.000314 0.062566 -0.001758 0.001044 0.000917 0.000120 0.005844 0.000419 -0.000312 
0.040368 0.104160 0.002451 0.011656 -0.007359 0.013307 -0.013078 0.041765 0.027261 0.031353 0.067131 0.011334 0.039740 0.082658 0.031574 0.002041 -0.007642 0.010025 -0.013386 0.009742 0.056470 -0.000719 -0.003174 -0.005982 0.001100 0.004929 -0.000174 -0.003531 0.004985 0.002135 -0.000205 0.002703 0.005776 -0.001758 0.001044 0.000917 -0.000126 0.005844 0.000419 -0.000312 
-0.001218 -0.001221 0.011253 -0.002459 0.012084 0.015227 -0.002740 0.015136 0.002705 0.058861 -0.017048 -0.043989 -0.014130 0.013340 -0.017699 -0.009998 0.013107 0.004746 0.017201 0.029571 0.045338 0.002341 0.006743 0.000472 0.001914 -0.004364 -0.003531 0.004985 0.006216 -0.002434 0.002703 0.005776 -0.002616 0.001044 0.000917 -0.000126 0.004269 0.000419 -0.000312 0.000000 
0.001984 -0.005957 0.007585 -0.004795 -0.005289 -0.008890 0.088426 0.002829 -0.013022 0.013406 0.014241 0.001552 0.022911 -0.002697 -0.037433 0.016101 -0.000769 -0.002970 -0.002255 -0.027470 -0.058695 -0.004848 -0.000816 -0.004177 -0.000866 0.012642 -0.006736 0.007614 0.008527 -0.002434 0.003371 0.012008 -0.002616 -0.005018 0.000917 -0.000126 0.004269 0.000419 -0.000312 0.000000 
0.002257 -0.004499 -0.001670 -0.004441 0.002596 0.012450 -0.016892 -0.007161 0.018716 -0.009416 0.002767 0.010215 -0.001190 -0.016430 0.058485 -0.001901 -0.010439 -0.023744 -0.028981 -0.045285 0.008077 -0.007859 -0.004177 -0.025768 -0.000366 -0.004711 -0.003082 0.008527 -0.001322 0.003371 0.012008 0.004604 -0.005018 0.005777 -0.000126 0.004269 0.000419 -0.000312 0.000000 0.000000 
0.001383 0.006234 -0.005151 -0.001792 -0.002452 0.008592 0.007141 0.000939 -0.017306 0.016221 -0.006107 -0.007518 -0.003042 0.053498 0.004272 0.018926 -0.012479 0.004017 0.043055 0.018488 0.011596 -0.032693 -0.072356 -0.000366 0.003975 -0.003082 0.010836 -0.001322 0.002003 0.012008 0.004604 -0.005018 0.005777 -0.000126 0.004269 0.000419 -0.000312 0.000000 0.000000 0.000000 
-0.018412 -0.013853 0.013872 0.005384 0.000170 -0.003058 0.003224 -0.005724 0.015592 0.004059 -0.009910 0.004449 0.024087 0.017199 -0.038303 0.004487 0.123318 0.058272 0.004034 -0.070517 -0.054777 0.003810 -0.008483 -0.007992 0.002218 0.004293 -0.010385 0.002607 0.000194 0.001023 0.005777 -0.002204 0.004269 0.003102 -0.000312 0.000000 0.000000 0.000000 0.000000 0.000000 
-0.007428 0.003526 -0.001648 0.000630 -0.002142 0.010622 0.022053 0.038502 0.036334 -0.008759 0.020119 0.029526 -0.005487 -0.006171 0.005797 0.001666 0.003323 0.011789 -0.024835 -0.007395 0.003473 -0.002449 0.007311 -0.004323 0.004293 0.000000 0.000000 0.000194 0.001023 0.006004 -0.002204 0.004269 0.003102 -0.000312 0.000000 0.000000 0.000000 0.000000 0.000000 0.000000 
0.005968 -0.015650 0.012090 -0.015718 -0.050278 -0.009426 -0.020634 0.004168 0.013601 0.001505 0.007363 -0.001151 0.025162 0.008108 0.005231 0.027017 0.018639 -0.021158 -0.013563 0.003875 -0.005235 -0.001168 -0.004954 0.000000 -0.001569 -0.000952 -0.000987 0.006004 -0.002204 0.001697 0.003102 -0.000312 0.000000 0.000000 0.000000 0.000000 0.000000 0.000000 0.000000 0.000000 
-0.001952 0.002412 -0.026383 -0.052871 0.039386 -0.014194 0.028040 0.047453 0.002511 0.004906 -0.001360 -0.033362 0.004220 -0.002201 0.004952 0.024831 0.000000 0.007593 -0.006335 -0.006929 -0.034108 -0.009937 -0.003290 -0.001569 -0.000952 -0.000987 -0.003354 -0.004139 0.001697 0.003102 -0.000312 0.000000 0.000000 0.000000 0.000000 0.000000 0.000000 0.000000 0.000000 0.000000 
0.031938 0.016624 0.062566 -0.017050 -0.029961 -0.023949 -0.025116 -0.001234 0.001763 0.005740 0.128302 0.022921 0.000282 0.017763 0.026598 0.031599 0.010492 -0.002482 -0.018226 -0.029202 0.002736 0.001051 0.002482 -0.000765 -0.001221 -0.003354 -0.004139 0.001697 0.003102 -0.000312 0.000000 0.000000 0.000000 0.000000 0.000000 0.000000 0.000000 0.000000 0.000000 0.000000 
0.014055 -0.021344 0.010579 -0.000504 -0.014386 0.007553 0.006925 0.030855 -0.004069 0.001593 -0.003891 0.000000 -0.001174 -0.008765 0.001585 -0.030849 0.045632 0.014395 0.011160 0.000000 0.008079 0.003710 0.012140 0.006458 -0.002550 0.002693 -0.008954 -0.004139 0.001697 0.003102 -0.000312 0.000000 0.000000 0.000000 0.000000 0.000000 0.000000 0.000000 0.000000 0.000000 
0.039114 0.014756 -0.030981 -0.010873 -0.006375 -0.002701 -0.016938 -0.018426 -0.010393 0.030368 -0.008439 -0.013857 -0.012997 0.001305 -0.008264 -0.009390 0.101308 -0.017205 -0.034962 0.013119 -0.000854 0.017519 0.027280 0.055726 0.003383 0.001426 0.000776 0.002693 -0.008954 0.002388 0.000259 0.003102 -0.000312 0.000000 0.000000 0.000000 0.000000 0.000000 0.000000 0.000000 
0.000353 0.003943 -0.001439 -0.037665 -0.002930 -0.007134 -0.014885 0.007310 0.035123 0.021983 -0.014543 -0.027418 -0.056149 -0.005371 0.012516 0.003565 -0.015814 -0.061857 -0.001721 -0.002490 0.017263 0.031397 -0.022390 0.027280 -0.002976 0.000575 0.001426 0.000776 0.001519 -0.008954 0.002388 0.000259 0.003102 -0.000312 0.000000 0.000000 0.000000 0.000000 0.000000 0.000000 
-0.038146 0.009250 -0.000531 0.005506 0.003738 -0.001667 0.000163 -0.000617 -0.000488 0.006643 0.005219 -0.001647 0.001639 -0.006095 -0.098483 0.002825 0.000000 0.025757 -0.016529 0.017315 0.000800 0.000574 0.003514 -0.030864 0.004356 -0.010044 0.002867 0.000575 0.000828 0.007246 0.001519 -0.001326 0.002388 0.000259 0.003102 -0.000312 0.000000 0.000000 0.000000 0.000000 
0.002716 -0.004220 -0.000887 0.003730 0.000532 -0.001643 0.003154 0.002540 0.004727 0.001222 0.003996 -0.002854 -0.012346 -0.017776 -0.048651 0.000508 0.011266 0.002354 -0.006572 0.020053 0.005563 -0.010986 0.010271 0.010253 -0.034962 0.019786 -0.005551 -0.002798 -0.000664 0.006878 0.007246 0.000459 -0.001326 -0.003844 0.000259 0.000320 -0.000312 0.000000 0.000000 0.000000 
0.020620 0.008663 -0.004445 0.002550 0.003585 0.000000 0.006198 0.002598 0.002458 -0.003620 -0.004087 0.004035 -0.005276 0.014075 -0.078120 0.010606 -0.005357 -0.022390 -0.008382 0.010986 -0.017244 0.007161 -0.005648 0.009339 0.007270 -0.000765 -0.003245 -0.007758 -0.002798 -0.000785 0.006878 0.005861 0.000459 -0.001326 -0.003844 0.000259 0.000320 -0.000312 0.000000 0.000000 
-0.016043 -0.009719 0.002947 -0.015841 -0.004098 0.004645 -0.003777 0.006118 -0.006686 -0.000630 -0.000427 0.001329 0.002533 -0.000964 -0.055172 -0.015206 0.015678 -0.005022 0.014078 0.039343 0.032806 0.015268 0.008161 -0.008533 0.021524 0.001244 0.006433 -0.003245 -0.041501 -0.009129 -0.000785 0.049174 0.005861 0.000459 0.003437 -0.003844 0.000259 0.000320 -0.000312 0.000000 
0.038746 0.027865 0.011219 -0.003662 0.006369 -0.001914 0.006555 -0.004122 -0.010111 0.000891 -0.000449 -0.001249 -0.003791 0.003526 -0.027565 -0.009244 0.009668 -0.017159 -0.002703 0.018158 0.021219 -0.000299 -0.003129 0.008161 -0.001462 0.009083 0.001244 0.004902 0.000000 -0.041501 -0.009129 0.016275 0.049174 0.005861 0.003615 0.003437 -0.003844 0.000259 0.000320 -0.000312 
0.030864 -0.011887 0.001308 -0.000634 -0.002916 -0.004486 -0.003459 0.005558 0.001928 0.005994 -0.000501 0.007140 0.014760 -0.009730 -0.013272 -0.013904 -0.006574 0.006741 -0.033622 0.026145 0.001410 -0.009672 -0.047771 -0.092326 0.015570 0.009835 0.003325 0.043981 0.006952 -0.010131 0.019220 0.016275 -0.001946 0.001020 0.003615 0.003437 -0.003844 0.000000 0.000320 -0.000312 
-0.014958 0.038386 0.037446 0.016529 -0.005193 0.000907 -0.004975 0.000788 -0.000096 -0.001459 -0.039060 -0.080532 -0.015678 -0.003540 -0.008490 -0.008467 0.004902 0.008110 0.003421 0.002519 0.012618 0.002023 -0.005448 -0.047771 -0.060070 0.049693 0.035437 0.038471 0.043981 0.006952 -0.003681 0.000000 -0.001353 -0.001946 0.001020 0.003615 0.003437 -0.006855 0.000000 0.000320 
-0.017655 -0.008742 -0.027094 -0.011142 -0.002379 -0.004678 -0.008823 0.001827 0.001439 0.012372 0.026873 0.019429 0.009773 -0.002895 0.003090 0.002449 -0.011311 0.001850 0.051383 0.018823 0.000000 0.013914 0.009678 -0.008196 -0.009207 -0.020228 0.009548 0.017438 0.008738 -0.003669 -0.003681 0.000000 -0.001353 -0.001946 0.006045 0.002960 -0.008217 -0.006855 0.000000 0.000320 
0.020507 0.014648 0.000362 0.003424 0.004697 -0.003638 -0.003245 -0.003123 0.000647 0.007440 0.002610 -0.017128 0.022080 0.031329 0.009416 0.008091 -0.002807 0.001973 0.001261 -0.001597 0.001294 -0.002999 -0.024630 0.019437 0.042687 -0.014090 -0.006719 -0.002955 -0.014338 -0.003442 -0.002701 0.001074 -0.000915 0.000660 0.006045 0.002960 -0.008217 -0.006855 0.000000 0.000320 
-0.004573 0.051877 0.026524 0.007436 -0.008016 0.025633 0.055974 0.127813 0.110128 -0.023083 -0.012532 -0.020350 0.009755 0.003209 0.029469 0.027473 -0.006408 -0.002355 -0.012511 -0.003952 0.006745 0.001788 0.011338 0.014097 0.011067 -0.130433 -0.079480 -0.026583 -0.004778 0.002918 -0.002701 0.001074 -0.000915 0.000660 0.006045 0.002960 -0.008217 -0.006855 0.000000 0.000320 
0.008804 -0.017670 0.013768 0.000000 0.008136 0.044291 0.034683 0.015066 -0.013636 -0.017077 -0.010773 0.008500 -0.008005 -0.009787 -0.015569 0.000788 0.000129 -0.001587 0.005673 0.007084 0.000186 -0.004629 -0.005144 -0.027228 -0.025044 -0.130433 -0.079480 -0.026583 -0.004778 0.002918 -0.007748 -0.000421 -0.000201 0.007900 0.001655 0.002960 -0.008217 -0.006855 0.000000 0.000320 
0.023576 0.017870 0.027981 0.015505 -0.004912 0.019522 0.006923 -0.017205 -0.031422 0.010951 0.003271 0.003754 0.005000 -0.005999 0.006878 0.016453 0.002536 0.012633 0.002922 0.003278 0.000637 -0.005984 -0.023725 -0.005317 0.033573 0.008719 -0.000345 0.001114 0.002330 0.000685 -0.002434 -0.000201 0.007900 0.001655 -0.004957 -0.009445 0.000108 0.000000 0.000320 -0.000312 
0.011596 0.013320 -0.006700 -0.005301 -0.008079 -0.004253 0.000000 0.001473 -0.008565 -0.011873 -0.002868 -0.001666 0.002306 0.016087 -0.019181 -0.004757 0.003948 -0.002276 -0.002030 -0.002353 0.010768 0.014861 0.057501 0.047744 0.033573 0.008719 0.018091 0.011378 0.007204 0.000685 -0.002434 -0.001910 -0.001916 0.001655 -0.004957 -0.009445 0.000108 0.000000 0.000320 -0.000312 
-0.002000 -0.008041 0.022442 0.014120 0.008047 -0.012148 0.006646 0.018988 0.011955 0.041484 -0.011555 -0.005510 -0.006201 0.003013 0.001103 -0.000334 0.001496 -0.003393 0.001628 0.014328 0.017143 0.011247 0.038275 0.030411 0.016926 -0.000924 -0.001218 0.007204 0.002372 0.006256 0.009227 -0.001916 0.000322 0.006042 -0.009445 0.000108 0.003469 0.000320 -0.000312 0.000000 
0.007045 -0.002279 0.011238 0.017333 -0.005584 0.010153 0.018517 0.011247 0.000257 0.002936 0.001662 -0.007783 -0.000220 0.005781 -0.001217 0.004508 -0.003574 -0.004983 0.006313 0.018465 -0.025098 0.007526 -0.004869 0.021468 0.000000 -0.011458 0.009858 0.012830 0.006256 0.009227 0.000348 0.000322 0.006042 0.018780 0.000108 0.003469 0.000320 -0.000312 0.000000 0.000000 
0.027900 -0.022460 -0.015252 -0.031457 0.013779 0.014886 0.011007 0.006386 -0.004914 0.006103 0.001907 0.005583 -0.003450 -0.004313 -0.000352 0.006537 0.006404 0.038363 0.033403 0.073346 0.033744 0.033352 0.009653 -0.009809 0.004683 0.001982 -0.001797 -0.004759 0.002899 0.000348 -0.011610 0.006042 0.018780 0.000108 0.003469 0.000320 -0.000312 0.000000 0.000000 0.000000 
0.003294 0.007057 0.006361 0.000567 0.013392 -0.007115 0.004001 0.000000 -0.001703 0.017418 -0.015628 0.003584 0.000347 0.001124 -0.008014 0.079515 -0.000967 -0.048461 -0.016275 -0.017919 0.013842 -0.001788 0.014890 0.004371 -0.001100 -0.001797 -0.006336 0.002899 0.000000 -0.011610 0.001739 0.018780 0.015682 0.003469 -0.003372 -0.000312 0.000000 0.000000 0.000000 0.000000 
0.005140 0.011860 -0.006771 0.000000 -0.004447 0.020092 0.007290 0.000091 -0.005768 -0.014911 0.018740 0.056641 -0.010160 -0.014565 0.029721 0.019584 0.036968 -0.038924 0.000663 -0.006493 -0.005776 0.003343 0.004371 -0.008387 -0.001546 0.000411 -0.002151 0.000000 -0.001232 0.001739 0.018780 0.015682 0.003469 -0.003372 -0.000312 0.000000 0.000000 0.000000 0.000000 0.000000 
-0.000858 -0.007959 -0.002209 -0.002162 0.012939 0.014485 0.009256 -0.008990 0.005348 0.012770 0.045512 -0.024141 0.022814 -0.015093 -0.011656 -0.004949 -0.008544 0.011480 -0.001184 -0.002198 -0.001992 0.006351 -0.005400 -0.009493 0.000411 0.001058 -0.002430 -0.001232 0.001739 0.002921 0.015682 0.003469 -0.003372 -0.000312 0.000000 0.000000 0.000000 0.000000 0.000000 0.000000 
0.026381 0.007938 0.011096 0.010507 0.004059 0.005410 -0.000554 0.008387 0.016586 0.002353 -0.023622 0.027962 0.031775 0.006456 0.005487 -0.004801 0.007324 0.000797 -0.000946 0.011858 -0.004473 -0.002190 -0.000746 0.001058 0.008506 0.009212 0.000951 0.002921 0.015682 0.002110 -0.003372 -0.000312 0.000000 0.000000 0.000000 0.000000 0.000000 0.000000 0.000000 0.000000 
-0.006789 0.001292 0.003783 -0.010348 0.000147 -0.001244 0.000694 0.006755 0.040443 0.083421 0.001639 0.004760 -0.015430 0.000185 0.007814 0.006045 0.015556 0.003573 0.009809 -0.005013 0.000657 -0.002209 -0.000526 -0.004210 0.050046 0.001873 -0.001902 0.002110 -0.003372 -0.000312 0.000000 0.000000 0.000000 0.000000 0.000000 0.000000 0.000000 0.000000 0.000000 0.000000 
-0.000312 -0.003372 0.002110 -0.001902 0.001873 0.050046 -0.004210 -0.000526 0.005930 -0.004987 0.001268 0.008556 0.021747 0.025736 -0.002267 -0.001075 0.002997 -0.024589 -0.005516 0.015461 0.010439 0.013834 0.000000 0.028458 0.007141 0.011486 -0.002020 0.000000 0.010241 0.015217 0.000000 0.000000 0.000000 0.000000 0.000000 0.000000 0.000000 0.000000 0.000000 0.000000 
-0.000312 -0.003372 0.002110 -0.001902 -0.002993 0.008746 -0.002319 0.002903 0.009124 0.000947 0.003966 0.002312 0.000278 0.002866 -0.000379 0.002059 -0.002186 -0.003909 0.000119 -0.016424 0.005173 0.002908 0.012700 0.009858 0.000000 0.004944 0.005563 0.000470 0.021660 -0.001017 -0.001017 0.003662 0.000000 0.000000 0.000000 0.000000 0.000000 0.000000 0.000000 0.000000 
-0.000312 -0.003372 0.002110 -0.001126 -0.002993 0.008746 -0.002319 -0.002328 0.000327 0.000000 0.003966 -0.000932 0.007003 0.006545 -0.001389 0.002625 -0.008179 0.001914 0.001802 -0.004169 0.004272 -0.002186 0.006462 -0.020181 0.033761 0.013330 0.010625 0.057056 -0.007692 -0.002790 -0.009765 -0.026534 0.000000 0.000000 0.000000 0.000000 0.000000 0.000000 0.000000 0.000000 
-0.000312 -0.003372 0.004109 -0.001126 -0.002993 -0.001689 0.000214 -0.002328 -0.000441 0.000803 0.000099 0.001615 -0.005834 -0.002244 0.007189 0.002177 0.002668 -0.000333 0.011595 -0.000773 0.005946 0.001622 -0.017984 0.045832 -0.001581 0.009124 -0.032116 -0.023374 -0.033426 0.052700 -0.032744 -0.027609 0.066495 0.000889 0.006448 0.000000 0.000000 0.000000 0.000000 0.000000 
-0.000312 -0.003372 0.004109 -0.001126 -0.003626 -0.001689 -0.005075 -0.001441 0.004698 -0.001750 -0.000482 -0.000568 0.008322 -0.000360 0.005770 -0.002178 -0.000615 -0.000096 0.002157 0.002416 -0.007169 0.024812 -0.009124 -0.011573 -0.006820 0.008823 0.009719 0.040920 -0.008333 0.005094 0.002393 -0.000422 -0.011076 -0.003825 0.001883 0.009920 0.000000 0.000000 0.000000 0.000000 
-0.000312 0.000626 0.004109 0.002150 -0.003626 0.012410 -0.005075 0.002095 0.004698 -0.003132 -0.000482 0.002899 0.000441 0.000058 0.000934 0.003819 -0.001933 -0.001018 0.004934 0.001886 -0.002368 -0.005779 0.002069 0.011881 0.009455 0.005000 0.006944 -0.012381 -0.019584 0.002604 -0.003139 -0.001337 -0.012450 -0.006873 -0.011817 0.000949 0.013183 0.000000 0.000000 0.000000 
-0.000312 0.000626 0.004109 0.002150 -0.003626 0.012410 -0.000137 0.002095 -0.005270 -0.003132 -0.003933 0.005075 -0.005584 -0.000761 0.001809 0.004066 -0.003989 0.000941 -0.000750 -0.000628 -0.002664 -0.002180 -0.008316 0.026288 -0.004953 0.009111 0.004584 0.008463 -0.007045 0.077225 0.012319 0.000000 -0.010223 0.018137 -0.005232 -0.006006 0.023994 0.016704 0.000000 0.000000 
-0.000312 0.000626 0.004109 0.002150 -0.002905 0.012410 -0.000137 0.000949 -0.005270 0.002449 -0.003077 0.005281 0.004457 0.000106 0.000081 -0.005253 -0.006118 0.001818 0.000904 0.003662 -0.006855 0.001561 -0.000158 0.000000 0.001946 -0.001686 -0.005596 -0.037874 -0.013010 0.007428 0.003662 0.049937 0.011189 0.002180 -0.011375 -0.003868 0.003304 0.002209 0.023889 0.000000 
-0.000312 0.000626 0.004109 0.002150 -0.002905 0.013644 -0.000137 0.000949 -0.000971 0.000255 -0.003077 0.005281 0.006248 -0.001247 0.000081 -0.002395 -0.004112 0.000871 -0.004914 0.007256 -0.002480 0.000536 0.003892 0.010352 0.029353 0.051786 -0.003691 0.000719 -0.010230 -0.019158 0.008341 -0.006863 -0.001539 0.011199 0.008120 0.003453 0.010176 0.001061 -0.003828 0.000151 
-0.000312 0.000626 -0.001259 0.002150 -0.002905 0.013644 0.008928 0.011532 -0.000971 0.000255 0.001890 0.001183 -0.003255 -0.001247 0.001188 0.004415 0.028625 0.000305 -0.001386 0.004359 0.000860 -0.001990 -0.001680 0.011765 0.025877 0.031736 0.008614 0.004691 0.008546 -0.010957 0.000378 0.001107 0.010691 0.006796 -0.010176 -0.022134 -0.005580 0.015676 0.010540 -0.001108 
-0.000312 0.000626 -0.001259 -0.000822 -0.002905 0.013644 0.008928 0.011532 -0.006157 0.011474 -0.001075 -0.003893 -0.003255 -0.003874 0.003516 0.003337 0.059268 0.000278 -0.001609 -0.003413 0.002777 -0.005158 0.002124 0.001796 -0.004557 0.017811 0.007657 0.000127 0.000100 0.006551 -0.001724 0.001203 0.001038 -0.002727 -0.000437 0.001021 0.008559 -0.005377 -0.001077 -0.001143 
-0.000312 0.000626 -0.001259 -0.000822 0.000858 0.001434 0.000326 0.011532 -0.006157 0.011474 -0.001075 -0.003893 0.002627 -0.003743 0.002192 0.000538 0.012166 0.007050 -0.001264 -0.001767 -0.000455 -0.002826 0.002991 0.022568 -0.000614 0.011662 0.011264 -0.012276 -0.004007 0.012402 0.000641 -0.011968 0.000000 0.039386 0.002605 -0.001119 -0.015676 0.000000 -0.001453 -0.041943 
-0.000312 0.000626 -0.001259 -0.000822 0.000858 0.001434 0.000326 -0.001288 -0.005425 0.013508 0.002021 -0.000330 0.002861 0.006452 0.002605 0.002881 0.000802 0.002068 -0.004446 0.000744 -0.001431 0.002011 -0.004759 0.015810 0.028594 0.007444 0.027057 -0.012846 -0.008370 0.005968 -0.001340 0.110670 0.026040 -0.017379 0.063240 0.025052 -0.003643 0.018455 0.024219 0.013011 
