-0.005155 -0.000130 -0.000984 0.004464 0.004055 0.001434 -0.000228 -0.002609 0.006394 -0.004985 0.000518 0.003427 0.001561 -0.003943 0.000819 0.001293 0.002833 0.004491 0.004745 -0.002139 0.002767 0.004944 0.029146 0.027915 0.036807 -0.000950 0.022640 0.021913 0.004185 -0.015217 -0.011611 0.058590 0.001860 0.039393 -0.039060 0.141961 0.008742 0.033588 0.002906 0.000197 
-0.005155 -0.000130 -0.000984 0.004464 0.004055 0.001434 -0.000228 -0.012692 -0.000600 -0.004394 0.002298 0.004307 0.005847 0.004020 -0.002548 -0.004590 0.001036 -0.004809 0.022972 -0.001481 0.010230 0.027900 0.015048 0.003243 0.024115 0.037343 -0.009602 0.119052 0.114119 0.002106 -0.022834 0.013191 0.095719 0.025026 0.031324 0.035534 0.062944 -0.001949 -0.002122 0.034236 
-0.005155 -0.000130 -0.000984 0.004464 0.008652 -0.002568 0.020405 -0.012692 -0.000600 -0.004394 0.002298 0.004307 0.004018 0.004358 0.001444 -0.006076 -0.011027 -0.005408 0.010277 -0.000549 0.091644 0.024077 0.041995 0.075981 0.072410 -0.015771 0.007027 0.042286 0.042960 0.005608 -0.010593 -0.006087 -0.008234 -0.013074 0.111798 -0.021669 0.015526 -0.002475 0.004747 0.006847 
-0.005155 -0.000130 -0.000984 0.009657 0.008652 -0.002568 0.020405 -0.012692 -0.019861 -0.007492 0.002500 0.001192 0.004018 0.002915 -0.013300 0.002052 -0.014334 0.000850 0.028676 0.058737 0.058009 0.007975 -0.018076 0.007687 0.005702 0.018092 0.012255 0.006173 -0.001685 -0.006769 0.003119 -0.002749 -0.012869 0.018606 -0.006572 0.008213 0.004627 0.000664 0.068296 0.012746 
-0.005155 -0.000130 0.002470 0.009657 0.008652 -0.002568 0.016975 -0.078380 -0.019861 -0.007492 -0.000938 0.004963 0.000490 0.002915 -0.001147 0.008520 -0.001291 -0.004349 0.017894 0.016469 0.014415 -0.011799 -0.011633 0.015766 0.013470 0.002717 0.005640 0.005179 0.001235 -0.012582 0.004940 -0.010428 0.009835 0.019468 -0.028563 0.005406 -0.004915 0.012904 -0.065317 -0.004685 
-0.005155 -0.000130 0.002470 0.009657 0.008652 -0.002387 0.016975 -0.078380 -0.013244 -0.002613 -0.000938 0.004963 0.006296 0.008339 -0.001147 0.010560 0.046597 0.009233 0.021582 -0.027912 0.044764 -0.016157 0.001236 0.009068 0.009858 0.004681 0.003979 -0.003586 0.009881 0.019961 0.002679 -0.062525 -0.024126 0.001609 -0.014847 0.003889 -0.024155 0.020852 0.020332 0.000000 
-0.005155 -0.000130 0.002470 0.009657 0.020563 -0.002387 0.016975 -0.016728 -0.013244 0.002835 0.003426 0.016076 0.008666 0.002964 0.054946 0.103385 0.075144 -0.006001 0.076276 -0.004534 -0.001430 -0.010630 0.003866 -0.004230 0.003714 0.003413 -0.005367 -0.028327 -0.007263 -0.001054 0.026008 0.012760 0.010580 0.009826 0.055242 0.022514 0.019325 -0.003124 0.000000 0.000000 
-0.005155 -0.000130 0.002470 0.009657 0.020563 -0.002387 -0.000140 -0.016728 0.004447 0.002835 0.004030 0.004054 -0.017801 -0.061560 0.039758 0.068138 -0.004233 0.033837 -0.036110 0.018840 0.011659 0.007229 0.082230 0.008850 0.001011 -0.000300 -0.105206 -0.034271 -0.038781 -0.041589 0.029411 -0.001099 -0.023172 0.036758 0.003772 -0.014221 -0.005894 0.000000 0.000000 0.000000 
-0.005155 -0.003607 0.002470 0.003890 0.020563 -0.004718 -0.000140 0.000863 0.004447 0.005171 0.004030 0.021624 -0.048515 -0.059820 0.000000 -0.008161 -0.012438 0.019856 0.000257 0.018004 0.007115 0.003650 0.043617 0.003643 0.002573 0.032039 -0.035102 0.019184 -0.007241 0.008231 -0.004883 0.012323 -0.007144 -0.013900 -0.003581 0.010114 0.000000 0.000000 0.000000 0.000000 
-0.005155 -0.003607 0.002470 0.003890 0.002855 -0.004718 0.003405 0.001232 0.011713 -0.006847 0.000799 0.008113 -0.002977 0.014384 0.014686 -0.008260 0.030341 0.050813 0.054392 0.004503 -0.042951 -0.003666 0.030272 -0.000515 -0.086800 -0.001585 0.023752 0.002015 -0.005537 -0.003038 -0.001826 0.002232 0.018004 0.005270 0.008816 0.000000 0.000000 0.000000 0.000000 0.000000 
-0.005155 -0.003607 0.004928 0.003890 0.002855 0.004918 -0.000895 0.001232 0.005898 -0.000781 0.024575 0.012498 0.036444 0.057089 0.008888 -0.027907 0.017412 0.045609 0.053266 0.025401 0.029446 0.006546 0.027749 0.012516 0.035520 -0.001700 0.025189 -0.014547 0.027939 0.050113 0.003185 0.010227 0.037791 0.000000 0.000000 0.000000 0.000000 0.000000 0.000000 0.000000 
-0.005155 -0.003607 0.004928 -0.000494 0.002855 0.004918 -0.000895 0.005717 -0.000775 0.014155 0.024575 0.009164 0.056823 0.142379 -0.007520 0.028740 0.007122 0.025866 0.017935 0.018668 0.025986 -0.002680 0.010375 -0.011407 0.016972 0.001517 0.005332 0.008203 0.001465 0.007556 -0.008782 0.014360 0.000000 0.000000 0.000000 0.000000 0.000000 0.000000 0.000000 0.000000 
-0.005155 -0.003607 0.004928 -0.000494 -0.008569 0.000897 0.001578 -0.002437 0.022024 0.054663 0.044309 0.042292 -0.013601 0.014880 0.006777 0.062062 0.044716 0.000369 0.012387 -0.009878 -0.000190 0.008482 0.020165 0.009755 -0.004167 0.013737 0.010579 0.021158 0.030849 0.010695 0.000000 0.000000 0.000000 0.000000 0.000000 0.000000 0.000000 0.000000 0.000000 0.000000 
-0.005155 -0.003607 0.004928 -0.000494 -0.008569 0.000897 0.001578 -0.002437 0.004699 0.005995 0.009999 0.047924 0.007859 -0.004054 0.021803 0.030919 0.132909 0.062252 0.028952 -0.002241 -0.013043 0.005861 0.004282 0.006434 -0.004849 -0.011460 0.016522 -0.027729 0.010072 -0.014127 0.000000 0.000000 0.000000 0.000000 0.000000 0.000000 0.000000 0.000000 0.000000 0.000000 
-0.005155 -0.003607 0.004928 -0.001286 -0.000604 0.002972 0.004026 0.007904 0.002964 0.064234 0.012279 -0.019053 0.017089 -0.015226 0.001885 0.016934 0.088577 0.024025 0.006561 0.025518 0.041011 0.044838 -0.001482 -0.011718 0.007355 0.018794 0.089900 0.017256 0.006026 0.000169 -0.038793 0.056637 0.000000 0.000000 0.000000 0.000000 0.000000 0.000000 0.000000 0.000000 
-0.005155 -0.003607 0.001662 -0.001286 -0.000604 0.006213 -0.000472 -0.004834 0.002964 0.031393 0.037161 0.024967 0.053281 0.000294 -0.000831 0.013020 0.003790 0.009730 0.006330 -0.017220 0.030164 0.002683 -0.003023 -0.001250 -0.001484 0.019245 0.023955 0.029295 0.039862 0.054221 0.029668 0.029278 -0.001303 0.006927 0.000000 0.000000 0.000000 0.000000 0.000000 0.000000 
-0.005155 -0.003607 0.001662 -0.001286 0.000229 0.006213 -0.000472 -0.004836 -0.001634 0.031393 0.025986 0.027958 0.024804 0.043821 -0.024405 -0.003383 0.009010 0.017008 0.004359 0.015014 0.098534 0.008035 0.030969 0.033364 -0.038942 -0.000634 0.009172 0.055486 0.003658 0.005059 0.006245 0.043231 -0.009556 -0.002902 0.001235 0.000000 0.000000 0.000000 0.000000 0.000000 
-0.005155 -0.003607 0.001662 -0.001286 0.000229 0.006213 0.003869 -0.004836 0.000729 -0.002569 0.015814 -0.005526 0.024804 0.000392 0.046488 0.045880 0.003813 0.014973 -0.018782 -0.017757 -0.007270 -0.021479 0.004208 0.019565 0.024765 0.015054 0.004242 0.004309 -0.000936 -0.007067 0.011253 -0.003290 0.012289 0.021322 0.011669 -0.021038 0.000000 0.000000 0.000000 0.000000 
-0.005155 0.002355 0.001662 0.001883 0.000229 -0.000056 0.003869 -0.002720 0.000729 0.006234 0.015814 0.054630 -0.004892 0.000000 0.012222 0.002328 0.038275 0.000884 0.058155 0.080001 0.055666 0.079285 0.140231 -0.004001 0.002051 0.004873 0.015404 -0.001847 0.001785 -0.005009 0.001135 -0.008440 -0.026863 -0.002674 0.023105 -0.001046 -0.039316 0.000000 0.000000 0.000000 
-0.005155 0.002355 0.001662 0.001883 0.000229 -0.000056 -0.000495 -0.002720 -0.010753 0.013842 0.017228 0.056201 0.028427 0.015550 0.017847 0.038537 0.008021 0.019096 0.024901 -0.008262 0.023619 0.008680 0.010153 0.033131 0.003417 -0.006555 0.023388 0.001936 -0.009084 0.009393 0.009331 0.052239 0.063457 -0.061221 0.024555 -0.002500 -0.014241 -0.008177 0.000000 0.000000 
-0.005155 0.002355 0.001662 0.001883 0.003109 -0.000056 -0.000495 -0.000710 -0.010753 0.013842 0.017531 0.008774 0.125081 0.125543 0.007014 0.013157 0.005196 0.049802 0.041056 0.000488 0.022297 0.034846 0.015512 0.017374 0.001015 -0.009773 0.004387 -0.013168 0.009105 0.020287 0.045788 0.026470 0.020053 0.054002 -0.000402 -0.019487 0.004517 -0.023645 0.015664 0.000000 
-0.005155 0.002355 -0.005766 0.001883 0.003109 -0.000412 -0.002669 -0.000710 -0.003549 -0.003509 0.014012 0.008774 -0.002116 -0.030855 0.006743 0.019273 0.016314 -0.028836 0.039031 0.026156 0.019264 0.002581 0.000947 -0.010029 0.003316 0.001078 0.028667 0.012700 -0.002482 -0.018513 -0.041623 0.006278 0.023886 -0.016130 -0.000940 0.025540 0.021855 0.060787 0.101254 0.061791 
-0.005155 0.002355 -0.005766 0.001883 0.003109 -0.000412 -0.002669 0.010070 0.003676 -0.003509 0.014012 0.041327 0.046912 0.027706 0.006743 0.019273 0.019716 0.057377 0.050046 0.064286 0.088877 0.057059 -0.045992 -0.011020 0.004080 0.003941 0.030004 -0.001073 -0.001909 0.009623 -0.002233 0.002957 0.026711 0.005705 0.016964 -0.042077 -0.030324 0.065383 -0.212986 -0.032434 
-0.005155 0.002355 -0.005766 -0.003184 0.002984 -0.000412 -0.002669 0.010070 0.003676 -0.004498 -0.004519 -0.008639 0.002550 0.009486 -0.006840 0.005425 0.050987 0.005286 -0.020849 -0.000965 -0.000548 -0.005410 -0.011122 0.020216 0.008909 -0.023236 -0.004759 0.005303 -0.011993 -0.010123 0.001726 -0.005930 0.022262 0.043332 -0.014026 -0.069649 -0.023090 0.001715 0.020751 0.007227 
-0.005155 0.002355 -0.005766 -0.003184 0.002984 -0.001865 0.007556 0.013639 0.000711 -0.017002 -0.004519 -0.008639 0.002550 0.009486 -0.006840 -0.052661 -0.011873 0.066805 0.021667 0.006216 0.015340 0.005072 -0.008690 -0.004159 0.019123 0.037653 -0.024678 -0.026132 -0.009672 -0.006722 -0.012164 0.010226 0.035929 0.060008 0.001597 -0.005236 0.022967 -0.022948 -0.547601 -0.048980 
-0.005155 0.002355 -0.005766 -0.003184 0.002984 -0.001865 0.007556 0.013639 0.000711 -0.017002 -0.015048 0.009847 0.014024 -0.016322 -0.101603 -0.184396 -0.029295 0.020384 0.018030 -0.002713 0.030688 0.013636 0.072860 -0.069523 -0.017345 0.038527 0.001400 -0.006650 -0.006876 -0.015523 -0.014210 0.012532 0.038735 -0.015004 -0.002771 0.014214 0.003278 0.030729 0.293408 0.092837 
-0.005155 0.002355 -0.005766 -0.003184 0.002984 -0.001865 0.007556 -0.007498 -0.008660 -0.015025 0.004903 0.005910 -0.001284 -0.004863 -0.073792 -0.049406 -0.023576 -0.013450 0.099055 0.055742 0.010862 0.044116 0.161007 0.079070 -0.011057 -0.038411 -0.052051 0.010465 -0.009250 0.004028 0.004495 -0.016842 0.032828 0.007991 0.007912 -0.016089 0.001206 0.039798 0.016980 -0.060078 
-0.005155 0.002355 -0.005766 -0.003184 0.000963 0.002449 -0.003210 -0.007498 -0.008660 -0.015025 0.006115 0.017844 -0.013369 -0.023390 0.002801 0.003954 -0.028388 0.001701 0.013194 0.011162 -0.008248 0.000160 -0.018360 -0.002696 0.016885 0.005982 0.019341 -0.022281 -0.018094 0.000258 0.011160 -0.006188 -0.016209 -0.016895 -0.015537 0.025654 0.009576 0.033511 -0.023483 -0.377255 
-0.005155 0.002355 -0.005766 -0.003209 0.000963 0.002449 -0.003210 -0.007498 0.001061 0.004920 0.006115 0.017844 -0.013369 0.012194 0.002976 0.001107 -0.003343 0.001701 0.027051 0.023442 0.004668 0.000632 -0.009037 -0.010390 0.041525 0.022895 -0.011625 -0.006121 -0.001128 -0.021787 0.001410 0.011352 0.011923 -0.015756 -0.010661 -0.012579 -0.026943 0.002848 0.214675 0.873814 
-0.005155 0.002355 -0.000248 -0.003209 0.000963 0.002449 0.009678 0.008374 0.001061 0.000666 -0.020913 -0.048907 -0.025494 -0.000698 0.000782 0.012404 0.041488 0.031283 -0.002813 -0.012990 -0.006068 0.072343 0.040250 -0.000843 -0.023933 -0.002035 -0.006725 -0.036536 0.004955 0.021108 -0.003906 0.017313 0.002093 0.012710 0.035270 0.006245 -0.020454 -0.009846 0.024077 -0.454213 
-0.005155 0.002355 -0.000248 -0.003209 0.000963 -0.001974 0.009678 0.008374 0.002509 0.000666 -0.020913 0.011686 0.002198 -0.000698 0.022922 0.009712 0.041488 -0.017669 -0.011706 0.016428 -0.025959 0.014428 -0.011685 -0.055525 -0.049898 0.022310 -0.013144 -0.023541 0.022481 0.023545 0.011637 0.110872 0.053491 0.000860 0.019194 0.013010 0.001317 -0.005126 -0.008068 0.000000 
-0.005155 0.002355 -0.000248 -0.003209 -0.000397 -0.001974 0.009678 0.002206 0.002509 0.002637 -0.000651 0.011686 -0.002476 0.015355 0.014260 0.012895 0.000692 0.013427 -0.005845 -0.023119 -0.000258 -0.023450 0.009612 0.009206 -0.018222 0.005614 0.017119 -0.003633 -0.006237 0.010152 0.007178 0.013623 0.008004 -0.015839 0.030225 0.009684 0.014183 0.000427 0.000000 0.000000 
-0.005155 0.004449 -0.000248 0.005357 -0.000397 0.003874 0.003124 -0.030533 0.002790 -0.001833 -0.008441 -0.000796 -0.003653 0.007005 -0.013532 -0.021775 -0.009848 0.002434 -0.003810 -0.021378 -0.018480 0.023092 0.019375 -0.003587 0.004441 -0.004164 0.001391 -0.003357 -0.025511 0.064968 0.063930 0.049859 0.014478 0.002090 0.047449 0.003474 -0.002078 0.000000 0.000000 0.000000 
-0.005155 0.004449 -0.000248 0.005357 -0.000397 0.003874 0.003124 -0.030533 0.004250 -0.001833 -0.001345 -0.000796 0.010158 0.007005 -0.004405 -0.011297 -0.010608 0.010571 0.004002 0.049588 0.010614 0.013941 0.018167 0.008541 -0.009601 0.007514 -0.002375 -0.005352 -0.004069 0.004497 0.019120 0.016382 0.006243 0.013801 0.005318 0.026296 0.000000 0.000000 0.000000 0.000000 
-0.005155 0.004449 -0.000248 0.005357 0.005476 0.003874 -0.027385 0.000331 0.004250 -0.002973 -0.006540 0.005849 0.001661 0.000379 -0.000372 0.006462 -0.027769 -0.029105 0.008355 -0.002232 0.031983 0.013702 -0.005130 -0.005876 0.073038 0.027173 0.017947 0.003680 0.000409 -0.014369 0.011210 0.009917 0.011238 0.017159 0.000000 0.000000 0.000000 0.000000 0.000000 0.000000 
-0.005155 0.004449 -0.001004 0.005357 0.005476 -0.001877 -0.000339 0.000331 0.005348 -0.011717 -0.004244 0.003586 0.000078 -0.002830 -0.002005 -0.003430 -0.014026 0.005051 0.001825 -0.004315 -0.006121 0.005053 0.034107 0.087548 -0.018895 0.040254 0.000686 0.020588 0.027815 -0.013022 0.015903 -0.005359 0.014281 0.000000 0.000000 0.000000 0.000000 0.000000 0.000000 0.000000 
-0.005155 0.004449 -0.001004 0.001433 0.005476 -0.001877 -0.000339 0.006942 -0.007033 -0.007893 -0.000130 -0.042923 0.002054 0.003346 -0.279396 -0.007453 -0.000416 0.019608 0.003623 0.008280 -0.010986 0.015718 0.014479 0.026268 0.017530 0.006420 0.010906 0.014346 -0.008789 0.000562 0.003267 0.000000 0.000000 0.000000 0.000000 0.000000 0.000000 0.000000 0.000000 0.000000 
-0.005155 0.004449 -0.001004 0.001433 -0.000418 -0.009220 -0.001212 0.001449 -0.000751 -0.001068 -0.052766 -0.034991 -0.007102 -0.027177 -0.001714 -0.000132 0.026566 0.008178 0.006388 0.025000 0.038618 0.076384 0.030632 -0.017502 0.020327 0.020295 0.024705 0.020929 0.029578 0.033751 0.000000 0.000000 0.000000 0.000000 0.000000 0.000000 0.000000 0.000000 0.000000 0.000000 
0.007193 0.011759 0.008728 0.005096 0.008492 0.018586 0.000452 0.095531 0.020683 0.004787 0.005254 0.010230 0.024776 0.001988 0.000463 -0.005813 -0.009218 0.003530 -0.005787 -0.027607 -0.000633 -0.002188 0.002997 -0.003520 -0.005171 -0.001707 -0.000418 0.001433 -0.001004 0.004449 -0.005155 0.000000 0.000000 0.000000 0.000000 0.000000 0.000000 0.000000 0.000000 0.000000 
0.006632 -0.000336 0.019251 0.048813 -0.005749 -0.023374 0.042478 0.033379 -0.002915 -0.000815 0.032049 0.007884 0.013572 -0.003139 0.008953 0.002007 -0.002350 -0.001381 -0.001470 -0.005717 0.003258 0.002889 -0.002016 0.003570 -0.003520 -0.005171 -0.001707 0.006147 0.002019 -0.001004 0.004449 -0.005155 0.000000 0.000000 0.000000 0.000000 0.000000 0.000000 0.000000 0.000000 
0.002659 0.032693 -0.017602 0.025842 -0.043323 -0.015082 0.066309 0.034960 -0.005964 0.077773 -0.008761 0.002669 0.006035 0.009641 0.007099 0.040893 0.005526 0.002468 -0.001689 -0.000378 0.000523 0.005064 -0.001810 0.009259 0.000288 0.003570 0.004220 -0.005175 0.000168 0.006147 0.002019 -0.002743 0.004449 -0.005155 0.000000 0.000000 0.000000 0.000000 0.000000 0.000000 
-0.079899 0.058032 0.074545 0.002422 0.009580 0.010153 0.041501 0.050592 -0.001831 0.000068 -0.001248 -0.001175 0.006682 -0.024765 0.009663 -0.014479 0.003137 0.007805 -0.001093 -0.000272 -0.004886 -0.001534 0.013547 -0.012092 0.003645 0.000288 -0.002928 0.012388 -0.005175 0.000168 0.006983 0.002019 -0.002743 0.004449 -0.005155 0.000000 0.000000 0.000000 0.000000 0.000000 
-0.016969 0.037648 0.034294 0.011815 0.011470 -0.000404 0.011674 -0.001412 0.011807 0.020553 0.058311 -0.012881 0.039460 -0.005860 0.007355 -0.004176 0.008000 0.002643 -0.001812 -0.002307 0.001168 -0.000108 -0.001213 -0.001929 0.014881 -0.010301 0.001437 -0.000118 -0.001920 0.000000 -0.010128 0.004545 0.006983 0.001758 -0.002743 0.002991 -0.005155 0.000000 0.000000 0.000000 
0.017786 0.026888 0.002380 0.015074 -0.020683 -0.014783 -0.072370 0.025200 0.030579 -0.003092 -0.041298 -0.034422 0.025172 -0.008120 0.015548 0.007954 0.007134 0.006047 0.003299 0.000330 -0.002322 0.005685 0.001578 0.001824 -0.001929 0.003722 -0.010301 0.001073 -0.000118 0.001403 0.000000 -0.010128 0.004545 0.006983 0.001758 -0.002743 0.002991 -0.005155 0.000000 0.000000 
-0.006927 0.009645 0.014613 -0.005638 -0.035892 -0.025343 0.066670 0.027006 0.057633 0.048023 -0.002308 -0.004723 0.015217 -0.010252 0.011083 0.020748 0.035216 0.003679 -0.000735 -0.000033 -0.002075 0.003948 -0.000837 0.001578 0.000715 0.003389 0.005991 -0.006797 0.001073 -0.001859 0.001403 0.000000 -0.002495 0.004545 -0.000844 0.001758 -0.002743 0.002991 -0.005155 0.000000 
0.025401 0.014090 -0.003069 0.000359 0.034379 -0.014478 0.021558 0.003290 -0.000754 0.009384 0.004963 -0.010551 0.009726 0.017868 -0.015126 -0.000548 -0.004893 -0.003216 0.000220 -0.001147 -0.000830 0.012013 0.001377 0.002822 -0.000141 0.003988 0.000559 -0.000817 0.018022 -0.001859 -0.005587 -0.000189 -0.002495 0.000869 -0.000844 0.001758 -0.002743 0.002991 -0.005155 0.000000 
0.022331 0.000872 -0.000727 -0.000632 0.004769 -0.001365 0.003308 -0.003219 -0.008082 -0.003241 0.005882 0.001235 0.004662 0.009362 0.007779 0.002945 0.019546 0.018350 -0.003929 0.002437 0.005625 0.003769 0.008557 0.002841 0.003347 -0.000678 -0.002476 0.000559 -0.000817 0.006286 -0.002822 -0.005587 -0.000189 -0.001267 0.000869 -0.000844 0.001758 0.001598 0.002991 -0.005155 
0.005478 0.014182 -0.002373 0.008186 -0.001184 -0.006139 0.005185 0.004358 0.001145 -0.002249 0.002656 -0.003199 -0.005001 0.001453 0.002494 -0.004425 0.016426 0.004012 0.004071 -0.004488 0.000158 -0.004402 -0.001946 0.009455 0.001798 0.007146 0.006479 -0.001120 0.001231 0.006286 -0.005735 -0.002621 -0.007705 -0.001267 0.000869 -0.000844 0.010391 0.001598 0.002991 -0.005155 
0.003022 0.009534 0.003689 0.000744 0.002167 0.007547 -0.067708 0.056498 0.015968 0.001561 -0.015393 0.008914 0.014386 -0.022927 0.018949 0.010742 0.018891 0.021855 0.011039 0.003846 -0.000674 -0.002140 -0.002710 0.001411 0.009455 0.001507 -0.012247 -0.020024 -0.002318 0.002446 -0.001124 -0.005735 -0.002621 -0.007705 -0.001267 -0.003302 0.000826 0.010391 0.001598 0.002991 
0.013558 0.009269 -0.024678 0.025862 -0.019658 0.030415 -0.006876 0.015919 0.068158 0.018985 -0.019344 -0.010300 0.034294 -0.023824 -0.000519 0.006122 0.030027 0.019719 0.008148 0.007800 0.009155 -0.001720 0.000000 0.006747 0.004383 0.000463 -0.017556 -0.027537 0.000676 0.005510 -0.003887 -0.002695 -0.000585 -0.080290 -0.006633 -0.003302 0.000826 0.010391 0.001598 0.002991 
0.041275 -0.010294 -0.001721 -0.013286 -0.012997 0.000200 0.004937 -0.006205 0.010478 0.016217 0.009228 -0.006602 0.016120 -0.020125 -0.014072 0.030280 0.026226 -0.014144 -0.011067 0.007010 0.009155 -0.001720 0.000000 0.006747 0.004383 0.000463 -0.017556 -0.027537 0.000676 0.005510 -0.003887 -0.002695 -0.000585 -0.080290 -0.006633 -0.003302 0.000826 0.010391 0.001598 0.002991 
-0.022336 0.035437 -0.013800 0.031417 0.005669 0.006382 0.005356 -0.020990 0.079186 -0.015872 0.064883 0.024073 -0.013349 -0.012939 0.002453 -0.003017 0.004060 0.009670 -0.028935 -0.004098 0.001867 0.003244 0.000655 0.001250 0.000294 0.001802 -0.000029 0.002025 0.000844 0.001757 0.008312 -0.000659 -0.000179 -0.019042 0.000517 -0.003302 0.000826 0.010391 0.001598 0.002991 
0.054731 -0.051293 0.051470 0.011416 -0.008260 0.006266 -0.032870 0.023944 0.017833 0.060233 -0.014095 0.018622 0.011207 0.011587 -0.013264 0.009612 0.022912 0.002633 0.119800 -0.005318 0.022068 0.017265 0.000447 0.000294 -0.000591 -0.003193 0.001744 -0.001556 0.000374 0.000452 -0.000659 -0.000179 -0.019042 0.000517 -0.001476 0.001376 0.010391 0.001598 0.002991 -0.005155 
0.027809 -0.061845 0.006016 -0.002186 0.022485 0.016438 0.024413 0.046064 0.007010 0.006487 -0.002751 0.013853 0.069776 0.009461 0.063711 0.002597 0.033193 -0.007518 0.030597 -0.023340 0.002393 -0.007188 -0.007670 -0.003829 0.005828 0.006059 -0.005406 0.003858 -0.004583 0.000452 0.002210 0.005361 0.003523 0.000517 -0.001476 0.001376 0.011712 0.001598 0.002991 -0.005155 
0.012177 0.008951 0.002110 0.001229 -0.011901 0.028353 0.011154 -0.008289 0.019948 0.000475 -0.012989 0.060357 0.015377 0.001334 0.006103 0.005374 0.010049 0.004573 -0.060204 -0.014194 0.004650 0.004388 -0.002248 0.008737 0.001675 -0.003013 0.003858 -0.004583 -0.001955 0.002759 0.005361 0.003523 0.001226 -0.001476 0.001376 0.011712 0.000545 0.002991 -0.005155 0.000000 
0.003703 -0.005228 -0.000632 -0.001998 -0.004534 0.034788 0.016524 -0.006541 -0.001108 0.021291 0.002279 0.012545 0.013288 -0.038432 0.000624 -0.003220 -0.005865 -0.002334 -0.040595 -0.016563 -0.019277 -0.013466 -0.024879 -0.008924 0.000866 -0.008323 -0.002030 -0.019290 -0.002921 0.002759 0.004741 0.002434 0.001226 -0.010897 0.001376 0.011712 0.000545 0.002991 -0.005155 0.000000 
0.011455 0.005074 -0.002004 -0.000712 -0.002791 -0.008498 0.014183 0.022506 0.044563 -0.005179 0.002306 0.006350 0.012788 0.004929 0.011561 0.041182 0.004132 -0.036168 0.011807 -0.039740 0.010280 -0.014244 -0.008924 0.014615 -0.003845 0.003798 -0.001835 -0.002921 -0.000165 0.004741 0.002434 0.016794 -0.010897 0.005259 0.011712 0.000545 0.002991 -0.005155 0.000000 0.000000 
0.006917 -0.006234 0.005250 -0.004927 0.001317 0.003767 -0.003341 0.009857 0.013129 0.075489 -0.001908 0.006555 0.001673 0.042617 0.062557 0.036704 0.016749 0.020452 0.002888 0.071106 0.035616 0.016070 0.018794 -0.003845 -0.004155 -0.001835 0.003347 -0.000165 0.012567 0.002434 0.016794 -0.010897 0.005259 0.011712 0.000545 0.002991 -0.005155 0.000000 0.000000 0.000000 
0.010062 0.023311 0.027421 0.006879 0.012376 0.000061 -0.004216 0.000514 0.001686 -0.007712 0.016144 0.005208 0.009284 0.011857 0.019874 -0.028793 0.051685 -0.014768 -0.005967 -0.014365 0.036665 -0.000501 -0.011917 0.007193 0.000058 -0.005366 0.008603 0.001504 0.007769 -0.017050 0.005259 0.001189 0.000545 0.005208 -0.005155 0.000000 0.000000 0.000000 0.000000 0.000000 
-0.001444 -0.005968 0.000942 0.007714 0.002629 0.001606 -0.004988 0.028074 0.045896 0.010949 0.023777 -0.035853 0.004801 -0.009036 -0.016027 0.011664 0.022263 0.003189 0.014244 -0.032943 -0.012387 -0.003486 -0.007498 0.001184 -0.005366 -0.003337 -0.009058 0.007769 -0.017050 0.004868 0.001189 0.000545 0.005208 -0.005155 0.000000 0.000000 0.000000 0.000000 0.000000 0.000000 
0.006340 0.004869 0.009319 0.008002 0.010391 0.015469 0.031983 0.015744 0.095732 0.001255 0.003387 -0.005179 -0.009355 0.005781 -0.008457 0.018654 0.016624 -0.039467 -0.049639 -0.002248 -0.005983 -0.000974 0.006605 -0.003337 -0.015223 0.004854 -0.001298 0.004868 0.001189 0.006221 0.005208 -0.005155 0.000000 0.000000 0.000000 0.000000 0.000000 0.000000 0.000000 0.000000 
-0.023620 -0.006754 -0.015261 0.011015 0.034462 0.054017 0.026871 0.049278 -0.025110 -0.008381 -0.015641 0.007220 0.011077 -0.006402 -0.004127 0.012416 -0.003185 -0.010630 0.000850 0.010104 0.011369 -0.009289 -0.001680 -0.015223 0.004854 -0.001298 -0.001140 -0.000604 0.006221 0.005208 -0.005155 0.000000 0.000000 0.000000 0.000000 0.000000 0.000000 0.000000 0.000000 0.000000 
-0.007984 -0.021611 0.035695 -0.018585 -0.003929 0.009427 -0.011692 -0.003838 0.015163 -0.002105 -0.018329 0.030414 0.000846 -0.003793 0.002046 0.016808 0.000525 0.001463 0.012679 0.068138 -0.033855 0.001577 -0.002881 -0.003714 -0.002187 -0.001140 -0.000604 0.006221 0.005208 -0.005155 0.000000 0.000000 0.000000 0.000000 0.000000 0.000000 0.000000 0.000000 0.000000 0.000000 
0.006487 0.035154 -0.005113 0.006171 0.001598 0.007389 0.000478 -0.009256 -0.052022 -0.003583 0.046200 -0.007992 -0.008806 0.001517 -0.016443 -0.007306 -0.001426 -0.006459 -0.009416 0.026811 0.001616 -0.001113 -0.006537 0.000342 -0.001594 -0.005702 0.002870 -0.000604 0.006221 0.005208 -0.005155 0.000000 0.000000 0.000000 0.000000 0.000000 0.000000 0.000000 0.000000 0.000000 
0.007975 0.003689 0.021448 0.017492 0.005675 0.007792 -0.006830 -0.006756 -0.019919 -0.032601 -0.010753 -0.006351 0.001750 0.018051 0.005763 0.012172 0.002356 -0.023514 -0.013596 0.002127 -0.004699 0.010087 0.021824 0.002672 0.000282 0.003326 -0.004139 -0.005702 0.002870 0.007445 -0.001784 0.005208 -0.005155 0.000000 0.000000 0.000000 0.000000 0.000000 0.000000 0.000000 
-0.004590 -0.000717 -0.003836 -0.050377 0.001790 -0.002293 0.029344 0.012128 0.033527 -0.025529 0.024507 0.021469 0.091576 -0.047953 -0.002141 0.012656 0.053911 0.014555 -0.009463 0.004481 -0.016400 0.021754 0.061572 0.021824 0.006200 -0.002504 0.003326 -0.004139 0.000911 0.002870 0.007445 -0.001784 0.005208 -0.005155 0.000000 0.000000 0.000000 0.000000 0.000000 0.000000 
-0.009091 0.002238 0.005306 0.003821 0.005073 0.003221 -0.004244 -0.005245 0.002903 0.004497 -0.005324 -0.000296 -0.016494 -0.042391 0.002317 0.027307 0.038368 -0.002800 -0.011309 -0.001122 0.023606 -0.011183 -0.005270 0.013432 0.017966 0.031806 0.001368 -0.002504 0.000920 0.000132 0.000911 -0.010227 0.007445 -0.001784 0.005208 -0.005155 0.000000 0.000000 0.000000 0.000000 
0.004591 0.002637 -0.003670 -0.002451 -0.000502 -0.001960 -0.007456 -0.002941 0.004066 -0.003054 -0.006085 -0.004638 -0.003086 -0.019131 -0.137321 -0.002919 -0.006410 0.009809 -0.012117 0.002607 0.005563 0.016662 0.011622 -0.005554 0.008935 0.006022 0.009807 -0.001049 0.004579 -0.003439 0.000132 -0.003272 -0.010227 0.000623 -0.001784 -0.004795 -0.005155 0.000000 0.000000 0.000000 
-0.006234 0.004508 -0.001852 -0.002374 -0.001661 -0.008646 -0.006530 -0.000054 -0.002950 -0.001859 -0.005449 0.000576 0.016393 0.019656 -0.171585 -0.095453 -0.027934 -0.008293 -0.098185 -0.112995 -0.037591 0.040281 0.034400 0.014475 0.036867 0.012245 0.015902 -0.011775 -0.001049 0.000915 -0.003439 -0.020114 -0.003272 -0.010227 0.000623 -0.001784 -0.004795 -0.005155 0.000000 0.000000 
0.001203 -0.013683 -0.009905 -0.014285 0.002447 -0.002422 0.002176 -0.003156 0.005801 0.006218 -0.000983 0.000042 0.002834 0.005880 -0.001314 -0.063356 0.009223 0.014229 -0.008715 0.020503 -0.013749 0.021375 0.015380 0.019554 0.051470 -0.022079 0.006433 0.015902 -0.008992 0.013186 0.000915 -0.062378 -0.020114 -0.003272 -0.010596 0.000623 -0.001784 -0.004795 -0.005155 0.000000 
-0.005871 -0.007103 0.010584 0.002616 -0.009637 0.004965 -0.000386 -0.002151 0.001444 0.001448 0.001971 -0.001732 -0.002601 -0.002015 -0.009412 0.008177 -0.031421 -0.064345 -0.018920 0.004127 0.007362 0.003293 0.005929 0.015380 -0.005360 -0.003690 -0.022079 0.017157 0.008219 -0.008992 0.013186 -0.030719 -0.062378 -0.020114 0.005348 -0.010596 0.000623 -0.001784 -0.004795 -0.005155 
0.052012 0.008123 -0.012097 0.017951 0.001539 -0.000320 -0.002150 -0.004562 -0.000254 -0.001471 -0.002716 -0.005923 0.014192 0.015066 -0.035303 -0.023273 -0.000253 0.026240 -0.049978 -0.018771 0.020203 0.004464 -0.011943 0.052458 0.060611 -0.013933 -0.002494 0.017593 0.007754 -0.001447 -0.015810 -0.030719 -0.004640 0.004081 0.005348 -0.010596 0.000623 0.004543 -0.004795 -0.005155 
0.011218 0.021777 0.018237 -0.007177 0.000844 -0.001662 -0.003579 -0.004477 -0.004124 0.001142 0.019220 0.025107 0.006225 -0.007332 -0.004093 -0.009692 0.001352 -0.008727 -0.007774 -0.001889 0.017487 0.005879 -0.004382 -0.011943 0.061376 0.017748 -0.021148 0.000566 0.017593 0.007754 0.001956 -0.000760 0.001675 -0.004640 0.004081 0.005348 -0.010596 -0.002360 0.004543 -0.004795 
0.062310 -0.004007 -0.041711 -0.022643 -0.004238 -0.010493 -0.007800 -0.001509 0.002125 0.022494 0.038895 0.017740 -0.028567 -0.012785 0.000927 0.010552 -0.001481 0.001850 0.044330 0.001460 0.004163 0.005844 0.002485 0.022128 0.050639 0.014159 -0.006564 0.004359 0.014418 -0.005871 0.001956 -0.000760 0.001675 -0.004640 0.006975 0.004781 -0.004817 -0.002360 0.004543 -0.004795 
-0.048988 -0.015380 0.002355 0.007388 0.011595 0.001004 0.001103 -0.000721 0.000324 0.005115 0.011962 0.023122 0.057565 0.026534 0.017891 0.012137 0.004358 -0.003101 -0.004505 -0.002772 0.001775 0.007456 0.015613 0.056986 0.013340 -0.021917 -0.034156 -0.006796 -0.014338 0.002694 -0.001247 0.003675 0.002746 0.000165 0.006975 0.004781 -0.004817 -0.002360 0.004543 -0.004795 
-0.030864 -0.018330 0.000896 -0.010469 0.004169 0.027464 -0.007774 -0.002062 -0.008653 -0.016221 -0.004028 -0.018089 -0.005905 -0.008021 0.002834 -0.021899 -0.004944 0.005507 0.005094 -0.000578 0.000767 0.000069 -0.002227 0.026536 -0.046640 -0.152172 -0.053603 0.001899 -0.011679 -0.027234 -0.001247 0.003675 0.002746 0.000165 0.006975 0.004781 -0.004817 -0.002360 0.004543 -0.004795 
-0.017608 0.042408 0.025971 -0.005224 -0.005632 -0.005536 -0.017342 0.025424 0.014015 -0.021894 -0.036088 0.005390 -0.002146 0.003154 -0.010851 -0.000919 -0.004397 0.002871 0.003162 -0.003778 0.001670 -0.002619 0.008059 0.014772 -0.011978 -0.152172 -0.053603 0.001899 -0.011679 -0.027234 -0.006577 0.004144 0.000302 -0.000734 0.004673 0.004781 -0.004817 -0.002360 0.004543 -0.004795 
0.012695 0.012819 0.026293 0.007752 0.052554 0.041263 0.007500 0.009998 0.012154 -0.009886 -0.003569 0.004965 -0.014615 0.012747 0.020772 0.002524 0.012763 0.001648 -0.002511 -0.001081 -0.001138 -0.007222 -0.032526 0.004557 -0.069944 -0.057641 -0.003449 0.007576 0.005556 0.006306 0.006086 0.000302 -0.000734 0.004673 -0.001713 -0.001574 0.000323 0.004543 -0.004795 -0.005155 
0.006866 -0.001332 -0.019069 0.012590 0.011042 0.014672 0.002407 -0.021167 -0.014275 -0.006679 -0.008810 0.001166 0.001614 0.012065 0.025502 0.017480 0.000139 -0.001264 -0.005389 -0.002231 -0.004468 0.013575 -0.004454 -0.070326 -0.069944 -0.057641 0.000201 0.009987 -0.006095 0.006306 0.006086 -0.003034 -0.001703 0.004673 -0.001713 -0.001574 0.000323 0.004543 -0.004795 -0.005155 
0.011603 0.021066 0.002494 0.015917 0.000544 0.000736 -0.001329 -0.014051 0.007655 0.027883 0.028475 -0.004898 -0.000631 0.002876 0.000983 -0.003718 -0.001150 -0.003742 0.004313 0.005254 0.003367 -0.006186 0.003828 0.017317 -0.019394 -0.006931 0.012076 -0.006095 -0.000741 0.000534 0.003230 -0.001703 -0.001127 0.002589 -0.001574 0.000323 0.013214 -0.004795 -0.005155 0.000000 
-0.001957 0.002563 0.000000 0.018158 0.018021 0.000254 0.017786 0.010872 -0.005327 0.002097 -0.006234 0.001646 0.006722 0.001577 0.000771 -0.002527 -0.000798 0.002860 -0.001804 0.015827 -0.037279 -0.006862 0.007999 0.037032 0.004690 0.011357 0.018073 0.001663 0.000534 0.003230 0.009912 -0.001127 0.002589 -0.019302 0.000323 0.013214 -0.004795 -0.005155 0.000000 0.000000 
-0.033325 -0.011631 0.031457 0.051555 0.000418 0.011451 0.033600 -0.002594 0.002328 -0.000993 -0.005462 0.011823 -0.001116 -0.004416 0.002989 0.007938 -0.008046 -0.021046 0.059290 0.104780 0.060859 -0.024868 -0.002156 0.000454 0.006032 0.012636 0.002888 0.002007 0.008352 0.009912 0.006052 0.002589 -0.019302 0.000323 0.013214 -0.004795 -0.005155 0.000000 0.000000 0.000000 
0.003911 0.004580 -0.002272 -0.002210 0.000000 -0.003755 0.002858 0.006442 0.010644 -0.004355 0.013727 -0.000717 -0.015607 0.017980 -0.001457 -0.029818 0.029971 0.049771 0.023328 0.011326 0.011474 0.006741 -0.002824 0.008605 0.003519 0.002888 0.002693 0.008352 -0.001685 0.006052 0.007049 -0.019302 -0.011143 0.013214 0.001190 -0.005155 0.000000 0.000000 0.000000 0.000000 
0.031392 -0.000180 0.013541 -0.001051 0.006052 -0.002364 0.002114 0.005752 -0.004468 0.013047 0.007254 -0.017474 -0.002117 0.004464 0.084591 0.021333 0.013401 -0.023734 -0.012148 -0.000186 0.005263 -0.005254 0.008605 -0.004252 0.000580 -0.001078 0.001568 -0.001685 0.000287 0.007049 -0.019302 -0.011143 0.013214 0.001190 -0.005155 0.000000 0.000000 0.000000 0.000000 0.000000 
0.032831 0.048062 0.014541 -0.001487 -0.008010 -0.048369 -0.002611 -0.000843 0.002674 -0.011542 -0.000843 0.003449 -0.013232 -0.014895 0.034604 0.010851 0.013529 0.004114 0.002777 -0.002767 0.004704 0.000361 -0.003030 -0.004052 -0.001078 0.007802 -0.002678 0.000287 0.007049 0.003813 -0.011143 0.013214 0.001190 -0.005155 0.000000 0.000000 0.000000 0.000000 0.000000 0.000000 
-0.057397 0.019144 -0.002171 0.019581 0.010630 0.005516 0.000138 0.000753 0.011057 0.011093 -0.031004 0.006554 -0.006673 0.007785 0.000857 0.000300 -0.002441 -0.012271 -0.013244 -0.004372 0.002001 0.003113 -0.005296 0.007802 -0.004040 -0.015436 -0.001338 0.003813 -0.011143 0.000575 0.001190 -0.005155 0.000000 0.000000 0.000000 0.000000 0.000000 0.000000 0.000000 0.000000 
0.005940 -0.004060 0.010489 -0.000422 0.000910 0.001722 0.019075 -0.019021 0.033221 0.009626 0.006374 -0.003479 0.000351 -0.006598 0.000211 0.008765 -0.039101 -0.010942 0.005754 0.008174 0.001560 -0.002790 0.000751 -0.003065 -0.021448 -0.001183 0.000461 0.000575 0.001190 -0.005155 0.000000 0.000000 0.000000 0.000000 0.000000 0.000000 0.000000 0.000000 0.000000 0.000000 
-0.005155 0.001190 0.000575 0.000461 -0.001183 -0.021448 -0.003065 0.000751 0.004523 -0.001178 -0.003714 -0.002356 -0.038293 -0.052863 0.000641 -0.000126 -0.004282 0.009968 0.008062 -0.002319 0.006090 0.009765 0.026311 0.007707 0.003570 0.005816 -0.001717 -0.000403 -0.000991 0.001790 0.000000 0.000000 0.000000 0.000000 0.000000 0.000000 0.000000 0.000000 0.000000 0.000000 
-0.005155 0.001190 0.000575 0.000461 -0.005737 0.000574 0.004804 -0.000028 -0.003100 0.005685 0.000412 0.002147 0.002120 -0.008350 -0.001327 -0.003421 0.000892 0.000000 0.001009 0.005028 -0.005346 0.002679 0.006517 -0.003081 0.009684 0.006591 -0.004298 0.007752 -0.005975 0.010172 0.008210 -0.015955 0.000000 0.000000 0.000000 0.000000 0.000000 0.000000 0.000000 0.000000 
-0.005155 0.001190 0.000575 0.000450 -0.005737 0.000574 0.004804 0.000647 -0.004134 -0.001511 0.000412 0.005548 -0.001167 -0.001341 -0.000463 0.000099 -0.001041 -0.001804 -0.005406 0.024851 0.024684 0.008196 0.001783 0.020001 -0.009470 -0.024661 -0.016381 0.028528 0.050382 -0.003720 -0.009486 -0.019298 -0.004141 0.000000 0.000000 0.000000 0.000000 0.000000 0.000000 0.000000 
-0.005155 0.001190 -0.005317 0.000450 -0.005737 -0.001244 0.007440 0.000647 -0.001766 -0.001667 -0.001581 0.002897 -0.000519 -0.005469 -0.003665 0.000777 0.002197 -0.001359 0.003155 0.000297 0.003604 0.013514 0.031126 0.009111 0.002899 0.010465 0.041579 0.067425 -0.008796 0.011858 0.017027 0.007266 0.095713 0.000000 0.003720 0.000000 0.000000 0.000000 0.000000 0.000000 
-0.005155 0.001190 -0.005317 0.000450 -0.001118 -0.001244 0.016863 0.003009 -0.000376 -0.005764 0.002895 0.001455 0.009528 0.001892 -0.012065 0.003028 -0.001195 -0.003692 -0.000190 0.004210 0.000789 0.026934 0.008319 -0.006312 -0.002790 0.001604 -0.021739 0.025668 0.076514 -0.008682 0.002853 0.037803 0.011525 0.042071 0.028720 0.060140 0.000000 0.000000 0.000000 0.000000 
-0.005155 -0.000130 -0.005317 -0.001402 -0.001118 -0.013237 0.016863 -0.002669 -0.000376 0.007018 0.002895 0.002053 -0.002997 -0.000234 -0.003911 0.004278 0.004928 0.005273 0.005999 0.003106 0.004963 0.009232 -0.003104 -0.006860 0.006146 -0.001154 0.012400 0.033428 0.017523 -0.002062 0.037142 -0.006684 -0.008004 0.001375 -0.002799 0.002373 0.056759 0.000000 0.000000 0.000000 
-0.005155 -0.000130 -0.005317 -0.001402 -0.001118 -0.013237 0.010144 -0.002669 -0.004541 0.007018 -0.000419 0.003611 -0.003546 -0.002155 0.004144 -0.002254 -0.000997 -0.000063 -0.002031 -0.003139 0.002531 0.007356 -0.003171 0.004464 0.012778 0.016064 0.008639 -0.015624 0.014970 0.060828 -0.029710 0.033274 0.010336 0.068999 0.027588 -0.010511 0.013950 0.016898 0.000000 0.000000 
-0.005155 -0.000130 -0.005317 -0.001402 0.001279 -0.013237 0.010144 0.002780 -0.004541 -0.003597 0.001011 0.006413 0.003317 0.001323 0.001648 0.004436 -0.001071 -0.001279 -0.000942 0.000163 0.001404 0.000368 0.004158 0.011810 0.003742 -0.006181 0.001224 0.032614 0.004209 -0.011143 0.007120 0.003567 -0.006127 0.008900 -0.008082 0.007912 0.016706 0.004970 0.041939 0.000000 
-0.005155 -0.000130 -0.005317 -0.001402 0.001279 0.000365 0.010144 0.002780 -0.001226 -0.005796 0.001011 0.006413 0.006061 0.000693 0.001648 0.001321 -0.000822 -0.001027 0.005216 -0.000933 0.004224 -0.001395 -0.003597 0.014201 0.020547 0.070209 0.026575 -0.005481 0.004795 -0.000798 -0.004568 0.007843 0.003628 0.005039 0.013472 0.005850 0.009393 0.004880 0.004292 -0.005214 
-0.005155 -0.000130 -0.000984 -0.001402 0.001279 0.000365 0.002874 0.004216 -0.001226 -0.005796 -0.002511 0.005536 -0.002459 0.000693 -0.001809 -0.001085 -0.010131 -0.000183 0.004698 0.005776 0.004697 0.000918 0.012879 0.003866 0.021239 0.036924 0.019143 0.014984 0.009712 0.011167 -0.011523 -0.017717 -0.003276 0.022899 0.004990 0.010633 0.017980 0.003919 0.015316 -0.005195 
-0.005155 -0.000130 -0.000984 0.004464 0.001279 0.000365 0.002874 0.004216 0.005401 -0.002459 0.002418 0.005481 -0.002459 -0.003099 -0.002313 0.001476 -0.013657 -0.002590 -0.000697 -0.000695 -0.006088 -0.004865 0.009091 0.019308 -0.028481 -0.008445 0.014477 -0.002357 0.003583 0.007888 0.001778 0.003810 0.005101 0.003356 0.002579 0.000000 0.005105 0.000430 0.004444 -0.008359 
-0.005155 -0.000130 -0.000984 0.004464 0.004055 0.001434 -0.000228 0.004216 0.005401 -0.002459 0.002418 0.005481 -0.002038 -0.000570 -0.002243 0.002630 0.003610 0.000928 -0.001866 -0.002790 -0.011724 -0.007914 0.006533 0.041610 -0.027946 -0.003700 0.000000 0.002232 0.001108 0.001341 -0.001968 -0.005434 -0.037979 0.040323 -0.000118 0.016597 0.007298 0.017868 -0.013078 0.057195 
-0.005155 -0.000130 -0.000984 0.004464 0.004055 0.001434 -0.000228 -0.002609 0.006394 -0.004985 0.000518 0.003427 0.001561 -0.003943 0.000819 0.001293 0.002833 0.004491 0.004745 -0.002139 0.002767 0.004944 0.029146 0.027915 0.036807 -0.000950 0.022640 0.021913 0.004185 -0.015217 -0.011611 0.058590 0.001860 0.039393 -0.039060 0.141961 0.008742 0.033588 0.002906 0.000197 
