0.000480 -0.000362 0.000801 -0.001134 -0.000921 -0.000283 -0.002029 0.001278 0.000895 0.002803 -0.000748 -0.000469 -0.001020 0.000420 0.002654 0.000415 0.001068 0.000168 -0.000510 0.000493 0.002189 0.004379 -0.010942 0.008610 -0.002998 -0.001236 0.016728 0.012798 -0.019130 -0.024836 -0.007420 -0.002428 0.112674 0.005154 0.006612 0.015743 -0.005506 -0.029560 -0.007619 -0.015466 
0.000480 -0.000362 0.000801 -0.001134 -0.000921 -0.000283 -0.002029 0.002951 0.002191 -0.002219 0.000623 -0.001630 -0.000130 0.000286 0.000165 0.002492 -0.000806 -0.002876 -0.012403 0.000630 0.003053 -0.011607 -0.019212 0.005273 -0.040266 -0.101980 -0.045987 0.057610 -0.108391 -0.001000 -0.017379 0.015598 0.003626 -0.017224 -0.005112 0.038919 -0.015609 0.045927 -0.015800 -0.032155 
0.000480 -0.000362 0.000801 -0.001134 -0.002594 0.001761 0.003802 0.002951 0.002191 -0.002219 0.000623 -0.001630 -0.003664 -0.001234 0.000826 0.004211 -0.006729 -0.000641 0.000255 -0.000881 -0.015883 -0.006363 0.025891 0.009585 -0.041790 -0.044464 -0.037640 0.014937 0.028443 -0.002643 -0.003712 0.004388 0.009113 -0.012999 -0.055547 0.032278 -0.015196 0.013313 -0.000759 -0.002715 
0.000480 -0.000362 0.000801 -0.004862 -0.002594 0.001761 0.003802 0.002951 0.004929 -0.001233 -0.000427 0.000714 -0.003664 -0.003235 0.000483 0.000085 -0.011145 -0.003342 0.022191 -0.019573 -0.013086 0.004491 0.011071 0.001105 -0.014632 -0.002913 0.004233 -0.000659 0.001499 0.001809 -0.004236 -0.011384 -0.018815 -0.012362 0.003190 -0.002620 0.010095 0.004055 -0.046572 -0.008083 
0.000480 -0.000362 0.000940 -0.004862 -0.002594 0.001761 0.000925 0.017862 0.004929 -0.001233 -0.003632 -0.000290 -0.000418 -0.003235 0.001596 -0.003660 0.000254 -0.003472 -0.008102 -0.006866 0.117222 0.067454 -0.003678 -0.014040 -0.009996 -0.002709 -0.005308 0.006459 0.001907 -0.002531 -0.001654 -0.013473 0.008205 -0.009097 0.002686 0.012183 -0.001661 0.003596 -0.111512 -0.017324 
0.000480 -0.000362 0.000940 -0.004862 -0.002594 0.000326 0.000925 0.017862 0.002047 0.001215 -0.003632 -0.000290 -0.000850 -0.004644 0.001596 0.008644 -0.023920 -0.008774 -0.010815 0.064154 0.064100 0.041044 -0.029767 -0.010352 -0.006369 -0.000547 -0.005727 0.000994 -0.000745 0.002053 -0.000761 0.018597 -0.004103 -0.006208 -0.005726 -0.006799 0.021430 -0.007204 -0.011176 0.000000 
0.000480 -0.000362 0.000940 -0.004862 -0.008979 0.000326 0.000925 0.006841 0.002047 0.000448 -0.001850 0.001926 -0.005707 -0.007252 0.016520 -0.012333 -0.042270 0.000891 -0.043171 -0.006152 0.010389 0.014185 0.010531 -0.004752 0.001618 -0.001604 -0.024013 0.001215 0.000043 -0.003005 0.002871 0.009380 0.012020 -0.000355 -0.009256 0.022203 -0.000868 -0.009623 0.000000 0.000000 
0.000480 -0.000362 0.000940 -0.004862 -0.008979 0.000326 -0.001287 0.006841 -0.003237 0.000448 0.002008 0.000000 -0.014272 0.034044 -0.042409 -0.067638 -0.013019 -0.012686 -0.007307 -0.007432 0.010388 -0.006941 -0.008518 0.005273 -0.015957 0.003219 -0.010973 -0.018965 0.024951 -0.028992 -0.012380 0.020670 -0.011616 -0.020294 0.001772 0.005099 -0.008213 0.000000 0.000000 0.000000 
0.000480 -0.001748 0.000940 -0.002137 -0.008979 0.001614 -0.001287 0.001550 -0.003237 0.001015 0.002008 -0.013413 0.034285 0.044967 -0.058549 -0.007539 -0.006038 -0.016140 0.008027 -0.003030 -0.062303 -0.005108 -0.038093 0.001021 0.001275 -0.025330 -0.053377 -0.004520 -0.023400 0.001039 -0.007015 0.003661 -0.005455 -0.005301 -0.032264 -0.026769 0.000000 0.000000 0.000000 0.000000 
0.000480 -0.001748 0.000940 -0.002137 0.000517 0.001614 0.001221 -0.000348 -0.004103 0.000295 0.002428 0.003155 0.000000 -0.011323 -0.002420 -0.000407 -0.021742 0.017381 0.001736 0.010744 -0.034675 0.004814 0.008540 0.014325 0.046649 0.042890 -0.009493 0.011815 0.006973 0.015716 -0.010363 -0.010615 0.000535 0.001129 0.007915 0.000000 0.000000 0.000000 0.000000 0.000000 
0.000480 -0.001748 -0.000256 -0.002137 0.000517 0.000583 -0.000852 -0.000348 -0.001510 0.001277 0.009122 0.010735 -0.038874 -0.004231 0.002724 -0.009120 0.005488 -0.060950 0.049960 -0.023514 -0.016728 -0.001436 0.003296 -0.000609 0.007550 -0.018657 0.014561 0.031269 -0.010789 0.025873 0.005226 0.020821 -0.005354 0.000000 0.000000 0.000000 0.000000 0.000000 0.000000 0.000000 
0.000480 -0.001748 -0.000256 -0.000205 0.000517 0.000583 -0.000852 0.002489 -0.001161 -0.004147 0.009122 0.042049 -0.036619 -0.018994 -0.001909 0.012141 0.001797 -0.054668 0.027646 0.028535 0.047110 0.025015 0.004921 0.002276 -0.000869 -0.001682 0.007080 -0.014295 0.007785 -0.012329 0.006286 -0.001421 0.000000 0.000000 0.000000 0.000000 0.000000 0.000000 0.000000 0.000000 
0.000480 -0.001748 -0.000256 -0.000205 -0.000105 -0.002249 -0.001155 0.002320 -0.007376 -0.016647 0.012928 -0.013169 -0.011096 0.005688 0.009029 0.031790 0.001631 0.000822 0.001624 -0.023667 0.014332 -0.007804 0.012879 0.007171 0.001595 0.018876 -0.019602 0.038493 -0.005808 -0.003635 0.000000 0.000000 0.000000 0.000000 0.000000 0.000000 0.000000 0.000000 0.000000 0.000000 
0.000480 -0.001748 -0.000256 -0.000205 -0.000105 -0.002249 -0.001155 0.002320 -0.006858 -0.003586 -0.003533 0.000660 -0.002314 -0.008108 0.009437 0.007038 -0.039520 0.028573 -0.028150 -0.045481 -0.017617 0.001880 0.017059 -0.000662 -0.007166 -0.002265 0.014347 0.019307 -0.023135 -0.011321 0.000000 0.000000 0.000000 0.000000 0.000000 0.000000 0.000000 0.000000 0.000000 0.000000 
0.000480 -0.001748 -0.000256 -0.000474 -0.002329 0.001160 -0.002352 0.001082 0.003849 -0.041747 0.008270 0.018674 0.027674 0.005217 0.008674 -0.017230 0.010199 -0.005955 0.005081 -0.009023 -0.004709 0.023834 0.010778 -0.034665 -0.019687 0.033773 -0.039885 0.015279 -0.009371 0.010165 -0.030500 -0.023808 0.000000 0.000000 0.000000 0.000000 0.000000 0.000000 0.000000 0.000000 
0.000480 -0.001748 0.000806 -0.000474 -0.002329 -0.001441 0.001451 0.001712 0.003849 0.001502 -0.005108 0.020545 0.011866 -0.024361 -0.012221 -0.020878 -0.014911 0.021098 0.008145 0.001790 -0.000753 0.006018 0.004005 0.004509 -0.004485 0.005327 -0.031119 -0.003759 -0.018232 -0.016798 0.011029 -0.000576 0.003833 -0.004685 0.000000 0.000000 0.000000 0.000000 0.000000 0.000000 
0.000480 -0.001748 0.000806 -0.000474 0.000146 -0.001441 0.001451 0.005047 0.002360 0.001502 0.004165 0.009996 -0.017229 0.019991 -0.026628 -0.026310 -0.003301 0.004714 -0.011462 0.022242 -0.013926 -0.045295 -0.024005 -0.002484 -0.004431 0.014592 -0.003192 -0.026413 0.000489 -0.011337 -0.047386 -0.018797 0.032115 0.039804 -0.002982 0.000000 0.000000 0.000000 0.000000 0.000000 
0.000480 -0.001748 0.000806 -0.000474 0.000146 -0.001441 -0.003465 0.005047 0.003046 0.007904 0.013944 0.023824 -0.017229 0.000295 -0.003828 0.025294 -0.005139 -0.004359 0.003140 0.003294 -0.002383 0.028639 -0.025774 0.006437 0.000197 -0.022425 -0.012328 -0.004870 0.003417 -0.000127 -0.013694 -0.005605 -0.002785 -0.018085 -0.015963 -0.009934 0.000000 0.000000 0.000000 0.000000 
0.000480 -0.003776 0.000806 0.000068 0.000146 -0.000849 -0.003465 0.001259 0.003046 0.001745 0.013944 -0.023844 0.052843 0.060522 0.001063 -0.018463 0.016528 -0.012068 -0.020498 -0.024541 0.000000 0.037420 0.056623 -0.010164 -0.020388 0.001752 -0.004840 0.000797 0.004196 -0.005594 -0.007586 -0.004511 -0.025702 -0.105101 -0.020757 0.000185 0.009824 0.000000 0.000000 0.000000 
0.000480 -0.003776 0.000806 0.000068 0.000146 -0.000849 -0.000243 0.001259 0.010939 -0.002822 0.009121 0.007788 -0.008756 0.005977 0.009105 0.004099 0.000000 -0.024435 -0.007360 -0.014683 -0.031962 -0.023929 -0.005954 -0.023645 0.009793 -0.014007 0.003473 -0.007846 -0.001317 -0.000944 0.010287 0.037382 0.043803 0.013008 -0.004265 -0.005664 -0.005242 0.028584 0.000000 0.000000 
0.000480 -0.003776 0.000806 0.000068 -0.001492 -0.000849 -0.000243 0.000958 0.010939 -0.002822 -0.002853 -0.001716 0.029257 0.024969 -0.020752 0.039725 0.039637 -0.042339 -0.015783 -0.005285 0.015948 -0.001442 -0.026016 -0.025541 -0.005427 -0.012339 -0.013448 0.010413 -0.000144 -0.000714 0.002144 0.012197 -0.028121 -0.042169 0.000640 0.007743 -0.012057 -0.001073 0.008255 0.000000 
0.000480 -0.003776 -0.003481 0.000068 -0.001492 0.000000 0.000905 0.000958 0.003487 -0.003828 0.001249 -0.001716 -0.002262 -0.004377 0.005110 0.010276 0.011336 0.021173 -0.006975 -0.010365 0.016596 -0.012408 0.001857 0.049274 -0.004376 -0.003670 -0.017881 0.004031 0.002164 -0.043135 -0.009181 0.021985 0.021047 0.032588 0.013388 0.002042 -0.004066 -0.011776 -0.071193 0.009715 
0.000480 -0.003776 -0.003481 0.000068 -0.001492 0.000000 0.000905 0.004809 0.006157 -0.003828 0.001249 0.014829 -0.006553 0.000459 0.005110 0.010276 0.003266 0.040939 -0.014374 0.013647 0.009107 -0.001629 -0.011372 0.004359 -0.029891 -0.008167 -0.011679 0.002019 -0.006549 0.001215 0.001048 -0.040383 -0.000775 0.005810 -0.008835 -0.004340 0.002644 0.043948 -0.002085 0.075324 
0.000480 -0.003776 -0.003481 0.000503 0.000884 0.000000 0.000905 0.004809 0.006157 -0.000806 -0.000363 0.015319 0.012955 -0.016201 -0.036330 -0.027588 -0.017128 -0.012868 -0.030592 -0.013968 0.006741 -0.001498 -0.004678 0.015101 0.012824 0.018647 0.023766 0.020723 -0.010149 -0.002335 0.000357 0.007127 -0.006545 0.019869 0.003025 0.007598 0.015212 0.007506 -0.019856 -0.032548 
0.000480 -0.003776 -0.003481 0.000503 0.000884 0.000342 -0.000400 -0.003047 -0.005081 -0.016557 -0.000363 0.015319 0.012955 -0.016201 -0.036330 -0.034012 -0.013221 -0.030128 -0.010584 -0.012993 -0.009758 0.000775 0.009330 -0.003936 -0.037770 -0.008370 0.007975 -0.000936 -0.006157 -0.011492 -0.001180 0.002017 0.001079 -0.000968 0.003733 0.013459 0.002968 -0.036012 -0.176245 -0.031634 
0.000480 -0.003776 -0.003481 0.000503 0.000884 0.000342 -0.000400 -0.003047 -0.005081 -0.016557 -0.003243 -0.004399 -0.018792 -0.013633 0.003305 0.014733 0.049414 0.021305 0.021552 0.016466 0.003763 -0.002278 0.002888 0.037897 -0.012377 -0.001805 -0.004648 -0.009400 -0.003644 -0.002184 -0.011753 -0.010308 -0.011103 0.008213 0.003730 0.009573 0.010930 0.002945 -0.043098 -0.018859 
0.000480 -0.003776 -0.003481 0.000503 0.000884 0.000342 -0.000400 -0.000676 0.002890 0.004432 0.000680 -0.003026 -0.011212 0.005607 0.031909 -0.036190 -0.074961 0.014839 0.025811 0.004205 0.008583 -0.006595 0.049580 0.010915 0.008780 0.006872 0.007256 0.009099 -0.011330 -0.010327 0.012614 -0.002408 -0.012660 -0.001160 -0.002426 -0.006168 -0.001404 -0.001387 -0.041112 0.032474 
0.000480 -0.003776 -0.003481 0.000503 0.000796 -0.000324 -0.000910 -0.000676 0.002890 0.004432 0.005068 -0.004304 -0.004028 0.008733 0.000891 -0.020287 -0.011035 0.000535 0.004445 -0.000563 0.007245 0.002803 -0.014100 0.014424 -0.014626 0.001127 0.010639 -0.003716 0.017502 0.016368 0.033262 0.014555 -0.030677 -0.027186 -0.007959 0.004900 0.004400 -0.011584 -0.165131 -0.242696 
0.000480 -0.003776 -0.003481 0.000763 0.000796 -0.000324 -0.000910 -0.000676 0.001857 0.004261 0.005068 -0.004304 -0.004028 0.018818 -0.005331 -0.004949 0.004510 0.000535 -0.011489 -0.003065 0.030792 0.008103 0.001372 0.019048 -0.004472 0.004674 0.060615 0.005774 -0.002340 0.001941 -0.004520 0.025070 -0.002624 -0.031364 -0.022342 -0.015869 0.001202 0.000271 -0.038308 -0.035172 
0.000480 -0.003776 0.000908 0.000763 0.000796 -0.000324 0.000553 -0.001688 0.001857 0.000665 -0.002953 -0.024247 -0.007130 0.002237 0.002049 0.001205 -0.054684 -0.041580 -0.015350 -0.017085 -0.027164 -0.044430 -0.042808 -0.007208 -0.003579 -0.007731 -0.001305 -0.003893 -0.006127 -0.001579 -0.012527 0.005216 0.034165 0.009819 -0.004905 -0.022157 -0.001405 0.006317 0.006404 0.137636 
0.000480 -0.003776 0.000908 0.000763 0.000796 0.003884 0.000553 -0.001688 0.001273 0.000665 -0.002953 0.002812 0.000355 0.002237 0.002320 0.002403 -0.054684 0.002206 -0.002346 0.004244 0.033099 0.031647 0.031720 0.031837 -0.002050 0.019969 -0.007735 0.002601 -0.047485 -0.017234 0.019916 0.016882 -0.024390 -0.024432 0.005438 -0.007953 0.000228 -0.002360 -0.008160 0.000000 
0.000480 -0.003776 0.000908 0.000763 0.003791 0.003884 0.000553 0.001885 0.001273 -0.001917 -0.000993 0.002812 0.000135 -0.001231 -0.002484 -0.028527 -0.012116 -0.040947 -0.015176 0.000669 0.007347 -0.020504 -0.028239 -0.011467 0.005018 -0.020626 -0.001730 -0.007937 0.002471 -0.046262 -0.051190 0.010412 0.018376 0.029875 -0.034176 -0.010170 0.004440 -0.003405 0.000000 0.000000 
0.000480 0.001623 0.000908 0.000926 0.003791 -0.001656 -0.000797 0.000387 -0.001614 0.000076 0.005297 -0.002608 -0.002615 -0.000540 -0.010631 0.021113 0.024649 -0.067115 0.002184 -0.015081 0.020830 -0.005100 -0.007400 -0.007101 0.001625 0.001530 0.003803 -0.003648 0.003650 0.011388 0.044963 -0.008136 -0.022772 -0.000272 0.009268 0.021667 -0.015659 0.000000 0.000000 0.000000 
0.000480 0.001623 0.000908 0.000926 0.003791 -0.001656 -0.000797 0.000387 -0.000777 0.000076 0.003965 -0.002608 -0.007214 -0.000540 -0.000982 0.004645 -0.040261 -0.012491 -0.000700 -0.002221 0.019421 -0.003885 -0.005675 -0.005712 0.001034 0.004851 0.002648 0.001211 -0.023592 -0.020033 0.024579 -0.021967 -0.022202 -0.030899 0.005264 -0.024570 0.000000 0.000000 0.000000 0.000000 
0.000480 0.001623 0.000908 0.000926 -0.000451 -0.001656 -0.004151 -0.000151 -0.000777 0.002592 -0.000257 -0.001926 0.001951 0.004228 0.000922 -0.009826 0.028948 0.046885 -0.015377 0.005828 0.026489 0.015639 0.003958 -0.002094 0.027904 0.002323 -0.024411 -0.014184 -0.054687 -0.033870 0.023199 -0.042079 -0.017899 -0.012701 0.000000 0.000000 0.000000 0.000000 0.000000 0.000000 
0.000480 0.001623 -0.002597 0.000926 -0.000451 -0.001336 -0.002175 -0.000151 -0.003879 0.002273 0.000782 0.001131 0.000949 -0.000229 0.000330 -0.001847 0.055042 -0.026295 -0.009755 0.000904 0.002897 -0.009689 0.018032 0.011393 0.010488 0.003404 -0.016501 -0.020348 0.003781 0.001012 0.005952 -0.007008 -0.018913 0.000000 0.000000 0.000000 0.000000 0.000000 0.000000 0.000000 
0.000480 0.001623 -0.002597 -0.000382 -0.000451 -0.001336 -0.002175 -0.003517 0.002026 0.004531 0.003897 -0.004338 -0.002416 0.000804 0.047875 0.005166 0.004807 0.006541 0.007384 0.015792 -0.011032 0.034054 -0.002531 0.000150 -0.007192 0.003162 0.003067 0.011963 -0.006748 0.015290 -0.002445 0.000000 0.000000 0.000000 0.000000 0.000000 0.000000 0.000000 0.000000 0.000000 
0.000480 0.001623 -0.002597 -0.000382 -0.001428 0.000607 -0.001820 -0.001266 -0.000126 -0.001259 -0.007503 -0.004134 0.004752 -0.014705 0.002497 0.000879 0.007139 -0.004485 -0.029080 0.000165 -0.004960 -0.015007 0.020884 -0.018467 -0.004994 0.010208 0.006579 -0.012238 -0.024998 0.000984 0.000000 0.000000 0.000000 0.000000 0.000000 0.000000 0.000000 0.000000 0.000000 0.000000 
0.012976 0.008434 0.001700 0.015176 0.012882 0.009376 -0.014156 -0.018556 0.005814 -0.009429 0.014219 -0.007969 -0.003560 -0.013491 0.000557 -0.001396 0.007059 -0.001042 0.000114 -0.003774 -0.001906 0.000771 0.001540 -0.002593 0.002240 0.001657 -0.001428 -0.000382 -0.002597 0.001623 0.000480 0.000000 0.000000 0.000000 0.000000 0.000000 0.000000 0.000000 0.000000 0.000000 
-0.016564 -0.008842 -0.012645 -0.012923 -0.011227 0.006978 0.028330 -0.032722 -0.012621 -0.004753 -0.003640 -0.037776 0.007924 -0.017675 0.003904 -0.003398 -0.006219 0.000376 0.002207 0.000244 -0.007005 -0.000656 0.001663 -0.000636 -0.002593 0.002240 0.001657 -0.000089 0.000863 -0.002597 0.001623 0.000480 0.000000 0.000000 0.000000 0.000000 0.000000 0.000000 0.000000 0.000000 
-0.034653 -0.052622 0.011800 0.001125 0.024121 -0.005341 -0.075243 0.007037 -0.013271 -0.055225 -0.003788 0.014727 -0.019310 0.007820 -0.036013 -0.025624 -0.000321 -0.002088 0.000477 0.000257 0.000643 0.002072 -0.001862 -0.003978 0.001048 -0.000636 -0.003258 0.003263 0.001507 -0.000089 0.000863 -0.000792 0.001623 0.000480 0.000000 0.000000 0.000000 0.000000 0.000000 0.000000 
0.018256 -0.038154 -0.036248 0.002851 0.000551 0.007634 -0.013598 0.022380 0.010126 0.000161 -0.001204 -0.000395 0.000364 0.026310 0.003822 -0.037339 -0.011681 0.000392 0.002894 0.001945 0.000526 0.000974 -0.000055 -0.000207 -0.000284 0.001048 0.001654 0.001843 0.003263 0.001507 0.001419 0.000863 -0.000792 0.001623 0.000480 0.000000 0.000000 0.000000 0.000000 0.000000 
-0.003035 -0.011336 -0.013048 -0.006519 0.011284 0.012927 -0.014133 0.003020 -0.014323 0.011972 0.006296 -0.014630 -0.007481 -0.010009 -0.004750 -0.000775 -0.009706 0.007735 0.001127 -0.000053 -0.001511 0.000481 -0.004559 0.000000 -0.002872 -0.003922 0.001226 -0.000491 0.000450 0.003396 0.001162 -0.000579 0.001419 0.000478 -0.000792 -0.000992 0.000480 0.000000 0.000000 0.000000 
0.063030 0.000000 -0.007652 -0.008391 0.002945 0.001670 -0.048082 -0.011469 -0.007033 0.009147 -0.028184 -0.017036 -0.013963 0.026115 0.003366 0.008232 0.003973 -0.002113 -0.001325 0.000490 0.000213 0.001009 -0.000389 0.003085 0.000000 -0.001693 -0.003922 -0.001358 -0.000491 0.001433 0.003396 0.001162 -0.000579 0.001419 0.000478 -0.000792 -0.000992 0.000480 0.000000 0.000000 
0.009246 -0.018114 -0.036833 -0.060616 -0.044769 0.003760 -0.018456 0.006626 0.055481 0.022145 -0.009679 0.013467 -0.009425 -0.008918 -0.001185 -0.005723 0.012083 0.002501 -0.000893 -0.000707 0.000000 0.000278 0.000259 -0.000389 -0.001040 0.000782 0.001103 -0.003620 -0.001358 0.000304 0.001433 0.003396 -0.000593 -0.000579 0.000799 0.000478 -0.000792 -0.000992 0.000480 0.000000 
-0.006899 -0.005312 0.024747 0.002263 -0.007595 0.003386 -0.014965 0.007064 0.001100 -0.000175 -0.002021 -0.000853 -0.007768 0.004759 -0.001673 -0.007878 0.000207 0.001108 -0.000620 0.001609 -0.001289 -0.001989 0.000138 0.001414 -0.000488 0.002040 -0.000413 -0.000411 0.001527 0.000304 0.002552 0.002614 -0.000593 0.000105 0.000799 0.000478 -0.000792 -0.000992 0.000480 0.000000 
0.007700 -0.003321 -0.002921 0.001998 0.000258 0.002835 -0.000099 -0.003510 -0.001300 -0.001744 0.001931 0.000283 0.002053 -0.005385 0.004284 -0.004077 -0.032815 -0.016807 -0.002417 -0.001360 0.001668 0.000230 -0.002984 -0.002792 0.000791 0.000972 -0.000778 -0.000413 -0.000411 -0.000025 0.000729 0.002552 0.002614 -0.000839 0.000105 0.000799 0.000478 -0.000838 -0.000992 0.000480 
-0.018653 -0.011123 -0.003469 0.000194 0.014540 0.002657 -0.002236 -0.002347 -0.004701 -0.002342 -0.004083 -0.000721 -0.000218 0.009729 0.020736 0.003550 -0.014923 -0.000597 -0.000332 -0.002693 0.001495 -0.001646 -0.004163 0.000000 0.002293 0.000612 -0.002374 -0.000162 -0.001706 -0.000025 -0.001722 -0.000081 0.000046 -0.000839 0.000105 0.000799 -0.000209 -0.000838 -0.000992 0.000480 
-0.004375 -0.014325 0.003298 0.005451 -0.004887 -0.006457 0.026553 0.008563 -0.001137 -0.018895 -0.001560 -0.008026 0.003793 -0.020125 -0.008890 0.009868 -0.005240 0.010647 -0.004937 -0.001890 0.004251 -0.001250 -0.001499 -0.000299 0.000000 0.001566 0.003223 0.003746 0.000588 -0.003199 0.001564 -0.001722 -0.000081 0.000046 -0.000839 0.000873 0.000648 -0.000209 -0.000838 -0.000992 
0.016255 0.010703 -0.016541 -0.013382 -0.022242 -0.079916 -0.013225 -0.014904 -0.041095 0.008977 -0.015244 0.000497 -0.006517 0.001069 -0.000241 0.012620 -0.029058 0.020937 0.007171 0.002252 -0.001782 -0.003025 0.000934 0.004306 0.001282 0.000146 0.003271 0.007359 -0.000338 0.000279 0.007079 0.002370 0.001608 -0.001559 0.001500 0.000873 0.000648 -0.000209 -0.000838 -0.000992 
0.016265 -0.014609 0.003486 -0.001961 0.020187 -0.010402 0.008610 -0.008423 0.005163 -0.026103 -0.007691 0.008115 0.016589 -0.003254 0.001323 -0.049928 -0.011499 -0.001642 0.000819 -0.011927 -0.001782 -0.003025 0.000934 0.004306 0.001282 0.000146 0.003271 0.007359 -0.000338 0.000279 0.007079 0.002370 0.001608 -0.001559 0.001500 0.000873 0.000648 -0.000209 -0.000838 -0.000992 
-0.003363 0.000585 0.005466 0.003454 0.002922 -0.005877 0.004662 0.010365 0.061593 -0.001174 -0.037777 0.002895 0.001229 -0.003746 0.000149 -0.034686 -0.024270 -0.011265 0.009480 -0.017203 -0.001021 -0.001390 0.000474 -0.002847 -0.000544 0.000759 -0.000586 -0.001441 0.000646 -0.003294 0.003197 -0.001769 0.002941 -0.004241 -0.000226 0.000873 0.000648 -0.000209 -0.000838 -0.000992 
0.022813 0.000000 0.006555 0.025048 0.008158 0.003961 0.038652 -0.046883 -0.026472 -0.037861 0.021095 0.027673 0.001953 -0.011883 0.002926 -0.023707 -0.015495 -0.005165 0.015357 0.000000 -0.031180 0.003988 0.000613 -0.000544 -0.002560 -0.000249 0.002014 -0.000298 -0.003413 0.000126 -0.001769 0.002941 -0.004241 -0.000226 -0.000542 0.000711 -0.000209 -0.000838 -0.000992 0.000480 
0.018430 0.056680 -0.000089 0.001266 -0.016680 0.002201 0.001908 -0.037267 -0.019862 0.009631 0.016176 0.022901 -0.058887 -0.037982 -0.013517 0.000730 -0.001077 0.018977 -0.020109 -0.006075 -0.015971 0.008357 -0.005824 -0.012653 0.001142 0.001126 0.010705 0.002843 -0.000363 0.000126 -0.000418 0.000046 -0.002651 -0.000226 -0.000542 0.000711 -0.000124 -0.000838 -0.000992 0.000480 
-0.040400 0.001852 0.003152 0.024824 0.011434 0.008209 0.002887 -0.001603 -0.005696 -0.012189 -0.003512 0.006562 0.018053 -0.001901 -0.008988 0.007633 0.014559 0.001379 -0.015823 0.005760 0.007146 0.007532 0.012026 0.001700 0.004562 0.003967 0.002843 -0.000363 0.003627 0.002410 0.000046 -0.002651 0.000049 -0.000542 0.000711 -0.000124 0.000651 -0.000992 0.000480 0.000000 
0.000637 -0.000931 -0.000648 -0.000187 0.006548 0.007317 0.002447 -0.004703 0.010942 0.012667 -0.008119 0.000102 0.001102 0.053496 -0.015610 -0.013342 -0.004705 -0.004584 -0.036687 -0.031062 0.011483 0.002804 0.006717 -0.006273 -0.000587 -0.001404 0.001901 0.000886 -0.001203 0.002410 0.004281 -0.001948 0.000049 -0.000115 0.000711 -0.000124 0.000651 -0.000992 0.000480 0.000000 
-0.000427 -0.001848 0.002089 0.000621 -0.001151 -0.007070 0.008935 -0.005682 0.015110 0.010101 -0.011207 -0.007084 0.011595 0.039761 -0.013631 0.028813 -0.005861 0.000360 -0.083579 -0.007075 -0.007543 -0.004594 -0.006273 0.012595 0.011785 -0.000204 -0.008375 -0.001203 0.003078 0.004281 -0.001948 -0.000694 -0.000115 -0.000407 -0.000124 0.000651 -0.000992 0.000480 0.000000 0.000000 
0.002256 0.001029 -0.000117 0.003848 0.000892 -0.001481 0.002114 -0.021605 -0.040064 -0.076315 0.000644 0.002973 0.001671 -0.021330 0.001223 0.016298 0.008192 -0.022848 0.010062 -0.035093 -0.020402 0.009086 0.018359 0.011785 -0.008565 -0.008375 -0.010194 0.003078 -0.001753 -0.001948 -0.000694 -0.000115 -0.000407 -0.000124 0.000651 -0.000992 0.000480 0.000000 0.000000 0.000000 
0.025886 0.000403 -0.006092 0.000147 -0.001332 -0.000902 -0.000950 0.002037 -0.008447 -0.010170 0.008722 0.001556 0.003445 -0.011172 -0.021286 0.026687 0.066429 -0.005720 -0.007674 0.017450 0.026091 -0.000563 -0.002157 0.002826 0.001945 0.002051 -0.002382 0.001823 -0.002444 0.002339 -0.000407 -0.001292 0.000651 -0.003153 0.000480 0.000000 0.000000 0.000000 0.000000 0.000000 
-0.011721 0.007649 -0.000697 -0.012008 -0.002295 0.002476 -0.011515 -0.002512 -0.007975 0.000000 -0.018778 -0.014644 -0.021324 0.000817 0.020976 0.002997 -0.014138 -0.002301 0.028554 0.014764 0.000490 0.001746 0.006443 0.002058 0.002051 0.004575 0.003731 -0.002444 0.002339 -0.001913 -0.001292 0.000651 -0.003153 0.000480 0.000000 0.000000 0.000000 0.000000 0.000000 0.000000 
0.011201 0.001814 -0.012952 0.017033 -0.012679 -0.003237 0.014438 -0.005662 -0.021128 0.025629 -0.004117 -0.082155 -0.024086 0.000809 0.000578 -0.036119 -0.011006 0.011028 0.001537 -0.005521 0.003686 0.000997 0.005081 0.004575 0.002770 -0.000744 0.000545 -0.001913 -0.001292 0.000885 -0.003153 0.000480 0.000000 0.000000 0.000000 0.000000 0.000000 0.000000 0.000000 0.000000 
0.010123 0.012478 0.018356 -0.012572 0.004699 -0.019108 -0.004172 0.000264 -0.001727 -0.006321 0.011927 -0.013186 0.002530 0.001921 -0.003725 -0.020145 -0.022559 -0.001329 -0.006423 0.012730 -0.004690 0.024157 0.000243 0.002770 -0.000744 0.000545 0.002415 -0.005042 0.000885 -0.003153 0.000480 0.000000 0.000000 0.000000 0.000000 0.000000 0.000000 0.000000 0.000000 0.000000 
0.001908 -0.035258 0.028333 0.014874 0.012973 0.004494 -0.011978 -0.004061 -0.001608 0.019541 0.002980 0.022355 0.007357 -0.000520 -0.014019 -0.023983 0.004055 -0.000915 0.037905 0.099573 0.018583 0.001475 -0.001091 0.001075 -0.000433 0.002415 -0.005042 0.000885 -0.003153 0.000480 0.000000 0.000000 0.000000 0.000000 0.000000 0.000000 0.000000 0.000000 0.000000 0.000000 
-0.037327 0.015924 0.014334 0.002224 -0.014683 -0.009069 -0.007069 0.029455 -0.010078 0.001117 -0.000931 -0.022671 0.004612 0.006260 -0.001432 -0.003471 -0.025097 -0.003884 0.016204 0.051536 0.001439 0.002347 -0.008561 0.000659 -0.000149 0.000961 -0.000199 -0.005042 0.000885 -0.003153 0.000480 0.000000 0.000000 0.000000 0.000000 0.000000 0.000000 0.000000 0.000000 0.000000 
0.011523 0.006631 -0.009098 0.005264 -0.001597 -0.002545 0.027647 0.029084 0.011460 0.009762 -0.012007 -0.003887 -0.008486 -0.013991 -0.003112 -0.002976 -0.043977 -0.071845 -0.035506 -0.000932 0.013929 0.015051 -0.020729 -0.035805 -0.004546 0.000000 -0.005249 0.000961 -0.000199 -0.002503 -0.001050 -0.003153 0.000480 0.000000 0.000000 0.000000 0.000000 0.000000 0.000000 0.000000 
-0.001999 -0.009278 -0.007326 0.024562 -0.002764 0.003553 -0.010097 0.004929 -0.027805 -0.055536 -0.004873 -0.015496 0.007384 0.017327 0.007134 -0.005145 -0.008237 -0.053714 -0.024526 -0.004813 0.015766 0.002135 -0.017044 -0.020729 -0.025539 0.001308 0.000000 -0.005249 0.001461 -0.000199 -0.002503 -0.001050 -0.003153 0.000480 0.000000 0.000000 0.000000 0.000000 0.000000 0.000000 
0.000530 0.000890 0.000146 0.001448 -0.002370 0.001193 -0.001982 0.001272 -0.000026 -0.000307 -0.000027 0.000666 0.001575 0.014741 -0.009522 -0.003822 -0.026026 -0.019993 -0.004495 0.001737 -0.005625 -0.014369 0.015555 0.005047 0.026627 -0.009849 -0.000720 0.001308 -0.005537 -0.004602 0.001461 0.002169 -0.002503 -0.001050 -0.003153 0.000480 0.000000 0.000000 0.000000 0.000000 
0.000588 0.002066 0.000634 -0.001104 -0.000666 -0.001016 -0.004953 -0.000835 -0.000025 0.000892 -0.000710 -0.000574 -0.002630 -0.009988 -0.009708 -0.007214 -0.014485 0.001311 -0.003321 -0.001974 -0.003695 0.010031 0.014871 -0.022930 0.023623 -0.013105 -0.007469 0.003335 -0.002605 -0.008923 -0.004602 -0.001141 0.002169 0.000694 -0.001050 -0.000809 0.000480 0.000000 0.000000 0.000000 
-0.002136 -0.007195 0.002574 0.002710 0.002016 0.002735 -0.000386 -0.005495 0.001275 -0.000555 -0.001439 -0.000317 -0.032994 -0.011417 0.001243 -0.049974 -0.013772 0.002489 0.014133 -0.031526 0.021771 0.014645 -0.022747 -0.038462 -0.006401 -0.010193 -0.014083 -0.005283 0.003335 -0.007282 -0.008923 -0.019182 -0.001141 0.002169 0.000694 -0.001050 -0.000809 0.000480 0.000000 0.000000 
-0.007736 -0.007803 0.000884 -0.007374 -0.002997 0.000831 0.001126 -0.001112 0.001027 -0.001805 0.001676 -0.005063 -0.005261 0.005730 -0.007065 -0.003161 -0.013977 -0.009227 -0.022962 -0.014954 -0.020987 -0.004021 -0.006204 -0.005353 -0.012838 0.009741 0.014039 -0.014083 0.006578 -0.000198 -0.007282 -0.069816 -0.019182 -0.001141 -0.000510 0.000694 -0.001050 -0.000809 0.000480 0.000000 
-0.003870 -0.014994 -0.002291 0.004338 0.002711 0.002303 -0.002415 -0.000399 0.002703 0.002234 -0.000078 0.001230 -0.002561 -0.003153 -0.001407 0.005479 -0.001720 0.040783 0.069189 0.018115 -0.002652 0.001854 0.002956 -0.006204 -0.007000 -0.011180 0.009741 0.027773 0.008603 0.006578 -0.000198 -0.017410 -0.069816 -0.019182 0.000055 -0.000510 0.000694 -0.001050 -0.000809 0.000480 
-0.026986 0.010777 -0.001382 -0.006359 0.000498 0.000017 0.002199 0.002226 0.000712 0.000442 -0.000158 -0.000870 0.016022 0.015178 -0.001268 -0.003938 -0.013754 -0.010294 0.004918 -0.002669 0.010801 0.005860 0.003556 -0.029558 -0.037029 -0.000986 -0.002147 0.026873 0.001286 -0.009612 -0.002632 -0.017410 -0.010568 -0.003919 0.000055 -0.000510 0.000694 0.001583 -0.000809 0.000480 
0.014940 0.004973 0.003837 -0.004305 -0.000488 0.007236 0.006624 -0.001105 -0.002905 -0.000651 -0.028169 -0.027009 -0.008537 0.007574 0.013967 0.000645 -0.002313 -0.004806 -0.004647 -0.003115 0.004979 -0.000259 0.001730 0.003556 0.000872 -0.060879 -0.058313 -0.019461 0.026873 0.001286 -0.005637 0.000100 -0.003617 -0.010568 -0.003919 0.000055 -0.000510 0.000255 0.001583 -0.000809 
0.018115 -0.008923 -0.003970 0.000792 0.002885 0.004210 -0.000310 0.000618 -0.003461 -0.009383 -0.020664 -0.031908 -0.036239 -0.001343 -0.002304 -0.000958 0.009364 -0.002308 -0.014764 -0.005083 -0.002644 0.000174 0.007526 -0.012731 -0.000590 0.003519 0.016194 0.011629 -0.019726 0.010340 -0.005637 0.000100 -0.003617 -0.010568 0.002589 -0.003666 -0.000163 0.000255 0.001583 -0.000809 
-0.009037 0.017670 -0.015043 -0.010693 0.002390 -0.000908 -0.006746 -0.002247 -0.007912 -0.009979 -0.002809 -0.065023 -0.078406 -0.000527 -0.002141 -0.003942 -0.001119 -0.005979 0.003187 0.003818 -0.001493 -0.001707 -0.028259 -0.037371 -0.025114 -0.106130 -0.027747 -0.021906 0.001709 0.000953 0.004238 -0.001414 0.005630 0.004646 0.002589 -0.003666 -0.000163 0.000255 0.001583 -0.000809 
0.005034 0.027744 0.001716 0.004132 -0.015261 -0.004220 -0.002659 -0.057585 -0.040924 0.001386 0.009913 -0.020717 0.007284 -0.003156 0.008078 0.017380 0.004664 -0.001953 -0.004125 0.000369 -0.003053 -0.001539 0.011278 -0.001108 -0.025352 0.022427 0.038047 -0.011511 -0.001552 0.006628 0.004238 -0.001414 0.005630 0.004646 0.002589 -0.003666 -0.000163 0.000255 0.001583 -0.000809 
0.044852 0.100882 0.028906 0.004399 0.017533 -0.030065 -0.026812 0.027210 0.015138 -0.014399 -0.032107 -0.006796 0.004662 0.004554 -0.014752 -0.006221 -0.003123 0.003369 0.001128 0.000796 0.002139 -0.001303 -0.022737 0.016579 0.003013 0.022427 0.038047 -0.011511 -0.001552 0.006628 -0.001605 0.003229 0.000835 0.004102 -0.000585 -0.003666 -0.000163 0.000255 0.001583 -0.000809 
-0.000942 0.001179 -0.006933 0.010744 0.009456 0.006873 0.000186 -0.012243 -0.041807 0.005428 -0.003643 -0.000927 0.004317 0.015468 0.013250 0.001787 0.003310 0.001859 0.002014 -0.002481 -0.001536 0.000506 -0.007875 0.001353 0.015383 0.009666 -0.007214 0.007598 0.000623 0.001230 -0.000595 0.000835 0.004102 -0.000585 0.000300 0.000405 0.000634 0.001583 -0.000809 0.000480 
-0.006845 -0.005091 -0.012396 -0.025484 0.003734 -0.015744 0.000784 0.007286 0.007142 0.000868 0.002683 -0.003003 -0.009820 0.008844 -0.011973 -0.010706 0.001324 -0.000113 -0.000374 -0.001488 0.000821 0.003666 0.001587 -0.044831 0.015383 0.009666 0.022187 0.016921 0.001988 0.001230 -0.000595 -0.000275 -0.000998 -0.000585 0.000300 0.000405 0.000634 0.001583 -0.000809 0.000480 
-0.007351 -0.002760 -0.000239 -0.005500 -0.005714 -0.017123 -0.023089 -0.004408 0.004767 -0.030292 -0.050427 0.001329 -0.004326 -0.003470 0.001429 0.003445 0.001508 0.000075 -0.001390 -0.004308 -0.008509 0.007926 0.028225 0.016297 0.026450 0.010380 0.002820 0.001988 0.004931 0.002455 -0.002952 -0.000998 0.000098 0.001174 0.000405 0.000634 -0.003790 -0.000809 0.000480 0.000000 
-0.007078 0.013171 -0.045099 -0.044746 -0.008230 -0.018725 0.006566 0.001797 0.001572 -0.007902 0.018149 -0.005625 -0.003197 0.000763 0.001016 -0.001920 0.000052 0.001092 -0.001614 0.011391 0.002565 -0.028379 0.003811 -0.012156 -0.005921 -0.004005 0.004030 0.002290 0.002455 -0.002952 -0.010073 0.000098 0.001174 0.001001 0.000634 -0.003790 -0.000809 0.000480 0.000000 0.000000 
-0.014952 -0.004935 -0.001840 -0.036630 -0.001339 0.017496 0.006683 -0.000800 -0.006543 -0.001821 -0.001390 0.000677 -0.006962 -0.006047 0.004918 0.004934 0.006258 0.011415 0.002566 -0.009305 0.050438 0.023316 -0.007904 -0.001805 0.002490 0.001303 0.000666 0.000076 0.000242 -0.010073 -0.003106 0.001174 0.001001 0.000634 -0.003790 -0.000809 0.000480 0.000000 0.000000 0.000000 
-0.000422 0.001505 -0.005769 0.001365 0.020179 0.000000 0.001973 -0.001850 -0.002731 -0.007332 0.004487 -0.012888 -0.003561 -0.016834 -0.009528 -0.070024 -0.001615 0.006301 -0.011427 0.010963 0.008307 0.002650 0.000829 -0.001415 0.005687 0.000666 -0.001059 0.000242 -0.003249 -0.003106 0.000954 0.001001 0.001618 -0.003790 0.000011 0.000480 0.000000 0.000000 0.000000 0.000000 
-0.001748 -0.005516 -0.010545 -0.009245 -0.007551 -0.015446 0.003294 0.000000 0.002675 -0.081719 -0.006604 -0.010407 0.004417 -0.013920 0.038984 -0.015114 -0.017006 -0.015874 -0.004747 0.008446 -0.003225 -0.001564 -0.001415 -0.000519 -0.004112 -0.004369 -0.002418 -0.003249 -0.003080 0.000954 0.001001 0.001618 -0.003790 0.000011 0.000480 0.000000 0.000000 0.000000 0.000000 0.000000 
0.021292 -0.016035 0.000359 -0.006691 0.000000 -0.021052 0.000677 0.004102 -0.014184 0.014341 0.007621 0.006298 -0.024963 0.010726 -0.024832 -0.001647 -0.011988 0.000316 0.000256 -0.001034 -0.002690 0.003260 -0.004872 -0.001036 -0.004369 -0.001885 -0.001543 -0.003080 0.000954 0.002315 0.001618 -0.003790 0.000011 0.000480 0.000000 0.000000 0.000000 0.000000 0.000000 0.000000 
-0.004831 0.001497 -0.001545 -0.003909 0.002969 -0.001021 -0.004720 -0.002512 -0.029307 -0.000546 0.039806 -0.011336 0.011096 -0.008525 -0.019142 -0.001564 -0.001044 -0.002385 -0.003305 -0.003265 -0.003652 -0.002270 -0.002679 -0.001885 -0.000215 -0.000665 -0.000246 0.002315 0.001618 -0.000721 0.000011 0.000480 0.000000 0.000000 0.000000 0.000000 0.000000 0.000000 0.000000 0.000000 
-0.002996 -0.001973 0.008961 -0.011948 0.000754 0.005422 -0.018449 -0.002084 0.010037 -0.013630 0.002560 0.010783 -0.009632 0.004644 -0.003448 -0.000362 -0.003802 0.005689 -0.003862 0.003802 -0.000549 0.002012 -0.001251 -0.002237 0.008874 0.003750 0.000231 -0.000721 0.000011 0.000480 0.000000 0.000000 0.000000 0.000000 0.000000 0.000000 0.000000 0.000000 0.000000 0.000000 
0.000480 0.000011 -0.000721 0.000231 0.003750 0.008874 -0.002237 -0.001251 0.000471 0.004502 0.000286 0.002187 0.003388 0.015716 -0.004513 -0.000056 0.007295 -0.014286 -0.007846 0.014677 -0.009859 -0.037696 0.006198 -0.014310 -0.000225 -0.004044 0.006458 -0.000125 -0.006357 -0.008286 0.000000 0.000000 0.000000 0.000000 0.000000 0.000000 0.000000 0.000000 0.000000 0.000000 
0.000480 0.000011 -0.000721 0.000231 0.000142 0.001760 0.001311 0.001243 -0.000424 -0.000229 0.000280 0.002319 -0.001895 0.000698 -0.004257 0.000734 0.000221 -0.004913 0.001121 0.011421 0.003042 -0.000423 -0.005268 -0.020096 0.061151 -0.004528 -0.009517 -0.003224 -0.002169 -0.004540 0.003037 0.001101 0.000000 0.000000 0.000000 0.000000 0.000000 0.000000 0.000000 0.000000 
0.000480 0.000011 -0.000721 0.001028 0.000142 0.001760 0.001311 -0.000117 -0.001856 0.000670 0.000280 -0.000365 -0.000419 -0.002811 -0.000871 -0.000053 0.000695 -0.002210 0.001348 0.007463 0.009705 0.011347 -0.001242 0.010594 -0.004828 -0.013961 0.033035 0.046063 0.002827 0.005890 0.002529 0.001433 -0.001515 0.000000 0.000000 0.000000 0.000000 0.000000 0.000000 0.000000 
0.000480 0.000011 0.000089 0.001028 0.000142 -0.004174 0.000305 -0.000117 -0.000538 0.000440 -0.000515 -0.000574 -0.000719 -0.002126 0.001825 0.001479 -0.000746 -0.001937 0.002717 -0.002100 -0.006181 -0.003386 -0.033035 -0.009162 -0.005183 -0.006816 0.009356 0.047697 -0.032324 0.055031 0.041902 -0.054119 -0.014439 0.005967 -0.024799 0.000000 0.000000 0.000000 0.000000 0.000000 
0.000480 0.000011 0.000089 0.001028 -0.002176 -0.004174 0.002060 -0.002319 -0.001088 0.003123 0.000243 0.000568 0.000937 -0.000433 0.004486 0.001131 -0.002019 -0.001128 -0.005364 0.000598 -0.001763 -0.000853 -0.001721 -0.003454 -0.000925 -0.000404 0.001823 0.003542 -0.004252 0.006105 -0.006493 -0.018174 -0.009772 -0.027207 -0.035320 -0.021907 0.000000 0.000000 0.000000 0.000000 
0.000480 -0.000362 0.000089 -0.000612 -0.002176 0.002254 0.002060 -0.002208 -0.001088 0.002311 0.000243 0.000356 0.003401 0.000076 0.005463 -0.000576 0.000172 -0.000681 0.001804 0.001967 -0.001814 -0.002794 0.002498 -0.002792 0.006344 0.030169 -0.023358 0.033014 -0.025668 0.004539 0.038039 0.007102 0.016711 -0.004513 -0.009481 0.000373 0.017355 0.000000 0.000000 0.000000 
0.000480 -0.000362 0.000089 -0.000612 -0.002176 0.002254 0.001451 -0.002208 -0.000430 0.002311 0.000213 -0.002553 0.002374 -0.000151 -0.001061 -0.000339 -0.001812 -0.000811 -0.000948 0.000965 0.000427 -0.002845 -0.005651 -0.003052 -0.008344 -0.022006 0.020831 0.020218 0.024296 0.051608 0.020613 -0.006358 -0.000300 0.016868 0.001250 -0.014152 0.018622 0.028423 0.000000 0.000000 
0.000480 -0.000362 0.000089 -0.000612 -0.001742 0.002254 0.001451 -0.001272 -0.000430 -0.002817 -0.001002 -0.000071 0.000242 -0.000519 -0.000081 -0.003204 -0.002898 -0.001550 0.002182 0.002003 -0.000821 -0.000999 0.002109 0.015601 -0.005341 -0.006107 -0.019910 0.014058 -0.013152 0.025303 -0.016571 0.043998 -0.001913 0.014403 -0.019123 0.000832 0.004013 0.009005 -0.003668 0.000000 
0.000480 -0.000362 0.000089 -0.000612 -0.001742 0.000000 0.001451 -0.001272 -0.000209 -0.001340 -0.001002 -0.000071 -0.001512 0.000872 -0.000081 -0.003394 -0.000214 -0.001469 -0.001608 -0.002141 -0.002556 0.001979 -0.000331 0.008646 0.007871 -0.036313 0.004459 -0.003652 0.005820 -0.011093 0.007218 0.000000 -0.001456 -0.003110 -0.000758 0.001652 -0.005024 0.010747 0.002954 -0.005806 
0.000480 -0.000362 0.000801 -0.000612 -0.001742 0.000000 0.001836 -0.000608 -0.000209 -0.001340 -0.000654 0.003470 -0.001115 0.000872 -0.000329 0.000258 -0.003608 -0.000266 -0.001880 -0.000327 -0.000408 0.001246 0.006252 -0.004606 -0.013633 -0.018112 -0.016227 0.005260 0.006223 0.002916 0.004931 -0.010121 -0.002928 0.002624 0.006293 0.006203 -0.001933 0.014635 0.006518 0.004134 
0.000480 -0.000362 0.000801 -0.001134 -0.001742 0.000000 0.001836 -0.000608 0.000064 0.001136 -0.000246 0.003419 -0.001115 -0.000094 -0.002493 0.000455 -0.004146 -0.000371 0.001090 -0.001218 -0.002682 -0.000473 0.001165 -0.007078 0.008817 -0.011964 -0.003584 0.001668 -0.006387 0.006613 -0.002772 -0.000887 -0.000039 -0.006353 -0.000713 -0.001728 0.000835 -0.003123 -0.000209 0.001054 
0.000480 -0.000362 0.000801 -0.001134 -0.000921 -0.000283 -0.002029 -0.000608 0.000064 0.001136 -0.000246 0.003419 0.000406 0.002380 0.000000 -0.000546 -0.000946 0.000300 0.001571 -0.001865 -0.001546 0.000293 0.000281 -0.006283 -0.014120 0.005324 0.001792 0.001157 -0.001458 -0.005412 0.000927 -0.002471 -0.021006 -0.047330 -0.004293 0.003182 -0.014438 -0.027574 0.012666 -0.030890 
0.000480 -0.000362 0.000801 -0.001134 -0.000921 -0.000283 -0.002029 0.001278 0.000895 0.002803 -0.000748 -0.000469 -0.001020 0.000420 0.002654 0.000415 0.001068 0.000168 -0.000510 0.000493 0.002189 0.004379 -0.010942 0.008610 -0.002998 -0.001236 0.016728 0.012798 -0.019130 -0.024836 -0.007420 -0.002428 0.112674 0.005154 0.006612 0.015743 -0.005506 -0.029560 -0.007619 -0.015466 
