0.000942 0.012223 -0.000060 -0.003752 0.007178 0.000494 0.003838 -0.002824 -0.004385 -0.004280 -0.001291 0.002426 0.002355 0.000396 0.000860 0.001269 -0.003465 0.000207 -0.005128 0.001624 0.001241 -0.001011 0.004993 0.000899 -0.004607 0.001920 0.000124 0.003912 -0.002487 -0.001511 0.000166 0.000113 0.000218 0.000112 0.000051 0.000330 0.000159 0.000040 -0.000172 -0.000198 0.000769 0.001797 -0.000182 0.000431 0.000091 -0.000008 -0.000435 -0.000540 0.000285 -0.000792 -0.000374 0.000646 -0.000335 0.000218 0.000556 -0.000087 0.000278 0.000173 0.000129 0.000257 
0.000942 0.012223 -0.000060 -0.003752 0.007178 0.000494 0.003838 -0.002824 -0.002845 -0.001581 0.001269 0.002053 -0.004422 0.001310 -0.004332 0.004039 -0.008388 -0.003044 0.000731 0.011329 -0.004120 0.000321 0.003712 0.002252 0.007806 0.003942 -0.000465 -0.004119 0.000193 -0.000202 -0.000368 0.000193 -0.000936 -0.000144 0.000686 0.000405 0.000078 -0.000061 -0.000267 -0.000173 -0.000087 0.000215 0.000631 0.000484 0.000214 0.000330 0.000235 0.000091 -0.000328 0.000162 0.000713 -0.000694 0.000189 -0.000413 0.000416 -0.000028 -0.000342 0.000103 0.000302 0.000773 
0.000942 0.012223 -0.000060 -0.003752 0.002416 -0.011434 0.001525 0.009895 -0.002845 -0.001581 0.001269 0.002053 -0.001836 0.004535 -0.001403 0.000763 0.000556 0.001248 0.006109 -0.001569 0.003537 -0.001522 -0.001137 0.005930 0.003231 0.003750 0.005125 -0.000850 0.002189 -0.000452 0.000114 0.000028 -0.000375 -0.000014 -0.000451 -0.000375 -0.000229 -0.000447 0.000068 0.000261 0.000684 -0.000204 0.000570 -0.000225 0.000107 0.000494 -0.000285 0.000057 0.000243 -0.000061 0.000300 -0.000008 0.000210 0.000029 0.000169 0.000093 -0.000182 0.000181 0.000394 -0.000825 
0.000942 0.012223 -0.000060 -0.004261 0.002416 -0.011434 0.001525 0.009895 -0.002845 0.001452 0.007167 -0.003584 -0.001836 0.004535 0.000968 -0.001431 0.002564 -0.002527 -0.002445 0.003139 -0.002413 0.002508 -0.002607 -0.003251 -0.004078 -0.000399 -0.000235 -0.001798 0.000763 0.000308 -0.000104 0.000175 0.000252 -0.000300 -0.000794 -0.000342 0.000235 0.000133 0.000195 -0.000203 0.000011 -0.000053 0.000035 -0.000134 -0.000368 -0.000162 0.000018 0.000695 0.000322 0.000504 0.000576 0.000021 0.000168 -0.000123 0.000015 0.000128 0.000094 0.000107 -0.000291 -0.000118 
0.000942 0.012223 0.002219 -0.004261 0.002416 -0.011434 0.004227 0.006385 -0.003955 0.001452 0.004822 -0.000624 0.002253 0.006577 0.000851 0.005920 0.001997 -0.006921 0.002809 0.001837 -0.008418 0.012038 -0.001254 -0.003937 -0.000306 -0.000298 0.000374 -0.000207 0.000509 -0.000109 0.000585 0.000138 -0.000304 -0.000484 0.000022 -0.000269 -0.000035 0.000436 0.000883 0.000185 0.000149 -0.000410 -0.000458 -0.000063 -0.000160 0.000326 -0.000006 -0.000009 0.000483 0.000419 0.000115 0.000037 0.000072 0.000355 -0.000039 0.000030 -0.000001 -0.000101 -0.000053 0.000000 
0.000942 0.012223 0.002219 -0.004261 0.002416 -0.000357 0.004227 0.006385 -0.001104 -0.002905 0.004822 0.004131 0.002867 0.005323 0.000852 0.000085 0.001577 -0.001679 0.001659 -0.005391 -0.003050 0.001699 0.007284 -0.002107 -0.000438 0.003637 -0.001626 0.000031 -0.000138 0.000225 -0.000416 -0.000563 -0.000895 -0.000080 0.000270 -0.000973 0.000464 0.000267 0.000575 -0.000355 -0.000420 0.001101 0.000267 -0.000047 -0.000068 -0.000374 -0.000055 0.000568 -0.000374 -0.000380 0.000181 0.000122 0.000851 0.000517 -0.000140 0.000140 0.000067 0.000000 0.000000 0.000000 
0.000942 0.012223 0.002219 -0.004261 0.000290 -0.000357 0.004227 0.001249 -0.001104 0.003516 0.003246 0.004131 -0.000318 0.003855 -0.000370 0.003231 0.002253 0.002807 -0.000422 -0.006992 -0.001683 0.003605 -0.006953 -0.000826 0.001357 -0.001505 -0.000548 0.000063 -0.000094 -0.000473 -0.000087 -0.000252 -0.000103 -0.000405 0.000246 0.000237 0.000068 -0.000288 -0.000261 0.000080 0.000326 0.000461 -0.001488 0.000076 0.000481 0.000271 -0.000275 -0.000682 -0.000960 -0.000123 0.000145 -0.000658 0.000534 0.001266 0.000045 0.001225 0.002385 0.000000 0.000000 0.000000 
0.000942 0.012223 0.002219 -0.004261 0.000290 -0.000357 0.004313 0.001249 -0.003278 0.003516 0.004067 -0.000263 -0.001267 0.000219 0.000753 0.000114 0.004188 -0.000438 0.006832 -0.002033 0.000331 0.005583 -0.000379 -0.004392 0.001275 -0.000336 0.000239 -0.000428 -0.000490 -0.001887 -0.000062 -0.000074 0.000960 -0.001038 0.000806 0.001961 0.000775 -0.000358 0.000665 0.000132 0.001830 0.000249 -0.000352 -0.002293 0.000545 -0.000062 0.000713 -0.001668 0.001940 0.000612 -0.000079 0.000010 0.000234 -0.000509 -0.001768 0.000000 0.000000 0.000000 0.000000 0.000000 
0.000942 0.001208 0.002219 -0.002712 0.000290 -0.000829 0.004313 0.006422 -0.003278 0.008661 0.005587 -0.002755 0.000457 0.012421 0.004279 0.001797 0.015948 -0.001519 -0.000590 0.000040 -0.003304 -0.001435 -0.002335 0.000879 0.001007 0.003884 0.000221 0.001263 -0.000734 -0.001322 -0.000176 0.000825 -0.000291 -0.001642 0.003265 0.000465 -0.000181 -0.001348 -0.000926 0.003791 0.002706 0.002301 0.003042 0.000270 -0.001163 -0.000163 0.001230 -0.000231 0.000106 -0.001206 -0.000188 -0.001358 0.000100 0.000000 0.000000 0.000000 0.000000 0.000000 0.000000 0.000000 
0.000942 0.001208 0.002219 -0.002712 -0.001636 -0.000829 0.007893 0.006422 -0.004533 0.000229 0.005587 0.003696 0.004300 0.009076 0.005380 -0.002574 0.004600 0.001946 -0.000582 0.001766 0.000923 -0.001752 -0.000083 0.002316 0.000647 0.000080 -0.000306 0.000201 0.003024 0.001224 0.001496 -0.000363 -0.000406 0.000630 0.000719 -0.001078 0.001874 0.000242 0.002434 -0.001284 -0.002248 0.001082 -0.000248 0.006774 -0.000247 -0.001714 -0.000624 -0.000512 0.000471 -0.001146 -0.000459 0.000000 0.000000 0.000000 0.000000 0.000000 0.000000 0.000000 0.000000 0.000000 
0.000942 0.001208 -0.000483 -0.002712 -0.001636 -0.010888 0.001868 0.003209 0.000452 -0.001371 -0.002842 0.001975 0.002123 -0.001380 0.001050 -0.000708 0.000000 0.001833 0.002921 0.000630 0.000086 -0.000213 0.001859 -0.000827 -0.001289 0.000090 0.001473 0.005839 -0.000944 -0.000541 0.000390 0.000362 0.000893 -0.001482 -0.000501 0.001435 -0.000687 0.000092 0.000287 -0.000962 -0.000655 -0.002712 0.001071 0.001180 0.001655 0.003377 0.000744 -0.000130 -0.001073 0.000000 0.000000 0.000000 0.000000 0.000000 0.000000 0.000000 0.000000 0.000000 0.000000 0.000000 
0.000942 0.001208 -0.000483 -0.000526 -0.001636 -0.010888 0.001868 0.001835 0.000509 0.003487 -0.002842 0.000490 0.001984 0.000094 0.000680 -0.000306 0.000770 0.002625 0.002445 0.000956 -0.000025 -0.002160 -0.000941 -0.000951 -0.002390 -0.003177 -0.000495 0.001900 -0.002772 -0.000853 -0.000140 0.001227 0.001380 -0.000085 -0.000184 0.002047 0.000962 0.000572 0.000100 0.000341 0.001713 0.004186 0.000220 0.001446 -0.002979 -0.001233 -0.000383 0.000000 0.000000 0.000000 0.000000 0.000000 0.000000 0.000000 0.000000 0.000000 0.000000 0.000000 0.000000 0.000000 
0.000942 0.001208 -0.000483 -0.000526 0.003662 0.001471 0.000153 -0.001013 -0.002675 0.001844 0.005615 0.000850 0.002367 -0.000416 0.002154 0.000169 0.000265 -0.002213 -0.002353 0.002630 -0.000148 -0.000789 -0.000508 -0.001018 0.000354 0.004657 0.001571 -0.001047 -0.000613 -0.000238 0.000908 0.000103 0.002162 -0.000601 -0.000038 0.001711 -0.000127 0.000411 0.000045 0.001228 -0.000709 0.000067 0.000333 -0.000074 0.000000 0.000000 0.000000 0.000000 0.000000 0.000000 0.000000 0.000000 0.000000 0.000000 0.000000 0.000000 0.000000 0.000000 0.000000 0.000000 
0.000942 0.001208 -0.000483 -0.000526 0.003662 0.001471 0.000153 -0.001013 -0.006242 -0.001260 -0.000947 0.002292 0.000654 -0.002609 0.000687 0.000127 0.000452 0.000656 -0.003588 0.000180 -0.001403 -0.000622 -0.000408 0.000576 -0.000254 -0.003053 -0.000502 0.000374 0.001191 0.000083 -0.001109 -0.002012 -0.000020 -0.001023 0.001928 0.001407 0.000372 -0.001179 -0.000474 0.000317 -0.000235 -0.002500 -0.000414 0.000791 -0.000702 0.000000 0.000000 0.000000 0.000000 0.000000 0.000000 0.000000 0.000000 0.000000 0.000000 0.000000 0.000000 0.000000 0.000000 0.000000 
0.000942 0.001208 -0.000483 -0.007674 0.002951 0.004628 0.001759 0.001057 0.002894 -0.005526 0.006883 0.003712 -0.000439 0.001500 -0.000550 -0.001635 0.002802 0.000000 -0.002867 -0.000908 0.000912 0.001558 0.002143 0.000502 0.000388 -0.000161 -0.001367 -0.000325 -0.001397 -0.001995 0.001891 0.000352 -0.000516 -0.001341 -0.002282 0.001426 0.000902 -0.001941 -0.000639 0.001052 0.002278 0.000380 0.000262 -0.000499 0.000888 -0.000451 0.000503 0.001174 0.000000 0.000000 0.000000 0.000000 0.000000 0.000000 0.000000 0.000000 0.000000 0.000000 0.000000 0.000000 
0.000942 0.001208 -0.002708 -0.007674 0.002951 0.004628 0.003603 0.001495 0.002894 -0.000770 0.000049 0.009313 0.000193 -0.001883 0.000401 0.000224 0.000364 0.002297 0.002141 0.001713 0.002360 -0.001486 -0.000219 -0.000983 0.000169 0.000182 0.001457 0.001829 -0.001000 0.001665 -0.000930 -0.000396 0.000485 0.000876 -0.002151 -0.001229 -0.000417 0.000058 0.000147 0.000527 -0.001878 0.000343 -0.000572 -0.000223 0.000831 -0.000150 0.001263 -0.000238 -0.000950 -0.001032 0.000000 0.000000 0.000000 0.000000 0.000000 0.000000 0.000000 0.000000 0.000000 0.000000 
0.000942 0.001208 -0.002708 -0.007674 0.002951 -0.002210 0.003603 0.004502 0.001143 -0.000770 0.002484 0.001775 0.003689 0.000216 -0.003487 -0.001861 0.000386 0.002417 0.004667 0.001190 0.000554 0.000750 0.002725 0.003251 0.003136 0.001313 -0.000232 0.001907 0.001274 0.000586 -0.000525 0.000134 -0.003465 0.000155 0.001291 0.002505 -0.000225 -0.000227 0.000142 -0.000388 -0.001754 0.001476 -0.000326 0.000025 -0.000106 -0.000507 0.000059 0.001373 0.000814 -0.000051 0.000301 -0.000208 0.000000 0.000000 0.000000 0.000000 0.000000 0.000000 0.000000 0.000000 
0.000942 0.001208 -0.002708 -0.007674 -0.010688 -0.002210 0.006013 0.004502 0.002648 -0.001732 -0.008163 -0.001045 0.003389 0.001137 0.002088 0.001273 -0.000914 -0.000793 -0.000118 -0.000226 -0.000883 0.000780 0.002446 0.000746 0.000660 0.001242 0.000334 -0.000771 -0.001603 -0.001374 -0.000900 0.001000 0.000084 -0.000385 -0.000975 0.000375 -0.002207 -0.000992 -0.001588 0.004873 0.002817 0.007889 0.000318 0.001043 -0.000521 -0.002298 -0.002980 -0.000871 0.000988 -0.000997 -0.001346 0.000178 -0.000152 -0.000475 0.000000 0.000000 0.000000 0.000000 0.000000 0.000000 
0.000942 -0.003162 -0.002708 -0.003725 -0.010688 0.000200 0.006013 0.009123 0.002648 -0.004568 -0.008163 -0.009956 0.003126 0.001775 0.000418 -0.000914 0.000359 0.000019 0.000944 0.000367 0.001477 0.001722 0.003039 0.000987 0.002365 0.000139 0.000358 0.001337 0.002979 0.001419 0.000063 0.001716 -0.000349 -0.001511 -0.002269 -0.002157 0.000330 0.000199 0.000746 -0.000484 0.001864 -0.001998 0.000814 -0.002595 -0.003160 0.000606 0.000946 -0.000438 -0.000525 -0.000979 -0.000776 -0.000273 -0.000157 0.000233 -0.000154 0.000090 0.000000 0.000000 0.000000 0.000000 
0.000942 -0.003162 -0.002708 -0.003725 -0.010688 0.000200 -0.005745 0.009123 -0.003160 -0.003855 -0.004725 0.001374 0.003126 0.000046 -0.006257 0.000992 -0.006487 -0.001800 0.002029 0.000341 -0.000062 0.000905 -0.000096 0.000586 0.002018 0.000350 0.000500 0.002794 0.001959 0.002214 0.000708 0.001698 0.000100 0.000578 0.000763 0.001052 -0.000462 -0.000627 0.002636 -0.002377 -0.003119 -0.000837 -0.001970 -0.001506 -0.000813 -0.000777 0.000322 -0.000492 0.000248 -0.000149 -0.000247 0.000731 0.000748 0.000800 -0.000239 -0.000293 0.000202 0.000000 0.000000 0.000000 
0.000942 -0.003162 -0.002708 -0.003725 -0.002849 0.000200 -0.005745 0.001994 -0.003160 -0.003855 0.000672 0.001021 0.000285 0.001435 -0.000109 -0.005975 -0.000463 -0.002062 0.015662 0.006670 -0.001626 -0.000225 -0.000512 0.001448 0.001815 -0.000813 -0.000135 0.000404 -0.000152 0.001531 0.001958 0.000286 -0.000541 0.000056 -0.000823 -0.002065 -0.001216 -0.000567 0.000050 -0.001491 -0.000062 -0.000507 0.000404 -0.000576 0.000409 0.000372 -0.000487 0.000086 -0.000009 -0.000293 -0.001467 0.000114 -0.001756 -0.001414 -0.000197 0.000853 -0.000978 -0.000580 0.000000 0.000000 
0.000942 -0.003162 -0.000937 -0.003725 -0.002849 -0.001854 0.003102 0.001994 0.002105 0.004377 0.002130 0.001021 0.000389 0.003432 0.002633 0.001789 -0.003238 -0.006619 0.001719 0.006824 0.001684 0.000899 -0.000457 -0.002166 -0.001973 -0.002699 -0.002806 0.001257 0.001267 0.001791 0.001579 0.001102 0.000836 0.000096 0.000828 0.001878 -0.000642 0.000526 0.001392 0.001952 -0.000458 -0.000098 -0.000405 0.000782 -0.000496 -0.000108 -0.000077 -0.000332 -0.000414 -0.000258 0.000281 0.000373 0.000287 0.000155 0.000368 -0.000777 0.000872 -0.000759 -0.001883 0.000000 
0.000942 -0.003162 -0.000937 -0.003725 -0.002849 -0.001854 0.003102 0.002359 0.002169 0.004377 0.002130 -0.002649 -0.003245 0.000328 0.000053 -0.006301 0.001013 0.000867 0.004703 0.004088 0.001088 -0.008832 -0.003092 0.002673 -0.000611 -0.001361 0.000980 -0.002195 -0.003461 -0.000165 0.000361 0.000266 -0.000330 0.000166 -0.000572 -0.000754 -0.000134 0.000484 0.000574 0.001442 -0.000470 0.000566 0.000880 0.000990 0.000220 -0.000436 0.000131 0.000864 0.000289 0.000324 0.000367 -0.000394 -0.000848 -0.002459 -0.000296 -0.002158 -0.003266 -0.002544 -0.003030 0.000084 
0.000942 -0.003162 -0.000937 -0.001544 -0.001096 -0.001854 0.003102 0.002359 0.002169 -0.000356 0.002597 -0.001164 0.002536 0.000328 0.000053 -0.000831 0.000312 -0.001109 0.000304 -0.004264 -0.005285 -0.005228 -0.001234 0.003828 0.005499 0.001603 0.004861 0.004072 0.000595 0.000904 -0.000960 -0.002014 -0.000798 -0.001453 -0.001343 0.001179 0.001252 -0.000233 -0.000326 -0.000241 0.000446 0.001293 0.000437 -0.000539 0.000046 0.000106 0.000152 0.000459 0.000298 0.000807 0.000946 0.000655 -0.001228 -0.001922 -0.000758 0.000551 -0.002424 -0.001031 -0.001026 -0.000182 
0.000942 -0.003162 -0.000937 -0.001544 -0.001096 -0.000279 -0.000962 -0.002465 0.000538 0.002801 0.002597 -0.001164 0.002536 -0.002150 -0.003907 -0.000738 0.000798 -0.000914 0.006751 0.000171 -0.004358 0.001925 0.003968 0.002962 0.003690 0.003936 0.000378 -0.000168 0.003779 0.002012 0.000761 0.000251 0.000677 0.000844 -0.002047 -0.005645 -0.000995 -0.000432 -0.000859 -0.000061 -0.000628 -0.000018 0.000059 0.000935 -0.000037 0.000305 0.000841 0.000211 -0.000081 0.001249 -0.000442 -0.001022 -0.001001 0.001024 -0.000339 -0.001423 -0.000907 0.000165 -0.003019 -0.004291 
0.000942 -0.003162 -0.000937 -0.001544 -0.001096 -0.000279 -0.000962 -0.002465 0.000538 0.002801 0.001937 -0.000961 0.000209 0.002103 0.000157 0.007959 -0.001278 -0.011336 -0.006527 0.000931 -0.001401 -0.002078 0.007535 0.005005 0.009022 0.002776 -0.000166 0.000211 -0.000360 0.005044 0.008604 0.015940 0.012949 0.003014 0.001792 0.000432 -0.008206 -0.000335 -0.000615 -0.000546 0.000266 0.000191 0.000124 0.000988 0.000738 0.000497 0.000075 -0.000451 -0.000334 -0.001288 -0.002244 -0.002110 -0.001401 -0.001798 -0.001097 -0.001167 0.001522 0.000912 -0.001438 0.000415 
0.000942 -0.003162 -0.000937 -0.001544 -0.001096 -0.000279 0.002416 -0.000930 0.004053 0.001231 -0.004368 -0.000125 0.003612 -0.002257 -0.000540 0.004273 -0.002703 -0.003207 0.005733 0.001499 -0.003800 -0.002146 -0.000855 -0.000914 0.001745 0.004139 0.002261 0.007153 0.009637 0.007504 -0.000836 -0.005526 -0.001736 -0.002580 0.000715 0.000874 -0.001104 -0.005222 -0.002130 0.000880 -0.000146 -0.000239 0.000211 0.000039 -0.000134 0.000245 0.000873 -0.000163 -0.001163 -0.000874 0.000473 -0.000115 -0.001589 -0.000955 -0.000772 -0.001146 -0.002320 -0.001938 -0.002215 -0.004676 
0.000942 -0.003162 -0.000937 -0.001544 -0.000939 0.002994 0.002416 -0.000930 0.004053 0.001231 -0.003951 -0.005007 -0.000183 0.004049 0.003240 0.003704 -0.000868 -0.005633 -0.009387 0.006764 0.006018 -0.008463 -0.013956 0.005754 0.002916 0.001762 -0.001988 0.003007 0.002286 -0.000174 0.005242 0.001526 0.003439 0.006824 0.003275 0.004035 0.000404 -0.001029 -0.001061 -0.000684 -0.000215 -0.000317 0.000256 0.000427 -0.000013 0.000079 -0.000591 -0.000120 0.000651 -0.000166 -0.000940 -0.000898 -0.000313 -0.001160 -0.000038 -0.000495 -0.000435 -0.000204 0.000456 0.000249 
0.000942 -0.003162 -0.000937 -0.003572 -0.000939 0.002994 0.002416 -0.000930 0.001038 0.001700 -0.003951 -0.005007 -0.000183 0.000670 0.003307 0.002748 -0.002482 -0.005633 0.004327 0.000769 0.003925 0.005911 0.007181 0.001827 0.001784 -0.006974 -0.007187 0.006946 0.004868 -0.000725 0.000958 0.000564 0.008738 0.002584 0.009674 0.010247 -0.000633 0.011631 0.003846 0.000216 0.000497 0.000513 0.000240 0.000157 0.000010 0.000300 0.000965 -0.000565 -0.001829 -0.000700 0.000137 -0.000325 -0.000963 -0.000045 -0.002546 -0.004532 -0.002036 0.000412 -0.000845 -0.000093 
0.000942 -0.003162 0.010215 -0.003572 -0.000939 0.002994 -0.002887 0.000076 0.001038 0.001700 0.002231 0.000304 -0.001841 -0.000647 -0.003684 0.002438 -0.000717 0.004253 0.002961 -0.000206 -0.002236 -0.002478 0.005157 -0.000330 0.001102 -0.007357 -0.001790 0.000267 0.010612 0.005832 -0.003582 0.000868 0.001541 -0.000927 0.010090 -0.005863 -0.004771 0.001864 0.001674 0.001886 0.001158 -0.000356 0.000498 -0.000090 -0.001348 -0.001045 -0.000045 -0.001082 -0.000291 -0.000105 0.000319 0.000429 0.000500 0.000493 -0.001147 -0.002545 0.000526 -0.002535 -0.001351 0.000000 
0.000942 -0.003162 0.010215 -0.003572 -0.000939 -0.002324 -0.002887 0.000076 0.002099 -0.000776 0.000280 0.006679 0.008283 0.001077 0.003276 -0.001048 0.001312 0.005474 0.002201 0.006099 0.008556 0.001644 -0.000105 -0.000973 0.003703 0.011270 0.000829 0.002466 0.003688 0.009111 0.000813 0.003973 0.001121 -0.011602 -0.002033 -0.001562 -0.000951 -0.000577 -0.000485 -0.000358 0.000428 0.000700 -0.000052 -0.000066 0.000195 0.000381 0.000195 0.000345 0.000555 0.000278 0.000319 0.000254 -0.002069 -0.000116 -0.000065 0.000106 -0.000615 -0.000347 0.000000 0.000000 
0.000942 -0.003162 0.010215 -0.003572 -0.003778 -0.002324 0.003385 0.006904 0.002099 -0.003997 0.000280 0.015474 0.006976 0.001077 0.003486 0.002027 0.006921 0.004992 -0.000644 -0.005010 -0.002047 0.001262 -0.008590 -0.003180 0.002814 0.008158 0.004866 0.004635 -0.000459 -0.002129 -0.002054 0.001516 0.000918 0.000554 -0.002728 0.000436 -0.001674 -0.000192 0.000947 0.001253 0.000000 -0.000042 -0.001515 -0.000072 0.000218 -0.000085 0.000264 0.000189 0.000088 0.000395 0.000331 0.000657 0.000428 0.000152 -0.000347 0.000360 0.000000 0.000000 0.000000 0.000000 
0.000942 0.008203 0.010215 0.001254 -0.003778 0.002551 0.003385 -0.001193 0.000493 -0.003290 0.000457 -0.001343 -0.002065 0.001508 0.007446 -0.001886 -0.004554 0.001126 -0.003825 0.001948 -0.000415 -0.002068 -0.007202 -0.001635 -0.000625 -0.002414 0.002948 0.001592 -0.001144 0.000405 0.009272 -0.000033 0.009060 -0.001477 0.003982 -0.000761 0.000640 -0.000328 -0.000027 -0.000655 0.000036 -0.000673 -0.000567 0.001383 -0.000362 -0.000170 -0.000336 0.000761 0.000074 -0.000329 -0.000862 -0.000486 0.000293 0.000201 0.000516 0.000000 0.000000 0.000000 0.000000 0.000000 
0.000942 0.008203 0.010215 0.001254 -0.003778 0.002551 0.003385 -0.001193 0.001038 -0.003290 -0.008405 -0.001343 -0.001439 0.003394 0.001078 0.002441 0.001585 0.000300 0.000991 -0.003791 -0.000255 -0.004442 -0.001537 -0.001078 0.003498 0.002663 0.000394 -0.002176 -0.001826 0.007161 0.016097 -0.000200 0.001613 0.003951 0.010529 0.003054 0.000019 -0.000003 -0.000385 0.000342 0.000191 0.000283 -0.000198 0.000375 0.000242 0.001047 -0.000158 -0.000807 0.001434 -0.000311 -0.000714 -0.002587 -0.000054 0.000000 0.000000 0.000000 0.000000 0.000000 0.000000 0.000000 
0.000942 0.008203 0.010215 0.001254 -0.000952 0.002551 -0.004013 0.006788 0.001038 -0.002926 -0.004273 -0.005979 -0.003310 0.012786 0.007147 -0.002467 0.003241 0.008083 -0.002282 -0.001056 -0.001259 -0.000666 0.001929 0.005367 0.004092 0.004659 0.001817 -0.000449 0.002517 0.002225 -0.011133 -0.006800 0.001003 -0.000393 0.003127 -0.000698 0.000055 -0.001421 -0.000271 0.000337 0.000013 -0.000158 -0.000272 -0.000550 -0.000642 -0.000663 -0.001150 -0.001363 -0.002849 -0.002170 -0.000249 0.000000 0.000000 0.000000 0.000000 0.000000 0.000000 0.000000 0.000000 0.000000 
0.000942 0.008203 0.003170 0.001254 -0.000952 -0.004697 -0.000331 0.006788 0.000710 -0.000679 -0.002862 -0.000789 0.008235 0.003045 0.010179 0.000645 0.000378 0.004857 -0.000510 -0.001981 0.001933 -0.004848 0.001617 -0.003082 0.002693 0.004052 -0.001429 -0.000564 -0.001855 -0.002744 0.001421 -0.000928 0.001808 0.001282 0.000693 0.000035 0.000345 0.000660 0.000522 0.000328 -0.001323 -0.001136 -0.000056 -0.001498 -0.001820 -0.003381 -0.000244 -0.000200 -0.001864 0.000000 0.000000 0.000000 0.000000 0.000000 0.000000 0.000000 0.000000 0.000000 0.000000 0.000000 
0.000942 0.008203 0.003170 0.000375 -0.000952 -0.004697 -0.000331 -0.000497 -0.001532 -0.010010 0.006054 0.004331 -0.000442 0.008970 0.001047 0.004843 -0.004473 0.000469 -0.002194 -0.001243 0.000780 0.001455 0.001200 -0.000996 0.003544 0.004211 -0.000061 -0.002960 -0.000065 0.000783 0.005142 0.002036 0.001188 0.000104 0.000401 -0.000185 -0.000072 -0.000213 -0.000646 0.000088 0.000217 0.000080 -0.000402 -0.003046 -0.003480 0.000270 0.000000 0.000000 0.000000 0.000000 0.000000 0.000000 0.000000 0.000000 0.000000 0.000000 0.000000 0.000000 0.000000 0.000000 
0.000942 0.008203 0.003170 0.000375 -0.009033 -0.002275 0.001877 -0.003550 -0.003773 -0.000844 0.001262 0.001545 0.009357 0.013379 0.002025 -0.009001 -0.002402 -0.004808 0.002171 0.007813 0.001716 -0.007137 0.007500 0.002228 0.003275 0.000128 0.000284 0.000184 -0.001170 -0.000453 -0.000017 0.000409 -0.000153 0.000181 0.000356 -0.000253 -0.000199 -0.000037 -0.001306 0.000253 -0.000266 -0.002691 -0.002477 -0.000739 0.000000 0.000000 0.000000 0.000000 0.000000 0.000000 0.000000 0.000000 0.000000 0.000000 0.000000 0.000000 0.000000 0.000000 0.000000 0.000000 
-0.000630 -0.000875 -0.001433 -0.001280 -0.000094 -0.001351 0.000282 0.000068 0.000152 0.001135 0.000130 -0.000061 -0.000138 -0.000275 0.000114 0.000114 0.000060 0.000018 -0.000193 0.000334 -0.000748 -0.001273 -0.000034 0.003569 -0.000590 0.003154 0.007876 -0.001079 0.000555 -0.004458 -0.001201 0.000096 0.006007 0.006940 -0.001253 0.003276 0.003833 -0.002046 -0.001610 -0.002478 0.003070 -0.009033 0.000375 0.003170 0.008203 0.000942 0.000000 0.000000 0.000000 0.000000 0.000000 0.000000 0.000000 0.000000 0.000000 0.000000 0.000000 0.000000 0.000000 0.000000 
-0.000299 0.000487 -0.000101 0.000575 -0.000333 0.000086 0.000691 -0.000098 0.000676 -0.000273 0.000179 -0.000156 0.000055 -0.000252 -0.000338 0.000530 0.000270 0.000300 -0.000358 0.000263 0.000432 0.000655 0.000073 0.001058 -0.000167 -0.000472 0.002727 0.001111 -0.001680 -0.000522 0.002131 -0.002620 0.003161 -0.003725 0.000971 0.007643 -0.002517 0.004497 0.006641 -0.004063 -0.001610 -0.002478 0.003070 -0.001814 0.005599 0.003170 0.008203 0.000942 0.000000 0.000000 0.000000 0.000000 0.000000 0.000000 0.000000 0.000000 0.000000 0.000000 0.000000 0.000000 
0.000193 -0.001553 0.000511 0.000227 -0.000285 -0.000382 -0.000164 0.000087 0.000096 -0.000047 -0.000003 -0.000374 -0.000111 0.000180 0.000080 -0.000032 0.000986 -0.000149 -0.000318 -0.000042 0.000026 0.000079 0.000306 -0.000311 0.000263 -0.000089 0.000216 0.000656 0.000584 0.001029 -0.001865 0.013530 -0.001534 0.000184 -0.001501 -0.000599 0.000439 0.007543 -0.003114 -0.002064 0.000000 -0.004063 -0.006547 0.000326 0.002996 -0.001814 0.005599 -0.001231 0.008203 0.000942 0.000000 0.000000 0.000000 0.000000 0.000000 0.000000 0.000000 0.000000 0.000000 0.000000 
0.000583 -0.001365 0.000379 0.000079 -0.000484 -0.000275 0.000272 0.000295 0.000249 -0.000179 0.000167 0.000309 0.000542 0.000311 0.000193 0.000323 -0.000057 -0.000230 0.000813 -0.000050 0.000064 0.000306 0.000155 -0.000263 0.000243 -0.000173 -0.000192 0.000381 0.000500 0.000134 0.000274 0.000173 0.000528 0.004032 0.000645 -0.001288 -0.005092 0.003486 -0.000328 -0.001024 0.004395 -0.002682 -0.001588 0.000598 0.000438 0.000326 0.002996 -0.001684 0.005599 -0.001231 0.008203 0.000942 0.000000 0.000000 0.000000 0.000000 0.000000 0.000000 0.000000 0.000000 
0.000762 0.000576 0.000287 -0.000121 0.000000 -0.000186 0.000127 0.000097 -0.000064 0.000115 -0.000087 -0.000006 -0.000228 0.000292 0.000054 0.000436 0.000505 0.000154 -0.000187 -0.000341 0.000218 0.000211 0.000328 0.000019 -0.000045 0.000150 -0.000083 -0.000165 -0.000059 0.000110 0.000171 0.000357 -0.000127 0.000619 -0.000382 0.000557 0.005444 0.004950 -0.005514 0.001043 -0.001355 -0.004271 -0.000881 0.003648 -0.001588 0.000634 0.000438 -0.003130 0.002996 -0.001684 0.005599 -0.001231 0.008203 0.000942 0.000000 0.000000 0.000000 0.000000 0.000000 0.000000 
0.000220 0.000033 0.000183 0.000066 -0.000047 -0.000016 0.000133 0.000148 -0.000075 -0.000062 0.000154 -0.000232 0.000031 -0.000015 0.000036 -0.001283 0.000598 0.000084 0.000134 0.000039 -0.000053 -0.000019 -0.000082 -0.000121 0.000049 -0.000020 0.000128 -0.000304 0.000106 -0.000273 -0.000246 0.000050 0.000153 -0.000078 -0.000287 0.000219 0.000221 0.000145 0.001246 0.006927 -0.002582 0.000308 0.002956 0.002151 -0.001493 0.000085 0.004524 -0.001163 0.004899 -0.003130 -0.002085 -0.001684 0.004158 -0.001231 0.001977 0.000942 0.000000 0.000000 0.000000 0.000000 
0.000044 0.000210 0.000387 0.000681 -0.000414 0.000354 0.000104 0.000024 -0.000024 -0.000063 0.000120 -0.000334 -0.000074 0.000166 0.000470 0.000294 -0.000157 0.000118 0.000024 -0.000005 0.000069 -0.000010 -0.000013 0.000120 0.000169 0.000170 0.000181 0.000270 -0.000179 0.000380 -0.000473 0.000359 0.000424 0.000143 -0.000048 -0.000462 -0.000118 -0.000117 0.000215 -0.000108 0.002124 -0.001858 0.005485 0.002666 0.003086 0.002584 0.000085 0.001418 -0.001163 0.004899 -0.008545 -0.002085 -0.000797 0.004158 -0.001231 0.001977 0.000942 0.000000 0.000000 0.000000 
0.000159 0.000442 -0.000138 0.000002 0.000008 0.000200 0.000007 0.000358 0.000510 -0.000023 0.000108 0.000298 0.000412 -0.000074 -0.000644 0.000565 -0.000096 -0.000385 -0.000044 0.000234 -0.000047 0.000079 -0.000020 0.000136 -0.000165 0.000422 0.000046 0.000387 -0.000093 0.000054 0.000053 -0.000075 0.000128 -0.000409 -0.000080 -0.000232 0.000259 0.000299 -0.000001 -0.000393 0.000270 0.000121 -0.000567 0.000045 -0.002766 -0.000990 0.003086 -0.002465 -0.001667 0.001418 0.005817 0.001572 -0.008545 -0.005049 -0.000797 0.004158 -0.001231 0.001977 0.000942 0.000000 
0.000615 -0.000071 0.000065 0.000113 0.000150 -0.000305 -0.000037 -0.000100 0.000177 0.000154 -0.000106 0.000269 -0.000208 0.000084 0.000408 -0.000299 -0.000241 0.000096 0.000084 0.000091 -0.000234 0.000040 0.000115 -0.000194 0.000081 -0.000227 0.000095 -0.000111 -0.000388 0.000067 0.000100 0.000213 0.000043 0.000341 0.000437 0.000196 -0.000371 0.000508 0.000441 0.000296 0.000050 0.000480 0.000185 0.000080 0.001498 -0.002753 0.004530 0.006767 -0.001401 0.000587 0.003278 0.005817 0.001572 -0.001458 -0.005049 -0.000797 0.004158 -0.003775 0.001977 0.000942 
0.000343 -0.000282 0.000294 -0.000713 0.000077 -0.000086 -0.000044 0.000557 0.000211 0.000088 0.000026 0.000424 -0.000276 -0.000196 -0.000109 -0.000007 0.000224 0.000144 -0.000085 -0.000498 0.000454 0.000537 -0.000054 -0.000394 0.000000 0.000185 0.000208 0.000287 -0.000043 -0.000108 0.000070 0.000082 0.000436 -0.000004 0.000767 0.000002 0.000323 0.000271 -0.000009 0.000392 0.000345 0.000657 0.000699 0.000666 0.000123 0.000440 0.001604 0.003194 -0.001401 0.000587 0.002710 0.007311 0.002791 -0.001458 -0.005049 -0.000797 0.004382 -0.003775 0.001977 0.000942 
-0.000075 0.000110 0.000671 -0.000291 -0.000209 -0.000041 0.000059 0.000064 0.000136 0.000072 0.000508 -0.001148 -0.000239 0.000070 -0.000151 0.000079 0.000000 0.000018 0.000114 0.000163 -0.000069 -0.000035 -0.000072 0.000146 -0.000192 0.000176 -0.000080 0.000009 0.000155 -0.000022 -0.000042 -0.000079 -0.000092 0.000076 0.000146 0.000522 -0.000102 -0.000022 0.000170 0.000094 0.000391 0.000334 -0.000087 -0.000022 0.000666 0.001630 0.001445 -0.000869 0.001275 0.002904 0.000907 0.002710 0.007311 0.002791 -0.001458 -0.002204 0.003896 0.004382 -0.003775 0.001977 
0.002300 -0.000261 0.000153 -0.000367 0.000054 0.000056 -0.000224 0.000178 0.000067 0.000049 -0.000030 -0.000151 -0.000399 0.000190 -0.000262 0.000136 0.000176 -0.000397 0.000023 0.000247 0.000106 0.000516 0.000234 0.000029 -0.000171 0.000126 0.000018 -0.000159 0.000085 0.000081 0.000135 0.000265 0.000267 -0.000165 0.000010 0.000434 -0.000003 0.000172 0.000063 0.000296 0.000065 0.000420 -0.000268 0.000330 0.001995 0.004266 0.003651 -0.001786 0.005764 0.001160 -0.003739 -0.006951 -0.001586 -0.001874 0.000417 -0.002204 0.003896 0.004382 -0.003775 0.001977 
0.000256 0.000455 0.000390 -0.000694 -0.000082 -0.000251 0.000484 -0.000338 -0.000108 0.000309 0.000017 -0.000193 -0.000051 0.000005 -0.000019 0.000603 0.000201 0.000216 0.000166 0.000376 -0.000397 -0.000437 0.001333 0.000235 0.000106 -0.000083 0.000029 0.000128 -0.000260 0.000035 -0.000211 0.000174 0.000138 0.000187 -0.000107 0.000635 -0.000311 0.000135 -0.001991 0.007021 0.007201 0.016473 -0.005969 0.001673 0.000673 0.004266 0.003651 -0.001786 0.005764 0.001160 -0.003739 -0.006951 -0.001586 -0.001874 0.000417 -0.002204 0.003896 0.004382 -0.003775 0.001977 
0.000008 -0.000097 -0.000497 0.000056 0.000461 -0.000923 -0.000070 -0.000096 0.000048 0.000081 -0.000096 -0.000040 0.000022 -0.000077 -0.000007 0.000252 -0.000144 -0.000088 0.000300 -0.000044 0.000091 -0.000058 -0.000106 -0.000535 -0.000022 0.000365 0.000858 0.000243 -0.000142 -0.001474 0.000370 0.000162 0.002644 0.000944 0.003730 -0.003415 0.001910 0.000492 -0.001709 0.006507 0.014266 0.017004 -0.007551 -0.000375 0.002841 -0.000954 0.004003 -0.000154 -0.001929 0.001328 -0.004096 -0.000870 -0.006843 0.001709 0.000360 -0.002204 0.003896 0.004382 -0.003775 0.001977 
0.000000 0.003011 0.001375 -0.003878 0.000058 0.000857 0.000546 0.000208 -0.000066 -0.002088 0.000255 0.001962 0.000226 -0.001067 -0.002708 0.006365 0.000979 0.000309 0.001613 -0.004687 0.000920 0.001710 -0.000237 0.000567 0.002642 0.000580 0.004277 0.000060 0.006648 0.001857 -0.001839 -0.000059 0.004586 0.003115 -0.002669 0.004670 -0.002664 -0.000987 0.003230 0.004871 0.003636 -0.000058 -0.002622 0.002841 0.002091 0.002291 0.002899 -0.002989 -0.001074 -0.000693 -0.000870 -0.006843 0.001709 0.000360 0.003278 0.003501 0.004382 -0.003775 0.001977 0.000942 
-0.000532 -0.001814 -0.002129 -0.000342 -0.001843 0.001326 -0.000546 0.004478 0.000131 0.004306 0.002677 -0.002587 0.000248 -0.001185 0.004261 -0.003228 0.006684 -0.012574 0.002912 -0.000562 -0.000301 0.011528 0.000603 0.001935 0.000810 0.000184 0.002207 0.007056 -0.009489 -0.002360 0.017226 0.010872 0.006246 -0.005047 0.001635 -0.004910 -0.004085 -0.005127 0.000731 0.004996 0.006517 0.003689 0.004063 -0.001634 0.004405 0.000218 0.000148 0.003296 -0.001074 -0.000693 0.000873 -0.007346 -0.001519 0.000360 0.003278 0.003501 0.001403 -0.003775 0.001977 0.000942 
-0.000064 0.000556 -0.000184 0.000290 -0.000696 -0.000025 -0.000048 0.001101 -0.001521 -0.001696 0.001329 -0.003669 -0.001773 0.000985 -0.003535 0.000084 0.002843 0.004516 -0.004638 -0.000460 0.002684 -0.000247 -0.005688 -0.010480 0.004850 -0.004263 -0.001162 -0.003677 -0.001997 0.000815 0.003918 0.000436 0.002399 -0.006368 -0.001988 0.008591 -0.004652 -0.000769 0.005591 0.000557 0.005894 0.003195 0.008140 0.002075 0.002612 -0.000145 0.002012 -0.002966 -0.000162 0.005515 -0.007346 -0.001519 -0.000510 0.003278 0.003501 0.001403 -0.004569 0.001977 0.000942 0.000000 
-0.000068 0.001011 -0.000548 0.000924 0.000412 0.000024 0.000210 -0.001751 0.006341 0.000183 -0.000396 0.002851 0.000309 0.000000 0.009155 0.001877 -0.004570 0.009672 -0.002313 0.001666 0.001776 0.004250 -0.003572 -0.001020 -0.005845 0.003673 -0.002449 0.004783 0.008693 0.000080 0.005186 0.004584 -0.002005 -0.003815 -0.002909 -0.000315 -0.002131 -0.011675 0.002288 0.005717 0.008440 0.008750 0.000987 -0.000895 0.002012 0.002441 -0.000204 0.005515 0.000500 0.006966 -0.000510 -0.000318 0.003501 0.001403 -0.004569 0.001977 0.000942 0.000000 0.000000 0.000000 
0.000324 -0.000105 -0.000506 -0.000385 0.000481 0.000394 0.001574 0.001141 -0.004854 0.009591 0.001372 0.007938 0.013753 0.001356 -0.003937 -0.001286 0.000131 -0.002093 0.007508 0.004340 0.003283 -0.003321 0.000755 0.011898 -0.015163 0.000760 0.001373 -0.000652 -0.000718 -0.003715 0.001037 0.000273 0.004134 0.001608 -0.004248 0.005964 -0.005624 0.004879 0.006976 0.002846 0.010561 -0.003451 -0.002298 0.002154 0.004502 -0.000204 0.015145 0.000500 0.006966 -0.008083 -0.000318 0.005832 0.001403 -0.004569 0.001977 0.000942 0.000000 0.000000 0.000000 0.000000 
-0.000410 0.000013 0.000186 0.000260 -0.000923 -0.000197 0.000215 0.006629 0.004304 -0.003977 0.000568 0.010398 -0.007072 0.007015 -0.001350 -0.000923 0.008194 0.008661 -0.004552 0.002090 0.002453 0.002952 0.002113 0.000896 0.002484 0.001539 -0.000292 0.004767 0.007761 0.003659 -0.001387 -0.001779 -0.001633 0.007413 0.004883 0.002159 -0.000765 -0.002578 0.000623 0.003091 -0.001864 -0.000534 0.002392 0.000000 0.017901 0.002401 0.003544 -0.008083 0.001106 0.005832 0.003795 -0.004569 -0.002589 0.000942 0.000000 0.000000 0.000000 0.000000 0.000000 0.000000 
0.000011 0.000027 -0.000087 -0.000028 -0.000041 -0.000110 -0.000282 -0.000769 0.004509 -0.000211 0.002596 0.002649 0.000586 -0.005567 -0.001048 -0.000821 0.002466 0.000171 0.000964 -0.002026 0.002854 -0.002361 0.006385 -0.001924 -0.001624 0.001728 0.002721 0.007999 -0.001565 0.005471 -0.005198 0.000259 0.000375 0.005595 -0.002139 0.000159 -0.003613 0.000739 0.001600 -0.002945 -0.002776 0.002353 0.017901 -0.004930 0.003544 -0.002109 0.001106 0.005832 0.003795 -0.004569 -0.002589 0.000942 0.000000 0.000000 0.000000 0.000000 0.000000 0.000000 0.000000 0.000000 
0.001083 0.000529 0.000016 0.000336 -0.000674 -0.000152 -0.000523 -0.000228 -0.000019 0.000115 -0.000406 -0.000837 0.001407 -0.000567 0.000440 -0.000596 -0.002992 0.000570 -0.001117 -0.002358 0.004894 0.011279 0.000708 0.008666 0.000803 0.008595 -0.000456 0.003655 0.008191 0.008119 0.002010 0.004828 0.005053 0.008169 -0.001733 -0.006002 0.009764 -0.004789 -0.005415 -0.000077 0.004739 -0.004048 -0.001173 -0.002109 0.001106 0.005718 0.003795 -0.004569 -0.002589 0.000942 0.000000 0.000000 0.000000 0.000000 0.000000 0.000000 0.000000 0.000000 0.000000 0.000000 
0.000211 -0.000131 0.000169 0.000400 0.000131 -0.000105 0.000610 0.001197 0.000500 0.000041 -0.000942 0.001069 -0.001163 -0.000155 0.000129 -0.000063 -0.000461 0.000338 0.000688 0.010407 0.007544 0.002760 -0.002946 -0.001890 0.003013 0.009921 0.008450 0.000639 -0.002160 -0.002124 0.009742 0.002428 -0.002111 0.001677 -0.000642 -0.006121 0.001845 0.002411 -0.000273 -0.004048 0.003802 0.012939 -0.003795 0.005718 0.003795 -0.003136 -0.002589 0.000942 0.000000 0.000000 0.000000 0.000000 0.000000 0.000000 0.000000 0.000000 0.000000 0.000000 0.000000 0.000000 
-0.000135 0.000155 -0.000099 0.000312 -0.000140 0.000289 -0.000516 0.001752 0.000457 -0.000142 -0.000119 0.002041 -0.000252 0.001239 -0.000172 -0.000329 -0.001775 -0.000259 0.000141 0.000000 0.000567 -0.003284 0.000897 0.001106 0.003007 0.000917 -0.000364 -0.001063 -0.001040 -0.001134 0.001524 0.001965 0.000688 0.004315 0.005806 0.002411 0.001216 -0.000574 0.003802 0.012939 -0.003795 -0.002936 0.001116 -0.003136 -0.002589 0.000942 0.000000 0.000000 0.000000 0.000000 0.000000 0.000000 0.000000 0.000000 0.000000 0.000000 0.000000 0.000000 0.000000 0.000000 
-0.001624 0.000412 0.000374 -0.000222 0.000033 -0.000361 -0.001008 0.001359 0.000293 0.000809 0.000105 0.002093 -0.000055 0.000353 0.000480 -0.000999 -0.000444 0.000057 -0.000068 0.000138 0.000689 0.001112 0.000770 0.000770 0.007974 0.002936 0.003561 -0.011039 0.000687 -0.002846 0.001595 0.002473 0.004810 0.000071 0.000664 -0.004167 0.006645 0.006880 -0.000076 -0.002936 0.001116 -0.003136 -0.002589 0.000942 0.000000 0.000000 0.000000 0.000000 0.000000 0.000000 0.000000 0.000000 0.000000 0.000000 0.000000 0.000000 0.000000 0.000000 0.000000 0.000000 
-0.000492 -0.000769 -0.000252 0.000244 0.000191 0.000053 0.000522 0.000354 0.000000 -0.000788 -0.000270 -0.000503 0.001044 0.001584 0.000882 0.000477 0.001916 0.000297 0.000131 0.000162 0.000088 0.000316 0.000304 0.000061 0.000823 -0.007770 0.002866 0.004569 -0.007499 -0.001916 0.003297 0.002606 -0.007420 -0.000428 0.000755 0.001028 -0.004840 0.000475 -0.002666 0.002036 -0.004470 0.005516 0.001116 -0.003136 -0.002589 0.000942 0.000000 0.000000 0.000000 0.000000 0.000000 0.000000 0.000000 0.000000 0.000000 0.000000 0.000000 0.000000 0.000000 0.000000 
-0.000241 0.000269 0.001678 0.000712 -0.001536 0.000799 -0.000136 0.000556 -0.000006 -0.000759 -0.000091 -0.000681 -0.000682 0.000182 0.000680 0.001439 -0.000661 0.001442 0.000627 -0.000318 0.000000 0.000730 0.000284 0.000365 0.000511 -0.000256 0.000087 -0.001700 0.000597 -0.000850 -0.000806 0.000753 0.006701 0.000562 -0.001197 0.001172 -0.000492 -0.001829 -0.003010 0.003805 -0.003031 0.003720 -0.001606 -0.004470 0.005516 0.002388 -0.000929 -0.002589 0.000942 0.000000 0.000000 0.000000 0.000000 0.000000 0.000000 0.000000 0.000000 0.000000 0.000000 0.000000 
-0.000649 0.002279 0.003280 0.000960 -0.001417 -0.001017 -0.000469 0.000390 -0.000638 -0.000431 -0.000710 0.000008 0.000154 -0.000382 -0.000127 -0.001318 -0.000452 -0.000791 0.001169 -0.000705 -0.002344 -0.001958 -0.000267 -0.000247 0.000472 0.000605 0.000318 -0.000308 0.000206 -0.000249 0.000000 -0.000148 -0.000056 0.000702 0.002207 -0.000386 -0.000229 0.000378 -0.001259 0.003436 -0.003010 -0.003441 -0.000375 0.003720 -0.001606 0.007820 0.005516 0.002388 -0.000929 -0.002589 0.000942 0.000000 0.000000 0.000000 0.000000 0.000000 0.000000 0.000000 0.000000 0.000000 
-0.000342 -0.000999 -0.001650 0.000352 0.001284 -0.004379 -0.003366 -0.000366 -0.000621 -0.000100 -0.000188 0.001398 -0.000170 0.000588 0.000534 0.000188 -0.000344 -0.000044 -0.000367 0.001024 0.000924 0.001605 -0.000932 0.000107 0.000028 0.000294 0.000808 0.000642 -0.000206 0.000261 -0.000400 -0.000019 0.001031 -0.001240 0.003953 0.000777 0.000741 -0.001347 0.000878 0.003922 0.006351 0.005507 0.002531 -0.005045 -0.000375 0.005771 0.004478 0.007820 0.002731 0.002388 -0.000929 -0.002589 0.000942 0.000000 0.000000 0.000000 0.000000 0.000000 0.000000 0.000000 
-0.000089 -0.000818 0.001510 -0.001247 -0.001166 -0.000437 -0.000530 -0.003039 -0.000591 0.002734 0.003653 0.000842 -0.001429 0.001423 0.001507 0.000677 0.000072 0.000454 0.000155 -0.000321 -0.000198 -0.000113 0.000240 0.000531 -0.000659 -0.000505 0.000297 -0.001899 -0.001464 0.000386 0.000923 0.000100 0.002324 0.000595 0.000486 0.000466 0.002650 -0.001696 0.001722 0.000200 0.001684 0.000442 0.001555 0.002671 -0.002600 -0.010961 0.002385 0.000786 0.004478 -0.002577 0.002731 0.003812 -0.000929 -0.000616 0.000942 0.000000 0.000000 0.000000 0.000000 0.000000 
-0.000109 -0.000941 0.001544 0.000651 0.000293 0.002825 -0.000549 -0.000099 -0.000325 -0.001915 -0.000237 -0.000351 0.000155 -0.000951 -0.000448 0.000454 -0.000482 0.000915 -0.000094 0.000126 0.000110 0.000117 0.000341 0.000895 0.002368 0.001372 0.000023 -0.001702 0.000123 -0.000709 0.001787 0.002211 0.001223 0.001783 0.000530 -0.000916 0.000125 -0.001316 -0.001834 -0.000419 -0.000607 -0.000842 0.005207 0.005449 0.002671 -0.003358 -0.010961 -0.002849 0.000786 0.004478 -0.002577 0.002731 0.003812 -0.000929 -0.000616 0.000942 0.000000 0.000000 0.000000 0.000000 
0.000251 -0.001003 0.001513 0.000326 0.000707 0.000393 0.000884 0.000577 -0.000953 -0.000152 0.000569 -0.000240 -0.000784 -0.000615 0.001393 -0.001030 -0.000447 0.000000 -0.001912 -0.000531 -0.000271 -0.000240 0.000274 0.000471 -0.000425 0.000865 -0.001064 0.000760 0.001783 0.000553 0.002214 -0.000708 0.000400 -0.000213 0.000111 0.001010 -0.000689 0.000652 0.000293 -0.000576 -0.000521 0.000205 0.000526 0.003172 0.005207 0.000634 0.002522 -0.003358 0.001749 -0.002849 -0.005704 -0.001857 -0.002577 0.006477 0.003812 -0.000929 -0.000616 0.000942 0.000000 0.000000 
0.000354 0.000923 -0.001049 -0.000653 -0.001065 -0.000491 0.000046 -0.001247 -0.000150 0.000018 -0.000515 -0.001499 -0.000163 -0.000232 -0.001312 0.000288 -0.000257 0.002407 0.000617 -0.002401 -0.002116 -0.000428 0.001770 0.001364 -0.000104 -0.000202 -0.001030 -0.000321 -0.000870 0.000462 -0.000133 -0.000794 -0.000649 -0.000034 -0.000117 -0.000157 0.000755 0.001067 0.000642 0.000181 -0.000228 0.003243 0.001309 0.004210 0.005098 0.005125 0.008222 0.000357 0.005427 0.004935 -0.000351 -0.005704 -0.001857 0.000216 0.006477 0.003812 -0.000929 -0.000616 0.000942 0.000000 
-0.000611 0.001036 -0.001941 -0.003444 -0.002480 -0.000515 0.000311 -0.000345 -0.000841 -0.000344 -0.000078 -0.000514 -0.001027 -0.001290 -0.001846 0.000478 0.001035 -0.000506 0.000176 0.000885 0.000141 0.000860 0.000377 -0.000999 0.000098 0.000000 0.000535 -0.000682 -0.000324 -0.000863 -0.000248 -0.000508 0.002041 0.001926 0.002816 0.000000 0.001313 0.000509 0.000614 0.000122 -0.000618 -0.000502 0.000477 0.001058 -0.002368 -0.001927 0.010288 -0.002650 -0.004144 0.001006 0.004935 -0.000351 0.002842 0.001083 0.000216 0.006477 0.003812 -0.000737 -0.000616 0.000942 
0.001255 0.001507 -0.000159 -0.000062 -0.000763 -0.000221 -0.001183 -0.000319 -0.000158 -0.002653 0.000728 0.000255 0.000226 -0.000944 -0.000813 0.001506 -0.000067 -0.000965 -0.000832 0.000475 -0.000637 0.000554 0.001273 -0.000111 -0.000631 -0.001129 -0.001087 0.000428 0.000347 0.000668 0.001573 0.000677 -0.000087 -0.002150 -0.000268 0.000732 -0.000183 0.000244 0.000435 0.000840 -0.000970 -0.001193 0.000477 -0.002267 0.003030 0.006271 0.000115 -0.002650 -0.004144 0.001006 0.003886 0.013001 0.002842 0.001083 0.000216 0.006477 -0.001955 -0.000737 -0.000616 0.000942 
0.000314 -0.000830 0.000210 0.000436 0.000042 0.002059 0.001125 0.000104 0.000716 0.000126 0.000444 0.002748 0.000852 -0.000505 0.000392 -0.000183 0.001472 0.000785 -0.001111 -0.000212 0.001273 0.000098 0.001190 0.002618 -0.000274 -0.000387 -0.000107 -0.000424 0.000250 -0.000021 0.002244 0.003132 0.000671 -0.002934 -0.003912 -0.000018 -0.000090 0.000047 0.000281 -0.000171 -0.000125 -0.000766 -0.000574 -0.000542 0.001627 0.002212 -0.000471 0.004008 0.000000 -0.004025 -0.000299 0.003886 0.013001 0.002842 -0.000116 0.001440 0.003160 -0.001955 -0.000737 -0.000616 
0.000046 -0.000101 0.000899 0.000074 0.000257 0.001120 -0.001323 -0.001038 0.000414 0.000670 -0.000848 -0.000171 0.000976 -0.000026 -0.001979 -0.001218 -0.000158 0.000017 0.001265 0.001266 -0.000167 -0.000545 -0.000379 -0.000918 -0.001453 -0.000509 -0.000223 -0.000257 -0.000123 0.000332 0.001417 -0.000049 -0.000943 0.000043 -0.000430 -0.001304 -0.000201 0.000017 0.000105 -0.000403 -0.000202 -0.000844 -0.000188 -0.001527 -0.000443 -0.001729 -0.000667 -0.001178 -0.003029 0.002175 0.005114 0.000260 0.002258 -0.002571 -0.000116 0.001440 0.003160 -0.001955 -0.000737 -0.000616 
-0.000498 0.000170 0.000517 0.001043 0.000474 -0.000522 -0.000472 -0.000958 0.001183 0.003530 -0.002999 -0.000833 -0.001068 0.001899 0.000847 -0.001118 -0.001722 -0.002234 0.000609 -0.001586 -0.000900 -0.000885 -0.000312 -0.000410 -0.000242 0.000313 0.000583 -0.000105 0.000138 0.000279 0.000106 0.000091 0.001370 0.001411 0.001030 -0.000992 0.001458 0.000465 0.000664 -0.000034 -0.000526 0.000172 -0.000852 -0.001835 0.000194 -0.000491 -0.002287 0.001707 0.001209 -0.004208 0.005114 0.000260 0.002258 -0.002571 -0.000116 0.001440 0.003160 -0.001955 -0.000737 -0.000616 
-0.000940 -0.000098 0.000025 -0.000128 0.000486 0.000598 0.002026 0.002369 0.002775 0.000508 -0.017976 -0.009108 0.001060 -0.000297 0.000979 0.000491 -0.001680 0.000985 0.001112 -0.000618 0.000257 -0.000911 -0.000747 -0.000581 -0.000632 0.000354 -0.000537 -0.000414 -0.000256 -0.000232 0.000034 0.000568 -0.000309 -0.000577 -0.001345 -0.002340 -0.001193 -0.000222 0.000006 -0.000096 0.001024 0.000289 0.001845 -0.000369 -0.001822 -0.001038 0.002812 0.001440 0.001209 -0.004208 -0.007183 -0.000912 0.002197 0.003562 -0.001130 0.004457 0.003160 -0.001955 -0.000737 -0.000616 
0.001297 0.000530 0.000454 -0.000636 -0.000034 0.000586 0.000450 -0.000494 0.000519 -0.004354 0.000688 0.001326 -0.000183 0.000553 -0.000809 0.000428 0.000542 0.000318 0.001611 0.000365 -0.001551 0.001373 0.001935 0.000382 -0.000842 -0.000481 -0.000172 0.000113 0.000171 0.000198 -0.000196 -0.000706 -0.000831 -0.000200 -0.000907 0.000924 0.001910 0.000061 0.000452 0.000011 0.000567 0.000953 -0.001229 -0.001527 0.000204 0.002812 0.001440 0.003018 -0.000693 0.003573 0.003424 0.002197 0.003562 -0.001130 0.004457 -0.000508 0.003864 -0.000737 -0.000616 0.000942 
0.000752 0.000793 0.000592 0.000292 0.000295 0.000270 0.000393 0.000820 -0.000027 -0.000425 -0.003448 -0.000628 -0.002937 -0.002713 -0.002543 -0.000063 -0.001436 0.000216 -0.000023 0.000804 -0.000473 -0.004282 -0.002559 0.002248 -0.000108 -0.000693 0.000590 0.000077 -0.000049 -0.000198 -0.000363 0.000126 -0.000537 -0.001488 -0.001446 -0.000428 0.000140 -0.000646 -0.000007 0.000420 -0.000076 -0.000353 -0.002113 0.000038 -0.001198 -0.001972 -0.000331 0.004286 0.003573 0.003424 0.002076 0.002049 -0.001130 0.004457 -0.000508 0.003864 -0.000737 -0.000616 0.000942 0.000000 
0.000937 -0.000384 -0.001877 -0.002319 -0.000864 0.000234 -0.001930 -0.000663 -0.005374 -0.049754 -0.030830 0.000966 0.000358 0.000815 0.002425 -0.001509 0.000679 0.000199 0.000725 -0.000416 -0.000466 -0.000062 -0.001162 -0.001823 0.001332 -0.000172 -0.000530 -0.000081 -0.000013 -0.000063 -0.000532 0.000981 0.001330 -0.000581 -0.000652 -0.000170 -0.000601 0.001067 -0.000346 0.000562 0.000358 -0.000219 -0.000260 -0.000222 -0.006715 -0.005001 0.004286 0.000416 0.002265 0.001411 0.002049 -0.001192 -0.003238 -0.000508 0.003864 0.004716 -0.000616 0.000942 0.000000 0.000000 
-0.000022 0.000933 -0.000351 0.000634 0.000128 0.000501 0.000531 0.002208 0.000601 -0.001611 0.001075 -0.000176 -0.000299 -0.000848 0.000799 0.001788 -0.000220 0.000327 -0.003421 -0.003848 0.000575 -0.000572 -0.002912 -0.001669 0.000270 0.000011 -0.000180 -0.000187 0.000275 -0.000646 0.000089 -0.000493 -0.000216 -0.001059 0.000558 0.000669 -0.000461 0.000194 -0.000109 0.000474 -0.000809 -0.001319 -0.000411 -0.001450 -0.005001 0.000629 0.001895 0.002265 0.001411 0.004166 -0.001192 -0.003238 -0.000508 0.003864 0.004716 -0.000616 0.000942 0.000000 0.000000 0.000000 
0.000808 0.001336 0.001374 0.003054 0.000577 -0.000223 0.000474 0.000472 0.000593 0.000648 0.000068 0.000030 -0.002061 0.001772 0.000988 -0.001901 -0.001287 0.001098 -0.002154 0.000758 0.002395 0.000044 0.000819 0.000707 -0.000079 0.000524 -0.000115 -0.000535 -0.000133 0.000342 0.001829 0.002907 -0.000712 0.000530 0.000529 0.000721 0.000389 0.000810 -0.000450 -0.002648 -0.001713 -0.002137 0.000082 0.000475 0.009573 0.006394 -0.005875 -0.001488 0.004166 0.006996 -0.003238 0.001109 0.003864 0.004716 -0.000616 0.000942 0.000000 0.000000 0.000000 0.000000 
-0.002063 -0.001835 0.002795 0.000507 -0.000363 0.000458 -0.000949 -0.001245 -0.000410 -0.000495 -0.000875 -0.000323 0.001058 -0.000009 0.001105 -0.000346 -0.001375 -0.000488 0.000982 -0.000628 0.000444 0.000317 -0.001146 -0.000457 0.000191 -0.000533 -0.000287 0.000100 0.000186 -0.000505 -0.001228 -0.000568 0.001053 -0.000352 0.000764 0.000844 0.000007 -0.001219 -0.001319 0.000903 0.003860 -0.004306 -0.004905 0.006394 0.000798 -0.001488 0.000701 0.006996 -0.003208 0.001109 0.003038 0.004716 0.011704 0.000942 0.000000 0.000000 0.000000 0.000000 0.000000 0.000000 
-0.000458 0.000007 -0.000158 0.000645 -0.000159 -0.000368 0.000102 0.001070 0.000844 -0.001317 0.001744 -0.001407 0.000639 0.000682 -0.001201 -0.004086 0.000681 0.001067 0.001349 -0.000076 -0.000657 -0.001081 -0.000426 0.000373 -0.000432 -0.000478 -0.000381 0.000389 -0.000396 0.000803 0.000318 0.000810 0.001287 0.001667 0.000150 -0.000363 0.000028 -0.001216 -0.004102 0.000802 -0.004866 -0.001913 -0.001851 -0.005621 0.000701 0.002546 -0.003208 0.003002 0.003038 0.004716 0.011704 0.000942 0.000000 0.000000 0.000000 0.000000 0.000000 0.000000 0.000000 0.000000 
0.001306 0.001345 0.001233 0.000018 -0.000788 0.002316 0.001761 0.000106 0.000489 0.000361 0.001668 0.000338 -0.001575 0.000043 -0.002312 -0.000974 -0.000963 0.000296 -0.001306 0.000647 0.000047 -0.000518 0.000177 0.000268 0.000018 0.000508 0.000047 -0.000791 -0.000093 0.000351 0.000851 0.000297 0.000074 0.001298 0.001550 0.000223 0.000797 0.005493 0.002200 -0.007834 -0.001851 0.000565 -0.001384 0.002546 0.006306 0.003002 0.003038 0.004716 0.011704 0.000942 0.000000 0.000000 0.000000 0.000000 0.000000 0.000000 0.000000 0.000000 0.000000 0.000000 
-0.003976 0.000383 -0.001585 -0.000825 -0.000432 0.001179 -0.000522 -0.000486 -0.000425 -0.000070 -0.000503 0.000793 0.000086 0.001034 -0.001168 0.001406 -0.000973 -0.001312 0.000051 0.000456 -0.000009 -0.000040 -0.000578 0.000234 0.000650 -0.000069 -0.001090 -0.000230 0.001927 -0.000544 -0.000069 0.000008 0.001463 0.000701 -0.000127 0.000284 0.000182 0.002491 0.000826 0.000565 -0.000727 -0.003173 0.006306 0.003002 0.003038 0.008579 0.011704 0.000942 0.000000 0.000000 0.000000 0.000000 0.000000 0.000000 0.000000 0.000000 0.000000 0.000000 0.000000 0.000000 
0.002687 0.001159 0.001511 -0.003384 0.001506 -0.000131 -0.000049 0.001149 0.001267 -0.001774 -0.000709 -0.001029 0.000067 -0.000819 0.000360 -0.000609 0.000557 0.000271 -0.000110 0.000128 0.000085 -0.000765 0.000083 0.000787 -0.000672 0.000559 0.000678 -0.000155 0.000221 0.000253 -0.001444 0.001511 -0.009286 -0.001374 -0.002018 0.003510 0.004253 0.009815 -0.004824 -0.000907 0.001669 -0.000345 0.008579 0.011704 0.000942 0.000000 0.000000 0.000000 0.000000 0.000000 0.000000 0.000000 0.000000 0.000000 0.000000 0.000000 0.000000 0.000000 0.000000 0.000000 
0.000942 0.011704 0.008579 -0.000345 0.001669 -0.000907 -0.004824 0.009815 0.004794 -0.003029 0.000045 -0.002407 -0.002636 0.003464 -0.001122 -0.001452 -0.000948 -0.000079 0.000014 0.000005 0.000281 0.000274 0.000366 -0.001508 -0.000582 0.000475 0.000105 -0.000514 -0.000788 -0.000132 0.000069 -0.000022 -0.002091 0.000559 0.003596 0.001222 0.000602 0.001703 -0.000987 0.000929 -0.000745 0.001961 -0.001442 0.000629 0.000000 0.000000 0.000000 0.000000 0.000000 0.000000 0.000000 0.000000 0.000000 0.000000 0.000000 0.000000 0.000000 0.000000 0.000000 0.000000 
0.000942 0.011704 0.008579 -0.000345 -0.000954 0.003546 0.001261 -0.002121 -0.008666 0.002757 -0.005241 0.001491 0.003233 0.002651 -0.002584 -0.001388 -0.001136 -0.001640 -0.000025 0.000184 -0.000144 0.000053 -0.000309 0.000867 -0.000142 -0.000111 0.000092 0.000229 0.000183 0.000181 0.000575 0.001881 -0.000299 -0.001633 0.000132 -0.000212 0.003398 -0.001748 0.000691 0.000720 0.000515 0.002284 -0.000777 0.002348 0.002234 -0.002899 -0.001168 0.000000 0.000000 0.000000 0.000000 0.000000 0.000000 0.000000 0.000000 0.000000 0.000000 0.000000 0.000000 0.000000 
0.000942 0.011704 0.008579 0.009087 -0.000954 0.003546 0.001261 -0.000125 -0.002213 0.001498 -0.005241 0.004902 0.003072 0.000628 0.004819 -0.000252 -0.000150 -0.000674 0.001586 0.000280 0.000354 0.000619 0.000024 -0.000838 0.000350 0.000221 0.001014 0.001945 -0.000238 -0.000340 -0.000172 -0.000602 -0.000153 0.000522 -0.000433 0.000320 -0.000211 0.000377 -0.001166 -0.000138 0.000713 -0.001734 0.001956 -0.000245 -0.000093 -0.002206 0.001172 0.000336 0.000196 0.000000 0.000000 0.000000 0.000000 0.000000 0.000000 0.000000 0.000000 0.000000 0.000000 0.000000 
0.000942 0.011704 0.002330 0.009087 -0.000954 0.005715 0.002982 -0.001065 -0.000218 0.001243 0.004284 0.011323 0.008178 -0.000569 -0.002484 0.006556 0.005473 0.004315 0.000082 0.000143 0.000338 -0.000023 0.000060 -0.000112 0.000039 0.000330 0.000300 0.001432 -0.000065 0.000520 -0.001299 0.000252 -0.000157 0.000422 -0.000006 0.000152 0.000167 0.000484 0.000464 -0.000614 -0.000849 0.001063 0.001126 0.000363 -0.000501 -0.000476 0.007268 -0.000406 0.002829 0.008760 0.001700 0.000000 0.000000 0.000000 0.000000 0.000000 0.000000 0.000000 0.000000 0.000000 
0.000942 0.011704 0.002330 0.009087 -0.005158 0.005715 0.005084 -0.001065 -0.001174 -0.002634 0.004284 0.005170 0.005747 0.000606 -0.001852 -0.002073 -0.002818 0.005034 -0.005356 0.001255 -0.001606 0.000613 -0.000823 0.000186 -0.000069 0.000137 0.000387 0.000325 0.000152 0.000862 -0.000629 0.002134 0.003279 0.001825 -0.000116 0.000361 -0.000214 0.000082 0.000419 -0.000638 0.004711 0.000525 -0.001288 0.000974 -0.000962 0.002807 -0.000454 0.000697 0.002203 0.000330 0.001817 0.003737 0.002833 0.000000 0.000000 0.000000 0.000000 0.000000 0.000000 0.000000 
0.000942 0.012223 0.002330 0.000124 -0.005158 -0.004068 0.005084 0.004429 -0.001174 -0.006118 -0.003134 0.003601 0.002559 -0.004249 -0.002040 -0.002292 0.001131 0.003415 -0.005962 0.000899 0.002813 -0.003029 -0.000964 0.000609 0.000095 -0.000274 0.000171 0.000208 0.000064 0.000363 0.000519 -0.000217 -0.000703 -0.000987 0.000635 0.000227 0.001891 0.000253 0.001418 0.000809 0.001375 0.000562 0.003049 -0.000489 0.005775 -0.000037 0.011196 -0.005074 -0.002791 0.001272 -0.004028 0.001475 0.005031 -0.010841 0.003506 0.000000 0.000000 0.000000 0.000000 0.000000 
0.000942 0.012223 0.002330 0.000124 -0.005158 -0.004068 0.010269 0.004429 -0.001619 -0.006118 -0.002037 0.009914 -0.003864 -0.009116 0.003836 -0.003104 -0.000941 0.001051 0.001869 -0.006037 -0.001492 -0.003405 0.002272 0.001506 0.006146 -0.001182 -0.000031 -0.000812 -0.000816 -0.000810 0.000288 0.000810 0.000227 0.000076 0.000233 0.000406 -0.000080 0.000033 -0.000162 0.001671 -0.002113 0.001403 0.000318 -0.000832 -0.002292 -0.001536 0.002579 -0.002171 -0.003535 0.002898 0.009384 0.003097 0.003384 -0.001334 0.002774 -0.005255 0.000640 0.000000 0.000000 0.000000 
0.000942 0.012223 0.002330 0.000124 0.006109 -0.004068 0.010269 -0.001870 -0.001619 -0.004885 -0.004989 0.009914 -0.004071 -0.003575 0.007385 -0.001333 -0.002477 0.001171 0.002262 -0.002424 -0.002530 0.006234 0.001820 0.005309 0.014582 0.000695 0.000149 0.000528 -0.002909 -0.000063 -0.000508 -0.000254 0.001130 0.000642 -0.000293 -0.000201 -0.000114 0.000876 -0.000018 -0.000152 0.000061 -0.000841 0.000801 0.000404 -0.000271 -0.000646 -0.001805 -0.004898 0.003017 -0.005946 0.001144 0.001273 0.000399 0.008211 -0.000822 0.005040 -0.001828 0.005057 0.000000 0.000000 
0.000942 0.012223 0.002330 0.000124 0.006109 -0.004683 0.010269 -0.001870 0.003764 0.000379 -0.004989 0.015276 -0.005411 -0.001577 0.007150 0.003789 0.000177 0.004096 0.005064 0.002422 -0.000908 -0.001863 0.001480 0.007298 0.005387 0.001379 0.008749 -0.005234 0.007310 0.002412 0.002667 -0.000671 -0.000154 -0.001223 0.000150 -0.000640 0.000119 0.000652 -0.000043 -0.000144 -0.000833 0.000681 -0.000334 0.000347 -0.000401 -0.000902 -0.000681 0.000670 0.002075 0.000288 -0.000158 0.000209 -0.002121 -0.003838 0.001300 0.001051 -0.000482 -0.005631 0.005891 0.000000 
0.000942 0.012223 -0.000060 0.000124 0.006109 -0.004683 0.009486 -0.000270 0.006925 0.000379 -0.000394 0.006893 -0.000616 -0.002494 0.005715 0.001868 0.003434 0.003598 -0.009456 -0.000312 0.001408 -0.000059 -0.000198 -0.003040 0.001283 -0.000706 -0.004096 -0.001211 0.003934 0.000251 0.001820 0.001364 -0.001560 0.000429 0.000512 0.001181 0.000422 0.000235 -0.001122 -0.000303 0.001157 0.001822 -0.000539 0.000835 -0.000124 -0.000315 0.001444 0.000411 0.001280 -0.000095 0.001399 0.000177 -0.000036 0.000419 -0.000257 0.000065 -0.000429 0.000413 0.002265 0.002253 
0.000942 0.012223 -0.000060 -0.003752 0.006109 -0.004683 0.009486 -0.000270 0.006925 0.010213 -0.008127 0.001317 -0.000616 -0.002494 0.004563 0.004868 0.003822 0.006793 -0.003818 0.002231 -0.000405 0.004306 0.005414 -0.006759 0.004499 -0.002284 -0.008050 -0.001681 0.001188 0.005168 0.001975 0.004351 0.001343 -0.001344 0.000073 0.000210 -0.000455 0.000155 0.001000 -0.000525 0.001789 -0.000166 0.000241 0.000731 0.000728 0.000911 -0.000309 0.000136 -0.000490 0.000798 0.000639 0.000827 -0.001179 -0.000943 -0.000536 0.002516 -0.000660 0.000285 0.000883 0.000380 
0.000942 0.012223 -0.000060 -0.003752 0.007178 0.000494 0.003838 -0.002824 0.006925 0.010213 -0.008127 0.001317 0.000751 -0.001191 0.005047 -0.005164 0.002778 0.003955 -0.004520 -0.004386 -0.001845 0.003290 0.002002 0.001021 -0.002256 -0.007541 -0.003480 0.009472 0.001304 -0.000537 -0.000136 0.000352 -0.000801 -0.000379 -0.000260 0.000780 0.000285 0.000368 -0.000790 -0.000158 0.000121 0.000486 0.000035 0.000518 0.000543 0.000219 -0.000824 0.000599 -0.000407 0.000248 0.000511 -0.000222 0.000401 0.001255 0.000346 -0.000235 0.001133 -0.000023 0.000045 0.001075 
0.000942 0.012223 -0.000060 -0.003752 0.007178 0.000494 0.003838 -0.002824 -0.004385 -0.004280 -0.001291 0.002426 0.002355 0.000396 0.000860 0.001269 -0.003465 0.000207 -0.005128 0.001624 0.001241 -0.001011 0.004993 0.000899 -0.004607 0.001920 0.000124 0.003912 -0.002487 -0.001511 0.000166 0.000113 0.000218 0.000112 0.000051 0.000330 0.000159 0.000040 -0.000172 -0.000198 0.000769 0.001797 -0.000182 0.000431 0.000091 -0.000008 -0.000435 -0.000540 0.000285 -0.000792 -0.000374 0.000646 -0.000335 0.000218 0.000556 -0.000087 0.000278 0.000173 0.000129 0.000257 
