0.007515 0.004991 0.007665 0.019852 0.016197 0.006975 0.008270 0.013224 0.006866 0.007821 0.019649 0.013834 0.009100 0.011469 0.022161 0.003275 0.017616 0.020906 0.028819 0.004044 0.007851 0.010330 0.011308 0.009152 0.008545 0.001551 0.007417 0.005212 0.005476 0.006654 0.003770 0.001941 0.005375 0.002644 0.001066 0.006935 0.000807 0.002326 0.001866 0.002670 0.005635 0.008303 0.009249 0.008374 0.000878 0.003383 0.002493 0.002797 0.003237 0.008311 0.004712 0.004764 0.000601 0.003404 0.004158 0.005154 0.006386 0.011038 0.004441 0.001926 
0.007515 0.004991 0.007665 0.019852 0.016197 0.006975 0.008270 0.013224 0.011021 0.004669 0.012637 0.018626 0.017743 0.043952 0.022166 0.009676 0.030225 0.009347 0.043190 0.004311 0.016043 0.007165 0.005119 0.020523 0.018822 0.005558 0.017725 0.010088 0.003869 0.002577 0.003294 0.002623 0.006023 0.002328 0.005605 0.003414 0.003127 0.002195 0.004731 0.006929 0.001502 0.004412 0.000671 0.004664 0.007120 0.002108 0.003497 0.000766 0.011499 0.004952 0.008082 0.007069 0.001316 0.003899 0.004046 0.001997 0.005623 0.006294 0.006377 0.007049 
0.007515 0.004991 0.007665 0.019852 0.019042 0.004466 0.014099 0.020051 0.011021 0.004669 0.012637 0.018626 0.009198 0.040328 0.011199 0.009436 0.021303 0.007487 0.022201 0.007822 0.016266 0.010482 0.005071 0.018928 0.018693 0.009390 0.002251 0.011928 0.001212 0.002997 0.009792 0.001609 0.002531 0.005506 0.005884 0.002568 0.003508 0.003865 0.000592 0.002119 0.004597 0.001075 0.002826 0.002954 0.004580 0.003688 0.002084 0.002002 0.002041 0.008370 0.001758 0.001586 0.002050 0.003293 0.004959 0.004302 0.000789 0.001750 0.001329 0.007209 
0.007515 0.004991 0.007665 0.006863 0.019042 0.004466 0.014099 0.020051 0.011021 0.003516 0.017714 0.029464 0.009198 0.040328 0.009804 0.012044 0.007473 0.006996 0.016446 0.011103 0.008761 0.024376 0.007632 0.008582 0.002050 0.012933 0.007498 0.006647 0.001435 0.004910 0.001373 0.003095 0.001360 0.001218 0.010586 0.003444 0.004676 0.000973 0.002567 0.002591 0.002734 0.002956 0.002527 0.001448 0.002750 0.005015 0.002649 0.006631 0.005030 0.002102 0.003609 0.001621 0.002180 0.003963 0.001379 0.001331 0.000329 0.002232 0.001613 0.000663 
0.007515 0.004991 0.004340 0.006863 0.019042 0.004466 0.017480 0.002674 0.008837 0.003516 0.013780 0.014735 0.008951 0.008047 0.011037 0.025526 0.020088 0.007187 0.004130 0.023622 0.014674 0.012548 0.006299 0.015912 0.012740 0.016751 0.006716 0.004157 0.002223 0.005176 0.005435 0.001035 0.002783 0.006297 0.004696 0.003740 0.001094 0.000866 0.003978 0.003718 0.001163 0.003722 0.004059 0.002807 0.003129 0.004861 0.001118 0.001213 0.002070 0.001510 0.002245 0.003408 0.001436 0.002915 0.003732 0.001176 0.000170 0.003246 0.000854 0.000000 
0.007515 0.004991 0.004340 0.006863 0.019042 0.021076 0.017480 0.002674 0.002062 0.014258 0.013780 0.007021 0.017648 0.013587 0.008833 0.007397 0.012497 0.012692 0.006531 0.021126 0.006575 0.008764 0.008423 0.010619 0.022984 0.004933 0.004257 0.002226 0.003627 0.004009 0.004169 0.004042 0.007063 0.007409 0.003482 0.006914 0.009318 0.003213 0.003603 0.005452 0.009205 0.007459 0.003688 0.004412 0.001407 0.003749 0.003712 0.002259 0.002779 0.003810 0.000592 0.002331 0.006147 0.006103 0.001299 0.002530 0.005861 0.001661 0.000000 0.000000 
0.007515 0.004991 0.004340 0.006863 0.017000 0.021076 0.017480 0.006695 0.002062 0.011213 0.011895 0.007021 0.015002 0.007756 0.002888 0.001790 0.008606 0.009457 0.019399 0.017622 0.012366 0.006147 0.004949 0.021862 0.015662 0.011025 0.004214 0.003044 0.006904 0.004476 0.003495 0.001070 0.002711 0.003058 0.003305 0.004641 0.005682 0.006189 0.002429 0.006052 0.002213 0.003796 0.009256 0.009505 0.001830 0.004314 0.006591 0.004979 0.008416 0.002114 0.011337 0.003819 0.006377 0.018316 0.000915 0.001673 0.004844 0.000000 0.000000 0.000000 
0.007515 0.004991 0.004340 0.006863 0.017000 0.021076 0.008808 0.006695 0.007348 0.011213 0.021824 0.004855 0.015788 0.013981 0.004272 0.004359 0.007273 0.004335 0.007191 0.015820 0.012867 0.009316 0.003226 0.008083 0.019109 0.001458 0.001686 0.005197 0.006415 0.013880 0.011563 0.008592 0.006295 0.013028 0.012188 0.011499 0.001755 0.007789 0.011737 0.005800 0.016958 0.009387 0.007795 0.017647 0.016953 0.011744 0.030635 0.007239 0.005565 0.007360 0.013928 0.006674 0.009212 0.008566 0.008149 0.000000 0.000000 0.000000 0.000000 0.000000 
0.007515 0.016004 0.004340 0.010262 0.017000 0.018811 0.008808 0.008578 0.007348 0.009287 0.007461 0.014415 0.028644 0.009529 0.006072 0.004889 0.003961 0.006327 0.005089 0.004291 0.016662 0.008357 0.003259 0.005487 0.006090 0.006863 0.011349 0.021460 0.004712 0.007933 0.006327 0.005137 0.005257 0.008631 0.008314 0.003811 0.005086 0.023777 0.002538 0.037224 0.025377 0.026418 0.010371 0.006869 0.033333 0.008674 0.020932 0.010674 0.011997 0.015512 0.017670 0.007386 0.000452 0.000000 0.000000 0.000000 0.000000 0.000000 0.000000 0.000000 
0.007515 0.016004 0.004340 0.010262 0.012579 0.018811 0.009447 0.008578 0.006735 0.005581 0.007461 0.008527 0.028656 0.011199 0.007934 0.005061 0.004064 0.005650 0.005119 0.009586 0.006194 0.002974 0.006140 0.005263 0.003277 0.004198 0.005873 0.007818 0.006668 0.004176 0.008300 0.002277 0.003882 0.008309 0.007197 0.009832 0.018310 0.004845 0.012044 0.009302 0.033466 0.014117 0.011600 0.046125 0.027173 0.014299 0.020042 0.007542 0.006071 0.001638 0.006219 0.000000 0.000000 0.000000 0.000000 0.000000 0.000000 0.000000 0.000000 0.000000 
0.007515 0.016004 0.003316 0.010262 0.012579 0.021153 0.007498 0.017970 0.001822 0.003018 0.006105 0.001893 0.007534 0.007710 0.003697 0.002896 0.004345 0.002682 0.004328 0.002422 0.003450 0.002020 0.006209 0.006267 0.001004 0.008053 0.002289 0.004059 0.004781 0.007314 0.002868 0.007203 0.009570 0.007776 0.004259 0.004514 0.004357 0.004232 0.005855 0.008995 0.016115 0.073699 0.029146 0.013422 0.014660 0.008085 0.005933 0.007262 0.013223 0.000000 0.000000 0.000000 0.000000 0.000000 0.000000 0.000000 0.000000 0.000000 0.000000 0.000000 
0.007515 0.016004 0.003316 0.022102 0.012579 0.021153 0.007498 0.016662 0.004332 0.003921 0.006105 0.003771 0.002507 0.004187 0.005937 0.007797 0.006764 0.003359 0.002147 0.009262 0.005675 0.003416 0.012206 0.008133 0.018787 0.007363 0.007313 0.006693 0.009113 0.008147 0.001740 0.001375 0.009942 0.016880 0.013519 0.017974 0.013709 0.007588 0.023948 0.005478 0.015296 0.014097 0.005691 0.011522 0.016995 0.007841 0.013764 0.000000 0.000000 0.000000 0.000000 0.000000 0.000000 0.000000 0.000000 0.000000 0.000000 0.000000 0.000000 0.000000 
0.007515 0.016004 0.003316 0.022102 0.006650 0.019661 0.014236 0.001129 0.004222 0.007870 0.006900 0.005120 0.014389 0.004242 0.001505 0.006743 0.004436 0.008925 0.006703 0.013262 0.006132 0.007463 0.011014 0.006586 0.003033 0.007101 0.009602 0.018579 0.009210 0.008794 0.004193 0.004984 0.013900 0.018379 0.009661 0.005069 0.003961 0.036579 0.013253 0.008805 0.005201 0.003490 0.012199 0.003244 0.000000 0.000000 0.000000 0.000000 0.000000 0.000000 0.000000 0.000000 0.000000 0.000000 0.000000 0.000000 0.000000 0.000000 0.000000 0.000000 
0.007515 0.016004 0.003316 0.022102 0.006650 0.019661 0.014236 0.001129 0.001569 0.012065 0.005621 0.007146 0.003961 0.007754 0.001707 0.001391 0.003112 0.001204 0.008381 0.002132 0.003182 0.008127 0.007002 0.001811 0.004801 0.007205 0.003304 0.003926 0.007396 0.026633 0.007131 0.004317 0.004853 0.010638 0.019448 0.020005 0.011349 0.007058 0.009803 0.010929 0.008757 0.013311 0.013569 0.009928 0.004294 0.000000 0.000000 0.000000 0.000000 0.000000 0.000000 0.000000 0.000000 0.000000 0.000000 0.000000 0.000000 0.000000 0.000000 0.000000 
0.007515 0.016004 0.003316 0.018843 0.025677 0.003001 0.007253 0.013485 0.019706 0.004109 0.014941 0.011284 0.002697 0.003688 0.015185 0.009897 0.004681 0.003153 0.003418 0.006541 0.010403 0.003840 0.002242 0.004431 0.002909 0.004498 0.005464 0.001929 0.010230 0.004544 0.004498 0.001359 0.005085 0.005138 0.007905 0.010744 0.006689 0.018854 0.008612 0.007585 0.017428 0.004298 0.008586 0.003406 0.010484 0.006460 0.015382 0.010221 0.000000 0.000000 0.000000 0.000000 0.000000 0.000000 0.000000 0.000000 0.000000 0.000000 0.000000 0.000000 
0.007515 0.016004 0.025345 0.018843 0.025677 0.003001 0.005861 0.009024 0.019706 0.030347 0.006324 0.005740 0.012832 0.005856 0.006652 0.011084 0.001555 0.003408 0.002556 0.004550 0.001199 0.010569 0.002861 0.009754 0.009232 0.011689 0.004619 0.003494 0.006928 0.013317 0.014507 0.004191 0.009113 0.002815 0.010774 0.005702 0.005503 0.003942 0.001963 0.010144 0.010537 0.005837 0.007930 0.002785 0.002278 0.004844 0.010937 0.004121 0.008246 0.011383 0.000000 0.000000 0.000000 0.000000 0.000000 0.000000 0.000000 0.000000 0.000000 0.000000 
0.007515 0.016004 0.025345 0.018843 0.025677 0.017525 0.005861 0.009628 0.020353 0.030347 0.016263 0.016960 0.003952 0.005073 0.010974 0.010730 0.003532 0.006137 0.008040 0.002959 0.003407 0.004379 0.004056 0.001475 0.013133 0.006838 0.005841 0.008137 0.002092 0.001836 0.001854 0.004523 0.005651 0.003950 0.006482 0.009939 0.005407 0.010159 0.006596 0.005901 0.013249 0.005126 0.004603 0.017082 0.004741 0.003169 0.005000 0.002773 0.004582 0.001539 0.002866 0.001678 0.000000 0.000000 0.000000 0.000000 0.000000 0.000000 0.000000 0.000000 
0.007515 0.016004 0.025345 0.018843 0.040487 0.017525 0.013977 0.009628 0.011253 0.018167 0.014799 0.003303 0.011098 0.008234 0.008312 0.008300 0.003554 0.001873 0.003656 0.004859 0.002128 0.004464 0.003870 0.004050 0.004554 0.002204 0.003022 0.006362 0.003114 0.002276 0.002535 0.003629 0.004577 0.004305 0.005035 0.003199 0.007350 0.002734 0.004344 0.010060 0.005376 0.010750 0.004201 0.010820 0.012044 0.011250 0.007984 0.002574 0.004331 0.002924 0.002876 0.000214 0.000383 0.012722 0.000000 0.000000 0.000000 0.000000 0.000000 0.000000 
0.007515 0.017484 0.025345 0.012099 0.040487 0.013264 0.013977 0.011813 0.011253 0.013858 0.014799 0.006143 0.007062 0.006266 0.009145 0.012847 0.008210 0.002462 0.000800 0.005195 0.003059 0.002110 0.003601 0.003708 0.002513 0.001484 0.004512 0.007149 0.006327 0.009194 0.002387 0.003902 0.011020 0.005301 0.008219 0.004631 0.003754 0.004649 0.003287 0.011673 0.008857 0.004535 0.006506 0.003999 0.017415 0.008277 0.006631 0.002027 0.000785 0.001347 0.001675 0.001878 0.003833 0.001688 0.002500 0.003795 0.000000 0.000000 0.000000 0.000000 
0.007515 0.017484 0.025345 0.012099 0.040487 0.013264 0.003245 0.011813 0.015174 0.013455 0.016573 0.007585 0.007062 0.006369 0.016483 0.032619 0.044939 0.006719 0.006930 0.002784 0.001984 0.002563 0.002993 0.005231 0.005148 0.002899 0.001576 0.001526 0.002378 0.003319 0.001439 0.011866 0.003794 0.006035 0.005579 0.007248 0.005356 0.002787 0.005243 0.024155 0.015466 0.002744 0.005682 0.012309 0.015047 0.006561 0.003800 0.000500 0.001735 0.001047 0.001778 0.002916 0.003758 0.003087 0.005880 0.002835 0.005847 0.000000 0.000000 0.000000 
0.007515 0.017484 0.025345 0.012099 0.017278 0.013264 0.003245 0.006281 0.015174 0.013455 0.018106 0.009136 0.016026 0.016478 0.015056 0.014736 0.013410 0.008491 0.008831 0.017869 0.021805 0.002487 0.001814 0.003154 0.004137 0.003169 0.004259 0.003922 0.002630 0.002648 0.002871 0.001494 0.001652 0.001962 0.005949 0.013478 0.006513 0.002801 0.003713 0.008955 0.004087 0.001500 0.006976 0.006814 0.004929 0.002842 0.002360 0.004663 0.001666 0.001001 0.004786 0.000847 0.014135 0.009801 0.006139 0.002041 0.008228 0.004404 0.000000 0.000000 
0.007515 0.017484 0.020380 0.012099 0.017278 0.013944 0.010670 0.006281 0.013320 0.017984 0.018244 0.009136 0.007593 0.007979 0.004664 0.015180 0.009773 0.013111 0.012934 0.012647 0.017712 0.025935 0.022771 0.003970 0.002586 0.001779 0.004638 0.006482 0.009066 0.004486 0.001070 0.003417 0.003252 0.002650 0.001794 0.002240 0.002344 0.003213 0.011110 0.005512 0.005522 0.005416 0.004235 0.007654 0.004658 0.002797 0.004058 0.001353 0.004096 0.004080 0.002082 0.004121 0.009145 0.010707 0.003814 0.003527 0.011110 0.010605 0.020592 0.000000 
0.007515 0.017484 0.020380 0.012099 0.017278 0.013944 0.010670 0.012274 0.004950 0.017984 0.018244 0.022226 0.015578 0.010779 0.010114 0.002693 0.009489 0.008097 0.007545 0.014072 0.012448 0.026926 0.018104 0.008370 0.019879 0.006337 0.002187 0.004452 0.003844 0.004225 0.006110 0.019866 0.012268 0.000813 0.001461 0.002538 0.000966 0.004521 0.002276 0.005997 0.003507 0.002269 0.006929 0.002395 0.003575 0.001434 0.001001 0.001905 0.002136 0.005018 0.006895 0.008955 0.007019 0.010030 0.009051 0.011671 0.012545 0.013755 0.005890 0.006133 
0.007515 0.017484 0.020380 0.012597 0.016617 0.013944 0.010670 0.012274 0.004950 0.010541 0.014819 0.011273 0.012915 0.010779 0.010114 0.006173 0.002634 0.006619 0.003237 0.005815 0.005368 0.008044 0.009505 0.011399 0.008505 0.010305 0.006058 0.002895 0.003129 0.002100 0.005480 0.005887 0.003878 0.005633 0.005855 0.002016 0.001125 0.002184 0.003716 0.001103 0.006830 0.005341 0.001017 0.002493 0.006616 0.003416 0.003720 0.004109 0.001920 0.003283 0.007385 0.001895 0.003769 0.009609 0.008269 0.010514 0.015866 0.002985 0.003415 0.003520 
0.007515 0.017484 0.020380 0.012597 0.016617 0.019137 0.012216 0.018958 0.005035 0.005275 0.014819 0.011273 0.012915 0.008843 0.037228 0.019824 0.004704 0.019251 0.016770 0.006777 0.004248 0.012720 0.004665 0.008788 0.009566 0.033453 0.024523 0.010429 0.008092 0.015367 0.005051 0.002695 0.008527 0.004392 0.004641 0.015986 0.013077 0.002258 0.004915 0.006469 0.005650 0.003216 0.002330 0.003610 0.002865 0.001541 0.004429 0.004914 0.007396 0.001760 0.003155 0.006294 0.013190 0.006750 0.004726 0.007097 0.006771 0.004396 0.008459 0.020437 
0.007515 0.017484 0.020380 0.012597 0.016617 0.019137 0.012216 0.018958 0.005035 0.005275 0.007245 0.006563 0.010303 0.009557 0.007877 0.028966 0.023585 0.027378 0.010538 0.009918 0.009775 0.008684 0.010809 0.017278 0.013951 0.013764 0.004189 0.004343 0.010301 0.016456 0.008928 0.010896 0.017386 0.015167 0.032039 0.019391 0.017050 0.017023 0.013695 0.015364 0.011594 0.009087 0.011518 0.004256 0.000646 0.001832 0.002851 0.008664 0.009820 0.003798 0.019844 0.018269 0.004724 0.008867 0.004622 0.008083 0.011446 0.005961 0.011275 0.010724 
0.007515 0.017484 0.020380 0.012597 0.016617 0.019137 0.006497 0.005015 0.011627 0.019516 0.019530 0.006343 0.005715 0.009232 0.011831 0.019834 0.026854 0.011108 0.020170 0.011315 0.009242 0.019066 0.033365 0.028393 0.036280 0.029092 0.015589 0.014041 0.005391 0.003670 0.006155 0.006343 0.006884 0.017181 0.013994 0.002975 0.007809 0.007643 0.010850 0.012523 0.008194 0.002593 0.003123 0.000690 0.004846 0.004986 0.004883 0.005398 0.014916 0.029606 0.022494 0.004498 0.008955 0.009367 0.011360 0.007120 0.011746 0.016194 0.004789 0.010056 
0.007515 0.017484 0.020380 0.012597 0.008176 0.011199 0.006497 0.005015 0.011627 0.019516 0.005809 0.022250 0.021046 0.017964 0.018688 0.024003 0.020471 0.014823 0.009597 0.007821 0.000970 0.005493 0.010974 0.004007 0.009847 0.013242 0.008837 0.005188 0.003886 0.002428 0.008838 0.008873 0.004369 0.003463 0.007573 0.016106 0.008795 0.013078 0.014386 0.007933 0.002464 0.003349 0.000864 0.002473 0.001839 0.006870 0.009269 0.003191 0.005593 0.007874 0.017519 0.014095 0.004445 0.006155 0.008861 0.007075 0.007956 0.019383 0.016794 0.007246 
0.007515 0.017484 0.020380 0.010749 0.008176 0.011199 0.006497 0.005015 0.008647 0.010252 0.005809 0.022250 0.021046 0.008653 0.017007 0.015771 0.015309 0.014823 0.031709 0.015990 0.022418 0.033999 0.012383 0.025715 0.010673 0.012660 0.015810 0.003916 0.008068 0.014015 0.013517 0.013362 0.012497 0.018941 0.011345 0.011659 0.009608 0.015238 0.008754 0.002767 0.004601 0.001947 0.005868 0.004284 0.002120 0.005335 0.008633 0.013501 0.011299 0.009740 0.013407 0.011770 0.003236 0.002970 0.010344 0.016796 0.010643 0.001373 0.013760 0.018758 
0.007515 0.017484 0.006482 0.010749 0.008176 0.011199 0.002689 0.005729 0.008647 0.010252 0.011201 0.009064 0.008117 0.014590 0.014173 0.010329 0.006652 0.013919 0.010310 0.013541 0.011052 0.014870 0.022677 0.028985 0.043337 0.017121 0.014648 0.008344 0.004185 0.003146 0.005842 0.007659 0.016080 0.005601 0.016707 0.028840 0.031433 0.025259 0.009178 0.005437 0.006011 0.002289 0.002197 0.001435 0.009233 0.010075 0.006709 0.010162 0.009729 0.004529 0.008494 0.007387 0.001129 0.002909 0.002637 0.007663 0.003657 0.012286 0.006665 0.000000 
0.007515 0.017484 0.006482 0.010749 0.008176 0.001776 0.002689 0.005729 0.012386 0.005858 0.008652 0.011952 0.015105 0.018252 0.037309 0.013717 0.016289 0.015957 0.008276 0.007253 0.004495 0.005501 0.013967 0.012987 0.008494 0.029731 0.020364 0.020121 0.012617 0.007505 0.013405 0.017771 0.018322 0.010552 0.013994 0.011789 0.009920 0.004905 0.007652 0.002322 0.001695 0.002852 0.004490 0.007128 0.005595 0.009474 0.010146 0.006971 0.006122 0.007727 0.002262 0.004966 0.006091 0.005591 0.006540 0.009869 0.006656 0.005274 0.000000 0.000000 
0.007515 0.017484 0.006482 0.010749 0.004504 0.001776 0.011367 0.027017 0.012386 0.004191 0.008652 0.024285 0.017478 0.018252 0.010667 0.014732 0.014120 0.008082 0.021505 0.017871 0.015811 0.008107 0.010217 0.016960 0.019418 0.014749 0.012813 0.019321 0.012388 0.012157 0.003754 0.009486 0.007921 0.021841 0.015562 0.006569 0.013773 0.005275 0.004590 0.003896 0.001702 0.001711 0.000773 0.001964 0.001918 0.004433 0.001338 0.001538 0.002781 0.004915 0.001532 0.004545 0.001199 0.001924 0.004534 0.004094 0.000000 0.000000 0.000000 0.000000 
0.007515 0.010489 0.006482 0.011737 0.004504 0.006151 0.011367 0.018192 0.006306 0.008529 0.008309 0.015673 0.019254 0.004061 0.007568 0.017836 0.007433 0.018317 0.021986 0.007517 0.006685 0.016510 0.022538 0.006876 0.023767 0.018987 0.022205 0.013921 0.024530 0.005968 0.011103 0.016681 0.015083 0.020704 0.017803 0.015753 0.009885 0.001805 0.001394 0.001476 0.001922 0.010616 0.016694 0.002246 0.004707 0.006860 0.002975 0.004593 0.002447 0.002998 0.006061 0.001030 0.001919 0.002899 0.001669 0.000000 0.000000 0.000000 0.000000 0.000000 
0.007515 0.010489 0.006482 0.011737 0.004504 0.006151 0.011367 0.018192 0.004843 0.008529 0.017384 0.015673 0.016566 0.022026 0.012201 0.012796 0.010310 0.004669 0.008919 0.018383 0.001431 0.005126 0.004811 0.011939 0.012522 0.007905 0.020008 0.020649 0.027946 0.009843 0.005950 0.017496 0.010455 0.015288 0.012400 0.007001 0.001017 0.000911 0.002816 0.002015 0.003105 0.006893 0.002066 0.004340 0.008107 0.001974 0.007342 0.019953 0.009839 0.012110 0.001327 0.004768 0.000173 0.000000 0.000000 0.000000 0.000000 0.000000 0.000000 0.000000 
0.007515 0.010489 0.006482 0.011737 0.010133 0.006151 0.021198 0.007852 0.004843 0.011330 0.013146 0.011247 0.037353 0.008389 0.009185 0.000401 0.020245 0.015367 0.004020 0.008465 0.008636 0.007002 0.009677 0.007609 0.013189 0.003884 0.009328 0.010454 0.010914 0.009494 0.030305 0.023064 0.025707 0.012819 0.007102 0.001660 0.000606 0.004672 0.006101 0.002906 0.001738 0.003647 0.006386 0.014003 0.004741 0.013853 0.005615 0.003086 0.006358 0.004012 0.004072 0.000000 0.000000 0.000000 0.000000 0.000000 0.000000 0.000000 0.000000 0.000000 
0.007515 0.010489 0.012174 0.011737 0.010133 0.012516 0.011783 0.007852 0.007689 0.002737 0.011799 0.024624 0.015017 0.015118 0.013119 0.005751 0.006416 0.014440 0.026142 0.009228 0.033967 0.008531 0.017329 0.014246 0.003296 0.008935 0.017093 0.023039 0.016967 0.012890 0.005264 0.006033 0.015691 0.015027 0.004100 0.002495 0.000625 0.001976 0.003468 0.003119 0.007777 0.011036 0.012974 0.007640 0.005458 0.012133 0.016619 0.014554 0.002788 0.000000 0.000000 0.000000 0.000000 0.000000 0.000000 0.000000 0.000000 0.000000 0.000000 0.000000 
0.007515 0.010489 0.012174 0.014556 0.010133 0.012516 0.011783 0.009271 0.004002 0.022977 0.032087 0.014372 0.016920 0.025313 0.004131 0.005362 0.007827 0.001838 0.022677 0.014447 0.046305 0.003620 0.016911 0.008240 0.010857 0.010337 0.014835 0.012958 0.011021 0.010009 0.014632 0.001809 0.003333 0.002865 0.003916 0.001450 0.006196 0.003008 0.005121 0.013431 0.006228 0.003137 0.004679 0.006262 0.013656 0.007140 0.000000 0.000000 0.000000 0.000000 0.000000 0.000000 0.000000 0.000000 0.000000 0.000000 0.000000 0.000000 0.000000 0.000000 
0.007515 0.010489 0.012174 0.014556 0.008422 0.012140 0.004889 0.003950 0.007682 0.021796 0.011952 0.004928 0.010277 0.013026 0.007527 0.022826 0.014865 0.006125 0.008469 0.003915 0.008687 0.013526 0.022804 0.020804 0.012866 0.013313 0.002696 0.002194 0.001994 0.001036 0.000854 0.000415 0.001579 0.000811 0.000586 0.004526 0.002568 0.005622 0.016322 0.000600 0.003049 0.007603 0.004770 0.014674 0.000000 0.000000 0.000000 0.000000 0.000000 0.000000 0.000000 0.000000 0.000000 0.000000 0.000000 0.000000 0.000000 0.000000 0.000000 0.000000 
0.005481 0.005237 0.012467 0.018428 0.007269 0.004680 0.001472 0.003821 0.000609 0.001673 0.000731 0.001428 0.000777 0.001982 0.001721 0.002854 0.000852 0.001285 0.002667 0.002387 0.001961 0.003210 0.005168 0.014615 0.028543 0.007818 0.016451 0.003801 0.005104 0.009974 0.014203 0.006676 0.017528 0.008425 0.007985 0.007785 0.010650 0.016044 0.005202 0.006857 0.007481 0.008422 0.014556 0.012174 0.010489 0.007515 0.000000 0.000000 0.000000 0.000000 0.000000 0.000000 0.000000 0.000000 0.000000 0.000000 0.000000 0.000000 0.000000 0.000000 
0.004334 0.007386 0.002984 0.006163 0.005840 0.001599 0.003653 0.004780 0.005348 0.000854 0.000877 0.000687 0.004454 0.003469 0.000751 0.001202 0.001687 0.000918 0.000463 0.000453 0.001592 0.001934 0.001022 0.003399 0.002378 0.003429 0.004715 0.007025 0.021869 0.011555 0.011010 0.006054 0.012881 0.011029 0.002767 0.018549 0.027203 0.014798 0.010982 0.019206 0.005202 0.006857 0.007481 0.010009 0.016004 0.012174 0.010489 0.007515 0.000000 0.000000 0.000000 0.000000 0.000000 0.000000 0.000000 0.000000 0.000000 0.000000 0.000000 0.000000 
0.014871 0.005013 0.004323 0.001989 0.003307 0.002187 0.003400 0.000997 0.000227 0.000381 0.000196 0.000533 0.000455 0.001078 0.000996 0.002798 0.001964 0.002876 0.000936 0.000836 0.000494 0.000750 0.000906 0.003518 0.000698 0.005471 0.004267 0.004025 0.003717 0.001443 0.010463 0.018638 0.005751 0.006282 0.006686 0.006555 0.006876 0.034400 0.014256 0.016294 0.008703 0.019206 0.006058 0.004763 0.024776 0.010009 0.016004 0.018081 0.010489 0.007515 0.000000 0.000000 0.000000 0.000000 0.000000 0.000000 0.000000 0.000000 0.000000 0.000000 
0.001622 0.002381 0.004667 0.002012 0.002892 0.002555 0.000493 0.002851 0.003528 0.000789 0.002338 0.001769 0.000691 0.000799 0.001360 0.000743 0.001474 0.000610 0.000895 0.000614 0.000423 0.002396 0.000469 0.002504 0.000866 0.001367 0.001084 0.001686 0.003057 0.001112 0.003451 0.001491 0.004937 0.009993 0.007273 0.004987 0.020323 0.009665 0.020387 0.034811 0.014644 0.010660 0.010283 0.022907 0.007034 0.004763 0.024776 0.017663 0.016004 0.018081 0.010489 0.007515 0.000000 0.000000 0.000000 0.000000 0.000000 0.000000 0.000000 0.000000 
0.004348 0.000876 0.000328 0.000615 0.000371 0.000532 0.001065 0.000492 0.001338 0.001274 0.000495 0.000403 0.000884 0.001103 0.001066 0.001204 0.001623 0.000309 0.002688 0.001336 0.000584 0.002124 0.001338 0.000970 0.001939 0.000978 0.000407 0.000985 0.000136 0.000559 0.001355 0.002228 0.004809 0.002247 0.001431 0.000849 0.009548 0.007205 0.028303 0.005179 0.011183 0.042586 0.033168 0.013321 0.010283 0.023122 0.007034 0.006378 0.024776 0.017663 0.016004 0.018081 0.010489 0.007515 0.000000 0.000000 0.000000 0.000000 0.000000 0.000000 
0.000545 0.000345 0.000392 0.000710 0.000363 0.001338 0.001070 0.001340 0.001054 0.000717 0.000210 0.001228 0.000656 0.000321 0.001155 0.002103 0.002348 0.000436 0.001175 0.002158 0.002621 0.000420 0.001550 0.000912 0.000652 0.000616 0.000669 0.003493 0.001208 0.001013 0.001415 0.001496 0.001779 0.001149 0.002380 0.002470 0.001176 0.001267 0.001379 0.002669 0.004602 0.002452 0.002591 0.027006 0.012203 0.011504 0.017108 0.016614 0.009355 0.006378 0.023358 0.017663 0.006223 0.018081 0.015777 0.007515 0.000000 0.000000 0.000000 0.000000 
0.001429 0.000714 0.002103 0.000970 0.002304 0.000721 0.000897 0.001253 0.001055 0.001204 0.001413 0.000749 0.000987 0.002015 0.000670 0.001757 0.001303 0.001326 0.000499 0.001375 0.001469 0.001594 0.000471 0.000821 0.000645 0.000772 0.000391 0.001598 0.000940 0.000292 0.001078 0.000872 0.002404 0.001290 0.001044 0.001303 0.000506 0.001344 0.000679 0.000816 0.002229 0.014531 0.017179 0.004912 0.011963 0.015412 0.011504 0.034069 0.016614 0.009355 0.008557 0.023358 0.018635 0.006223 0.018081 0.015777 0.007515 0.000000 0.000000 0.000000 
0.000914 0.001327 0.000487 0.000523 0.001890 0.002060 0.001095 0.001799 0.002333 0.000564 0.000887 0.000443 0.001084 0.000593 0.001148 0.002416 0.001170 0.001148 0.000552 0.000943 0.000274 0.001283 0.001399 0.000268 0.001704 0.000640 0.000858 0.001288 0.001056 0.000715 0.001254 0.000957 0.000863 0.002022 0.001635 0.001655 0.001420 0.001009 0.000357 0.002093 0.002319 0.001988 0.002046 0.010389 0.013795 0.003666 0.011963 0.022083 0.006297 0.034069 0.031686 0.014299 0.008557 0.012276 0.018635 0.006223 0.018081 0.015777 0.007515 0.000000 
0.002287 0.002572 0.002789 0.001599 0.001207 0.001989 0.001035 0.001561 0.000626 0.000689 0.003061 0.002606 0.000543 0.000169 0.000447 0.000849 0.001303 0.001803 0.000809 0.001466 0.001203 0.000523 0.001553 0.001133 0.001411 0.000634 0.000751 0.001155 0.000968 0.000619 0.000740 0.000474 0.002231 0.000953 0.001107 0.000552 0.004562 0.000689 0.001338 0.001215 0.001648 0.001210 0.001905 0.002199 0.006202 0.016885 0.004340 0.030351 0.014584 0.003231 0.040329 0.031686 0.014299 0.009961 0.012276 0.018635 0.006223 0.012217 0.015777 0.007515 
0.004233 0.001255 0.000403 0.001797 0.001104 0.000648 0.000511 0.000679 0.000526 0.001247 0.001066 0.001829 0.001455 0.003196 0.001056 0.000278 0.000726 0.000628 0.000353 0.000467 0.000685 0.000427 0.001477 0.003792 0.001957 0.001898 0.001065 0.001984 0.001556 0.001985 0.001274 0.000521 0.000180 0.001847 0.001193 0.000812 0.003271 0.001100 0.001037 0.000830 0.001142 0.004343 0.001588 0.000321 0.003130 0.019179 0.002421 0.028587 0.014584 0.003231 0.032575 0.048900 0.008606 0.009961 0.012276 0.018635 0.006535 0.012217 0.015777 0.007515 
0.001046 0.000849 0.000734 0.002380 0.001390 0.000743 0.000677 0.002294 0.001287 0.000602 0.000811 0.001004 0.001725 0.001164 0.002142 0.000831 0.001563 0.000783 0.001610 0.000432 0.002005 0.000821 0.000741 0.001935 0.002491 0.000973 0.001130 0.001702 0.001387 0.001095 0.000441 0.002802 0.000478 0.000597 0.002742 0.000922 0.001770 0.001017 0.000858 0.001991 0.001054 0.001815 0.002493 0.002178 0.000321 0.003255 0.003792 0.004958 0.007352 0.017337 0.004486 0.032575 0.048900 0.008606 0.009961 0.006436 0.012933 0.006535 0.012217 0.015777 
0.017026 0.008949 0.001459 0.001172 0.000874 0.000522 0.001011 0.000851 0.001111 0.002696 0.000705 0.000425 0.000980 0.001984 0.000336 0.000240 0.002000 0.000347 0.000936 0.001233 0.001661 0.001917 0.001268 0.001257 0.002341 0.001305 0.000957 0.001378 0.000973 0.000439 0.000800 0.002370 0.001198 0.001223 0.000243 0.000704 0.001445 0.000711 0.001392 0.002717 0.001544 0.003683 0.000646 0.003332 0.005262 0.009121 0.011165 0.009218 0.014349 0.014301 0.012071 0.035134 0.022039 0.013468 0.013175 0.006436 0.012933 0.006535 0.012217 0.015777 
0.002525 0.010496 0.006035 0.003376 0.000790 0.001052 0.000574 0.000712 0.001762 0.004792 0.001986 0.000848 0.000650 0.000862 0.000561 0.002681 0.001341 0.000865 0.001399 0.000334 0.002295 0.003387 0.001145 0.000498 0.001305 0.002002 0.001008 0.000634 0.001388 0.000996 0.001010 0.001084 0.000540 0.001191 0.000799 0.006332 0.007885 0.007358 0.009782 0.011217 0.008077 0.012194 0.020824 0.010454 0.011666 0.009121 0.011165 0.009218 0.014349 0.014301 0.012071 0.035134 0.022039 0.013468 0.013175 0.006436 0.012933 0.006535 0.012217 0.015777 
0.004988 0.004499 0.002793 0.001106 0.002964 0.003989 0.001212 0.000398 0.001229 0.001554 0.000342 0.001462 0.001740 0.000519 0.000516 0.001773 0.001731 0.000896 0.001205 0.002186 0.000806 0.001795 0.001452 0.002834 0.002426 0.000985 0.000571 0.000550 0.003422 0.010447 0.008871 0.015585 0.012645 0.015862 0.008045 0.018414 0.010953 0.009988 0.015655 0.010330 0.018733 0.006578 0.018011 0.010965 0.027676 0.008486 0.008197 0.005162 0.015669 0.005720 0.009684 0.017170 0.010450 0.022233 0.012372 0.006436 0.012933 0.006535 0.012217 0.015777 
0.011277 0.001759 0.005216 0.009416 0.002729 0.005605 0.001675 0.001558 0.003259 0.008697 0.000940 0.004012 0.008243 0.008021 0.002925 0.004177 0.006885 0.005992 0.010740 0.003477 0.007858 0.005169 0.004480 0.006727 0.011601 0.012836 0.021183 0.008137 0.017681 0.009017 0.016583 0.010519 0.016502 0.005304 0.020088 0.007392 0.018148 0.012443 0.007062 0.006054 0.006732 0.019223 0.015151 0.027676 0.003101 0.012948 0.010972 0.007626 0.008399 0.003523 0.017170 0.010450 0.022233 0.012372 0.008256 0.009727 0.006535 0.012217 0.015777 0.007515 
0.004185 0.011637 0.002624 0.004639 0.002163 0.004625 0.001876 0.005200 0.010245 0.015686 0.008091 0.017482 0.010269 0.021356 0.021141 0.009654 0.013111 0.017082 0.017702 0.004960 0.018500 0.003954 0.018645 0.013687 0.018968 0.004762 0.006912 0.013170 0.042975 0.013752 0.029387 0.004591 0.007370 0.019999 0.023177 0.016895 0.019746 0.023207 0.016069 0.015821 0.009826 0.007524 0.024398 0.006698 0.016707 0.012884 0.015629 0.004383 0.008399 0.003523 0.009123 0.015523 0.011372 0.012372 0.008256 0.009727 0.014192 0.012217 0.015777 0.007515 
0.001138 0.001110 0.004731 0.002078 0.006859 0.004754 0.001970 0.005107 0.006872 0.018465 0.010704 0.021575 0.004334 0.027120 0.004773 0.029190 0.012986 0.021681 0.006123 0.008936 0.013686 0.012381 0.006902 0.032963 0.014119 0.007727 0.020981 0.011239 0.013611 0.007216 0.011079 0.012511 0.004934 0.004543 0.025817 0.011378 0.036764 0.020638 0.019271 0.003057 0.004093 0.016848 0.015737 0.008527 0.006679 0.010110 0.012286 0.022259 0.009672 0.017826 0.015523 0.011372 0.007614 0.008256 0.009727 0.014192 0.002319 0.015777 0.007515 0.000000 
0.003333 0.003079 0.003601 0.005373 0.002362 0.008774 0.001587 0.007853 0.009050 0.016050 0.019038 0.010605 0.007954 0.016575 0.007118 0.028016 0.019786 0.007576 0.013503 0.040650 0.011792 0.009486 0.010273 0.005335 0.010077 0.003876 0.009931 0.010919 0.009034 0.014428 0.042808 0.009677 0.011879 0.012930 0.017172 0.021035 0.019164 0.007085 0.013471 0.013614 0.030509 0.028101 0.030973 0.007326 0.012286 0.012187 0.022039 0.017826 0.031678 0.013415 0.007614 0.003854 0.009727 0.014192 0.002319 0.015777 0.007515 0.000000 0.000000 0.000000 
0.003377 0.002809 0.002437 0.005719 0.002111 0.000871 0.007115 0.008463 0.025938 0.010116 0.034660 0.006768 0.004359 0.009041 0.008289 0.024440 0.027451 0.012185 0.015415 0.010647 0.040203 0.007688 0.011325 0.013508 0.006825 0.005227 0.010706 0.009684 0.012962 0.027713 0.020663 0.016728 0.019318 0.016501 0.031242 0.013296 0.020054 0.019693 0.009011 0.015445 0.022390 0.033211 0.014311 0.010141 0.003493 0.022039 0.027134 0.031678 0.013415 0.003272 0.003854 0.003418 0.014192 0.002319 0.015777 0.007515 0.000000 0.000000 0.000000 0.000000 
0.004627 0.001652 0.003179 0.003792 0.007478 0.007501 0.001095 0.014426 0.025021 0.013134 0.036425 0.016832 0.008185 0.026366 0.010417 0.015865 0.020744 0.002195 0.020341 0.004171 0.017224 0.010206 0.008847 0.004604 0.009124 0.004895 0.024877 0.010005 0.019386 0.008979 0.006163 0.012354 0.006957 0.004949 0.011142 0.022476 0.003890 0.006065 0.020730 0.014884 0.015944 0.007541 0.003038 0.012137 0.018682 0.018678 0.014140 0.003272 0.013133 0.003418 0.007361 0.002319 0.012106 0.007515 0.000000 0.000000 0.000000 0.000000 0.000000 0.000000 
0.004725 0.001699 0.001882 0.000551 0.002350 0.002499 0.007120 0.004462 0.012689 0.009959 0.006036 0.016850 0.011218 0.014648 0.018798 0.025151 0.023115 0.026534 0.010259 0.013510 0.016581 0.006975 0.010142 0.033110 0.011734 0.020823 0.013178 0.017313 0.002619 0.007812 0.009280 0.003265 0.016198 0.028458 0.007204 0.019117 0.014493 0.027264 0.009060 0.005787 0.009608 0.005254 0.018682 0.005084 0.014140 0.010136 0.013133 0.003418 0.007361 0.002319 0.012106 0.007515 0.000000 0.000000 0.000000 0.000000 0.000000 0.000000 0.000000 0.000000 
0.000886 0.003958 0.003591 0.000623 0.002014 0.002607 0.001949 0.007423 0.002296 0.011919 0.002202 0.006802 0.009589 0.005446 0.012176 0.003956 0.003021 0.018554 0.027580 0.007273 0.019663 0.005850 0.005718 0.021511 0.009151 0.011122 0.010656 0.013949 0.015925 0.017694 0.023845 0.023974 0.012171 0.018594 0.020660 0.013674 0.013694 0.012243 0.015563 0.003964 0.003761 0.010349 0.020580 0.010136 0.013133 0.002292 0.007361 0.002319 0.012106 0.007515 0.000000 0.000000 0.000000 0.000000 0.000000 0.000000 0.000000 0.000000 0.000000 0.000000 
0.003498 0.000856 0.001178 0.003678 0.003926 0.001368 0.008197 0.014476 0.021014 0.021478 0.008075 0.003766 0.012346 0.004017 0.002186 0.004086 0.002114 0.011690 0.010992 0.022120 0.020166 0.015641 0.017470 0.005929 0.022220 0.003953 0.008115 0.006049 0.008606 0.005370 0.002997 0.025506 0.013832 0.010275 0.009490 0.016768 0.009322 0.011167 0.012926 0.010349 0.012262 0.024575 0.010029 0.002292 0.007361 0.006333 0.012106 0.007515 0.000000 0.000000 0.000000 0.000000 0.000000 0.000000 0.000000 0.000000 0.000000 0.000000 0.000000 0.000000 
0.003765 0.005959 0.005597 0.008338 0.002416 0.003737 0.006607 0.015410 0.010253 0.017718 0.005921 0.020053 0.018627 0.006023 0.008773 0.005251 0.010778 0.001735 0.006238 0.006204 0.017577 0.010463 0.005448 0.012565 0.004495 0.034036 0.012614 0.013950 0.002562 0.009342 0.012337 0.009049 0.019572 0.010229 0.017474 0.016201 0.004532 0.006086 0.012262 0.024575 0.010029 0.016366 0.003297 0.006333 0.012106 0.007515 0.000000 0.000000 0.000000 0.000000 0.000000 0.000000 0.000000 0.000000 0.000000 0.000000 0.000000 0.000000 0.000000 0.000000 
0.008068 0.002972 0.005415 0.004397 0.006707 0.017348 0.018172 0.011009 0.005600 0.014594 0.007417 0.018358 0.013462 0.007872 0.036737 0.008438 0.008827 0.002148 0.013224 0.014505 0.004552 0.010664 0.008913 0.002131 0.021020 0.015733 0.010628 0.026737 0.013312 0.021771 0.021492 0.012315 0.047446 0.008620 0.006842 0.002052 0.003568 0.017814 0.008857 0.016366 0.003297 0.006333 0.012106 0.007515 0.000000 0.000000 0.000000 0.000000 0.000000 0.000000 0.000000 0.000000 0.000000 0.000000 0.000000 0.000000 0.000000 0.000000 0.000000 0.000000 
0.012199 0.017023 0.005728 0.000777 0.005551 0.004476 0.004101 0.003297 0.006268 0.012623 0.002992 0.030810 0.021134 0.013888 0.009736 0.005466 0.020580 0.004530 0.008732 0.003999 0.008733 0.006863 0.007072 0.005171 0.005890 0.009203 0.010104 0.022893 0.020061 0.007726 0.015504 0.015545 0.013120 0.011157 0.011399 0.005239 0.007030 0.009080 0.016744 0.012038 0.027378 0.015579 0.003297 0.006333 0.012106 0.007515 0.000000 0.000000 0.000000 0.000000 0.000000 0.000000 0.000000 0.000000 0.000000 0.000000 0.000000 0.000000 0.000000 0.000000 
0.001888 0.002927 0.005561 0.004146 0.003467 0.006636 0.003354 0.003179 0.002956 0.002605 0.003085 0.007989 0.014924 0.011840 0.009106 0.005757 0.008164 0.010020 0.010089 0.002906 0.010259 0.010430 0.000724 0.004296 0.006775 0.004539 0.003355 0.013002 0.014785 0.010894 0.009661 0.011484 0.023605 0.015846 0.007161 0.005447 0.010705 0.001184 0.007180 0.005760 0.015687 0.011234 0.030072 0.027378 0.015579 0.014454 0.013725 0.012106 0.007515 0.000000 0.000000 0.000000 0.000000 0.000000 0.000000 0.000000 0.000000 0.000000 0.000000 0.000000 
0.004361 0.006427 0.006930 0.010597 0.005733 0.012624 0.015530 0.009724 0.009444 0.018182 0.004745 0.005978 0.007065 0.005421 0.006474 0.008105 0.009247 0.007522 0.004423 0.012489 0.031809 0.017395 0.012789 0.018387 0.003666 0.012877 0.015134 0.010961 0.005371 0.004879 0.014932 0.017098 0.012305 0.021477 0.015275 0.008172 0.009856 0.010152 0.001315 0.005166 0.007180 0.013387 0.012027 0.011234 0.030072 0.020879 0.015579 0.014454 0.013725 0.012106 0.007515 0.000000 0.000000 0.000000 0.000000 0.000000 0.000000 0.000000 0.000000 0.000000 
0.003555 0.009219 0.013563 0.005844 0.005162 0.004904 0.005983 0.006990 0.007386 0.002226 0.001550 0.004574 0.002342 0.002673 0.003246 0.002900 0.001979 0.006647 0.005000 0.023998 0.012476 0.014017 0.019961 0.009776 0.021247 0.017863 0.008139 0.009204 0.013711 0.004546 0.016909 0.011039 0.009485 0.019267 0.010928 0.016926 0.011316 0.017894 0.014943 0.010040 0.009096 0.010162 0.015869 0.026172 0.012027 0.017037 0.025012 0.020879 0.010009 0.014454 0.013725 0.012106 0.007515 0.000000 0.000000 0.000000 0.000000 0.000000 0.000000 0.000000 
0.005777 0.008244 0.002487 0.005580 0.006275 0.006390 0.008599 0.020318 0.011884 0.003701 0.008842 0.004410 0.004296 0.001168 0.004395 0.004612 0.005135 0.001046 0.001703 0.003573 0.009776 0.006631 0.006308 0.003827 0.005021 0.008943 0.012287 0.004023 0.011805 0.009868 0.007220 0.002433 0.004708 0.007838 0.014451 0.002537 0.010474 0.018466 0.008201 0.008554 0.007649 0.005901 0.007408 0.015406 0.021284 0.005212 0.012477 0.006425 0.025012 0.035049 0.010009 0.006660 0.013725 0.006144 0.007515 0.000000 0.000000 0.000000 0.000000 0.000000 
0.003115 0.008332 0.002987 0.002914 0.013048 0.006876 0.002475 0.008507 0.010946 0.003524 0.005363 0.007415 0.010878 0.002140 0.001261 0.004156 0.001403 0.000901 0.002923 0.005666 0.001301 0.003278 0.002617 0.009424 0.009179 0.008247 0.018238 0.013061 0.000630 0.004185 0.011854 0.004735 0.008725 0.014395 0.014476 0.012241 0.024463 0.021933 0.014694 0.011315 0.010254 0.005906 0.011391 0.009482 0.015406 0.005956 0.005212 0.014579 0.006425 0.025012 0.035049 0.010009 0.006660 0.013725 0.006144 0.007515 0.000000 0.000000 0.000000 0.000000 
0.007620 0.007983 0.007129 0.003944 0.004044 0.005236 0.004061 0.002545 0.002958 0.008471 0.011989 0.008342 0.011480 0.005306 0.004139 0.003638 0.008104 0.005034 0.005817 0.005239 0.003250 0.001124 0.006528 0.005662 0.001104 0.004298 0.008753 0.028367 0.017721 0.029920 0.007800 0.013192 0.020104 0.006602 0.017246 0.008859 0.007145 0.010194 0.006652 0.000983 0.006317 0.008532 0.003736 0.010637 0.011391 0.021852 0.012102 0.005956 0.014739 0.014579 0.003324 0.019892 0.035049 0.015934 0.006660 0.013725 0.006144 0.007515 0.000000 0.000000 
0.005403 0.005431 0.013296 0.006611 0.002189 0.004686 0.006991 0.009645 0.009857 0.004493 0.014550 0.005105 0.004054 0.008748 0.003693 0.007097 0.004977 0.002992 0.001556 0.002989 0.007603 0.004316 0.008331 0.009948 0.001336 0.001791 0.004974 0.003773 0.004170 0.002013 0.007430 0.032734 0.031538 0.030867 0.013035 0.005489 0.005398 0.011247 0.012958 0.001661 0.002459 0.007140 0.007959 0.007370 0.006201 0.015452 0.031862 0.009998 0.005675 0.026183 0.022381 0.003324 0.019892 0.017598 0.015934 0.006660 0.013725 0.006144 0.007515 0.000000 
0.020391 0.009663 0.014614 0.023042 0.010473 0.005907 0.007933 0.005355 0.005376 0.013185 0.008515 0.002281 0.002472 0.006443 0.007690 0.006971 0.006642 0.005434 0.010116 0.002875 0.000777 0.005333 0.006241 0.011869 0.015105 0.017683 0.005926 0.002578 0.002253 0.005458 0.011844 0.010075 0.016009 0.024901 0.011713 0.013832 0.012646 0.005853 0.003622 0.003247 0.003731 0.006645 0.012849 0.003532 0.006479 0.014642 0.034686 0.019351 0.012322 0.015107 0.026183 0.022381 0.004473 0.017108 0.017598 0.015934 0.006660 0.007180 0.006144 0.007515 
0.008925 0.014577 0.003155 0.023515 0.016682 0.008259 0.008586 0.000714 0.002360 0.006806 0.004215 0.008600 0.005967 0.009418 0.005270 0.012830 0.004639 0.004076 0.008177 0.010977 0.006673 0.004009 0.004335 0.002509 0.005709 0.005225 0.004896 0.005118 0.001688 0.010470 0.011553 0.005481 0.006010 0.013986 0.026069 0.015600 0.009139 0.000982 0.002109 0.006972 0.008269 0.010518 0.012849 0.001641 0.006940 0.007013 0.012010 0.019351 0.012322 0.015107 0.009039 0.009480 0.004473 0.017108 0.017598 0.015934 0.006535 0.007180 0.006144 0.007515 
0.001180 0.005741 0.011037 0.007670 0.005910 0.006197 0.015996 0.005597 0.003975 0.003627 0.005608 0.003718 0.007386 0.016231 0.009860 0.006183 0.010477 0.011160 0.003787 0.001578 0.007399 0.008159 0.002706 0.006874 0.005989 0.009059 0.002103 0.004450 0.003156 0.003427 0.006502 0.020140 0.006463 0.008266 0.011814 0.006943 0.002778 0.009127 0.003590 0.004745 0.004196 0.008481 0.005778 0.006864 0.015892 0.018537 0.012728 0.012112 0.017348 0.014603 0.005766 0.009039 0.009480 0.004473 0.002783 0.008415 0.007170 0.006535 0.007180 0.006144 
0.004187 0.024029 0.005304 0.001111 0.000748 0.005115 0.009254 0.011122 0.011767 0.007265 0.001870 0.002114 0.004512 0.005945 0.006284 0.003871 0.002206 0.003118 0.007033 0.005538 0.002338 0.003597 0.003004 0.002607 0.006546 0.004189 0.002902 0.002650 0.003212 0.005016 0.003373 0.000518 0.004970 0.020936 0.035824 0.023109 0.004839 0.010112 0.010714 0.005076 0.002581 0.006716 0.007524 0.004282 0.004653 0.010326 0.015621 0.029885 0.023855 0.008352 0.003255 0.005728 0.012177 0.006448 0.002783 0.008415 0.007170 0.006535 0.007180 0.006144 
0.012243 0.004747 0.003140 0.001798 0.006356 0.004590 0.004099 0.012945 0.008949 0.005850 0.006555 0.006933 0.006988 0.008092 0.001780 0.004490 0.005906 0.003672 0.010245 0.005174 0.003760 0.008790 0.007422 0.006586 0.003904 0.004019 0.002056 0.002736 0.003192 0.006462 0.003397 0.003326 0.008432 0.007816 0.007397 0.009482 0.010403 0.002352 0.001476 0.001264 0.004798 0.010028 0.004385 0.004463 0.002585 0.007270 0.007100 0.006758 0.010093 0.006100 0.003255 0.005728 0.012177 0.006448 0.002783 0.008415 0.007170 0.006535 0.007180 0.006144 
0.006529 0.005754 0.003983 0.002800 0.008690 0.010269 0.005585 0.017486 0.016958 0.013845 0.048300 0.045197 0.025808 0.006349 0.007332 0.013029 0.013016 0.007809 0.007947 0.004627 0.003593 0.001692 0.004143 0.006960 0.020742 0.007115 0.003060 0.002888 0.004137 0.005487 0.006999 0.006491 0.006317 0.005463 0.007501 0.008718 0.004645 0.002336 0.002258 0.004115 0.008723 0.003657 0.010638 0.009633 0.001591 0.002665 0.006048 0.017470 0.010093 0.006100 0.011397 0.005381 0.002572 0.006696 0.008525 0.014139 0.007170 0.006535 0.007180 0.006144 
0.007060 0.000707 0.004494 0.004416 0.003761 0.008925 0.009051 0.016091 0.003908 0.020604 0.006843 0.004155 0.002744 0.001343 0.002630 0.008417 0.002907 0.005120 0.011352 0.006109 0.003815 0.006943 0.005367 0.002894 0.004857 0.004196 0.004610 0.003678 0.002470 0.002498 0.002015 0.007061 0.015689 0.001988 0.005456 0.007300 0.007509 0.006023 0.002018 0.005860 0.007383 0.006390 0.006540 0.001608 0.004310 0.006048 0.017470 0.008280 0.015237 0.007581 0.012151 0.002572 0.006696 0.008525 0.014139 0.009483 0.002677 0.007180 0.006144 0.007515 
0.006356 0.004743 0.004309 0.003993 0.002324 0.005400 0.003722 0.008439 0.004522 0.005845 0.004216 0.001951 0.003176 0.001546 0.008696 0.005862 0.006783 0.008734 0.006300 0.002299 0.007996 0.015171 0.004817 0.007471 0.003997 0.002631 0.005297 0.003597 0.002297 0.003835 0.007161 0.009485 0.006727 0.005271 0.002749 0.011083 0.008680 0.003608 0.002997 0.002200 0.005501 0.009215 0.017794 0.015512 0.005139 0.010807 0.021213 0.016511 0.007581 0.012151 0.020858 0.025054 0.008525 0.014139 0.009483 0.002677 0.007180 0.006144 0.007515 0.000000 
0.005375 0.009595 0.007736 0.011732 0.010432 0.005806 0.019640 0.031536 0.019505 0.249531 0.317774 0.030199 0.003190 0.007599 0.014071 0.004344 0.001300 0.004854 0.002790 0.004431 0.003783 0.004550 0.007567 0.006591 0.009202 0.005813 0.003413 0.012207 0.003462 0.001403 0.003901 0.015704 0.022369 0.007905 0.009958 0.003024 0.006186 0.007193 0.001623 0.002510 0.004021 0.004296 0.008841 0.012722 0.020155 0.017252 0.016511 0.013631 0.025309 0.009795 0.025054 0.011469 0.014536 0.009483 0.002677 0.006166 0.006144 0.007515 0.000000 0.000000 
0.007517 0.003511 0.005986 0.002435 0.005934 0.001954 0.006925 0.015934 0.006040 0.008795 0.004099 0.005619 0.007327 0.007843 0.006149 0.010774 0.003089 0.001976 0.005920 0.012449 0.003027 0.001160 0.009859 0.001352 0.003500 0.005271 0.004054 0.006466 0.005650 0.012240 0.015410 0.004597 0.012942 0.018767 0.009534 0.002040 0.006660 0.002372 0.001555 0.001503 0.005477 0.009181 0.018750 0.026084 0.017252 0.003545 0.007806 0.025309 0.009795 0.010172 0.011469 0.014536 0.009483 0.002677 0.006166 0.006144 0.007515 0.000000 0.000000 0.000000 
0.001075 0.011453 0.007597 0.008434 0.008587 0.005916 0.005451 0.006184 0.004225 0.002174 0.002606 0.009861 0.012378 0.002433 0.005963 0.013917 0.006152 0.003174 0.008831 0.006793 0.007545 0.007880 0.002750 0.005412 0.004175 0.004558 0.003933 0.005952 0.005599 0.003256 0.009901 0.023934 0.006539 0.005907 0.005664 0.012074 0.004465 0.004322 0.002141 0.015307 0.009512 0.015765 0.025512 0.014528 0.013756 0.026031 0.017114 0.020674 0.010172 0.013022 0.014536 0.011393 0.002677 0.006166 0.006144 0.007515 0.000000 0.000000 0.000000 0.000000 
0.019147 0.015831 0.028836 0.014193 0.004385 0.005444 0.012737 0.002895 0.008274 0.002638 0.003306 0.005993 0.015098 0.005327 0.002871 0.003745 0.003491 0.005114 0.002011 0.001030 0.004815 0.003674 0.007476 0.007527 0.003178 0.002667 0.003449 0.011324 0.003415 0.004704 0.013311 0.006190 0.002563 0.008180 0.011403 0.005078 0.001350 0.007117 0.007652 0.002607 0.008251 0.022678 0.016016 0.026031 0.022041 0.020674 0.015981 0.013022 0.005226 0.011393 0.012672 0.006166 0.005797 0.007515 0.000000 0.000000 0.000000 0.000000 0.000000 0.000000 
0.001835 0.006309 0.005819 0.005239 0.003083 0.007477 0.001056 0.005052 0.012532 0.005934 0.005829 0.002530 0.002459 0.003907 0.004165 0.002423 0.004524 0.002100 0.001898 0.005227 0.003196 0.006898 0.005054 0.002929 0.002356 0.002524 0.002945 0.004380 0.007620 0.010972 0.006426 0.005699 0.007905 0.010645 0.002644 0.005818 0.004156 0.006171 0.016804 0.019053 0.003401 0.011845 0.007630 0.017777 0.015981 0.010423 0.005226 0.004093 0.012672 0.006166 0.005797 0.007515 0.000000 0.000000 0.000000 0.000000 0.000000 0.000000 0.000000 0.000000 
0.011844 0.003030 0.015901 0.003080 0.005429 0.005967 0.011143 0.011959 0.002431 0.002980 0.007378 0.002675 0.005824 0.008680 0.007775 0.005225 0.002021 0.007371 0.007169 0.003784 0.006931 0.004491 0.005989 0.006625 0.003737 0.002999 0.015953 0.031937 0.008793 0.023145 0.018382 0.002989 0.002586 0.005352 0.011962 0.006615 0.009881 0.012302 0.015471 0.019763 0.007630 0.010145 0.012186 0.010423 0.009447 0.004093 0.012672 0.006166 0.005797 0.007515 0.000000 0.000000 0.000000 0.000000 0.000000 0.000000 0.000000 0.000000 0.000000 0.000000 
0.013318 0.010217 0.003550 0.007830 0.007189 0.005390 0.003242 0.007474 0.003963 0.007797 0.003867 0.003732 0.008821 0.004216 0.003261 0.003131 0.001071 0.014286 0.005677 0.003313 0.003053 0.005693 0.002300 0.003398 0.001606 0.003866 0.002276 0.003343 0.014889 0.006315 0.001344 0.006488 0.005662 0.013371 0.009748 0.016308 0.009486 0.007843 0.014881 0.010145 0.014073 0.007905 0.009447 0.004093 0.012672 0.011531 0.005797 0.007515 0.000000 0.000000 0.000000 0.000000 0.000000 0.000000 0.000000 0.000000 0.000000 0.000000 0.000000 0.000000 
0.016733 0.005544 0.002864 0.004602 0.002903 0.007911 0.001399 0.008352 0.009428 0.006269 0.014544 0.002597 0.006208 0.004476 0.002950 0.005378 0.002347 0.004666 0.001146 0.005286 0.001740 0.009732 0.003787 0.005049 0.009280 0.012319 0.007330 0.006470 0.004761 0.009789 0.006975 0.011067 0.007524 0.017089 0.028040 0.024258 0.012483 0.012241 0.010961 0.013595 0.007720 0.017230 0.011531 0.005797 0.007515 0.000000 0.000000 0.000000 0.000000 0.000000 0.000000 0.000000 0.000000 0.000000 0.000000 0.000000 0.000000 0.000000 0.000000 0.000000 
0.007515 0.005797 0.011531 0.017230 0.007720 0.013595 0.010961 0.012241 0.026856 0.025424 0.007485 0.024133 0.007868 0.005767 0.005394 0.007760 0.014499 0.003394 0.003397 0.001728 0.002987 0.004664 0.012354 0.007552 0.011125 0.006529 0.001992 0.004973 0.013352 0.005331 0.005289 0.008614 0.010602 0.002520 0.005284 0.005126 0.002790 0.007169 0.006797 0.009713 0.004369 0.006787 0.007957 0.004572 0.000000 0.000000 0.000000 0.000000 0.000000 0.000000 0.000000 0.000000 0.000000 0.000000 0.000000 0.000000 0.000000 0.000000 0.000000 0.000000 
0.007515 0.005797 0.011531 0.017230 0.009655 0.008450 0.005173 0.010094 0.019552 0.018237 0.018338 0.021134 0.007831 0.003755 0.006502 0.004476 0.011345 0.009308 0.008303 0.004122 0.004309 0.008251 0.007079 0.009494 0.007199 0.007789 0.008395 0.002594 0.005300 0.002497 0.001396 0.010117 0.004903 0.001891 0.003248 0.001817 0.009836 0.000842 0.003873 0.005856 0.000705 0.014276 0.008656 0.003351 0.006047 0.008305 0.005696 0.000000 0.000000 0.000000 0.000000 0.000000 0.000000 0.000000 0.000000 0.000000 0.000000 0.000000 0.000000 0.000000 
0.007515 0.005797 0.011531 0.018636 0.009655 0.008450 0.005173 0.008981 0.014168 0.011187 0.018338 0.010520 0.010740 0.004018 0.003967 0.021711 0.008482 0.008082 0.007763 0.004518 0.002617 0.002352 0.004673 0.013896 0.008114 0.001411 0.009249 0.009319 0.006052 0.005238 0.002632 0.004315 0.003474 0.004546 0.004990 0.011796 0.003287 0.004809 0.006797 0.006477 0.013191 0.010535 0.009284 0.002316 0.004087 0.008460 0.004468 0.011001 0.009254 0.000000 0.000000 0.000000 0.000000 0.000000 0.000000 0.000000 0.000000 0.000000 0.000000 0.000000 
0.007515 0.005797 0.015563 0.018636 0.009655 0.003046 0.012400 0.005986 0.005689 0.005790 0.017818 0.023585 0.011330 0.015090 0.004546 0.026229 0.006384 0.007169 0.002395 0.006009 0.005181 0.001572 0.001325 0.002057 0.004778 0.000922 0.007766 0.002781 0.007954 0.003488 0.005966 0.008526 0.007657 0.002595 0.007238 0.009732 0.001876 0.006873 0.004441 0.002177 0.005334 0.001427 0.002962 0.006232 0.003037 0.011710 0.004593 0.011968 0.007765 0.009223 0.013566 0.000000 0.000000 0.000000 0.000000 0.000000 0.000000 0.000000 0.000000 0.000000 
0.007515 0.005797 0.015563 0.018636 0.004402 0.003046 0.008219 0.005986 0.004776 0.018673 0.017818 0.008426 0.019780 0.010628 0.017984 0.013943 0.004826 0.006737 0.027098 0.010208 0.001440 0.009368 0.005072 0.000388 0.006924 0.001312 0.001759 0.005317 0.011765 0.011703 0.007226 0.015046 0.029680 0.006363 0.019952 0.005090 0.002668 0.004164 0.003715 0.005072 0.008610 0.010201 0.025877 0.014929 0.006332 0.009691 0.010048 0.032869 0.006841 0.009785 0.004235 0.009632 0.007558 0.000000 0.000000 0.000000 0.000000 0.000000 0.000000 0.000000 
0.007515 0.004991 0.015563 0.024819 0.004402 0.003049 0.008219 0.012874 0.004776 0.015825 0.026380 0.020332 0.016364 0.010004 0.023056 0.006716 0.017329 0.005021 0.026594 0.017858 0.005968 0.014220 0.004116 0.009123 0.002734 0.000684 0.004027 0.003607 0.003242 0.012015 0.007996 0.006382 0.005382 0.008885 0.001945 0.006771 0.009990 0.008628 0.004539 0.004038 0.005545 0.020276 0.012773 0.014864 0.027083 0.010265 0.007222 0.014896 0.006364 0.012884 0.018358 0.010316 0.009350 0.019889 0.020042 0.000000 0.000000 0.000000 0.000000 0.000000 
0.007515 0.004991 0.015563 0.024819 0.004402 0.003049 0.010346 0.012874 0.007080 0.015825 0.027272 0.017981 0.005076 0.015687 0.026888 0.012772 0.003224 0.006321 0.027086 0.026739 0.007620 0.010036 0.008076 0.010609 0.006811 0.005859 0.001792 0.005860 0.007894 0.004687 0.002300 0.008309 0.002045 0.001917 0.006007 0.017040 0.004310 0.003859 0.003147 0.003181 0.007406 0.007311 0.018157 0.027669 0.009471 0.006380 0.016942 0.011055 0.006514 0.005280 0.011403 0.012642 0.003489 0.014325 0.025202 0.011634 0.006604 0.000000 0.000000 0.000000 
0.007515 0.004991 0.015563 0.024819 0.007524 0.003049 0.010346 0.014496 0.007080 0.006686 0.010225 0.017981 0.016482 0.016182 0.004513 0.010961 0.008283 0.019881 0.010184 0.022132 0.013836 0.010027 0.011694 0.018296 0.009216 0.019572 0.003898 0.003665 0.000973 0.015864 0.011080 0.006785 0.003671 0.004941 0.000765 0.002769 0.005266 0.004577 0.001399 0.003119 0.007925 0.009523 0.004261 0.008117 0.011901 0.011978 0.007533 0.009974 0.003339 0.035222 0.004166 0.011614 0.015714 0.028766 0.012032 0.004460 0.007432 0.016783 0.000000 0.000000 
0.007515 0.004991 0.015563 0.024819 0.007524 0.003020 0.010346 0.014496 0.017423 0.014858 0.010225 0.015427 0.010888 0.009416 0.023567 0.010607 0.016218 0.008076 0.013902 0.009078 0.006601 0.025267 0.021646 0.012806 0.006467 0.010805 0.031899 0.007726 0.019391 0.008874 0.007823 0.003014 0.004538 0.001064 0.005376 0.005711 0.004447 0.004498 0.002466 0.003658 0.001901 0.006281 0.005373 0.006070 0.002753 0.005573 0.001592 0.002637 0.008344 0.007800 0.017285 0.007476 0.003624 0.003302 0.009717 0.006874 0.009610 0.011280 0.012846 0.000000 
0.007515 0.004991 0.007665 0.024819 0.007524 0.003020 0.015868 0.013148 0.013266 0.014858 0.012836 0.017406 0.009903 0.003069 0.017252 0.004819 0.014633 0.006328 0.009979 0.023193 0.013309 0.020981 0.016170 0.016921 0.017783 0.018036 0.057236 0.007720 0.008779 0.011242 0.014656 0.006055 0.007111 0.002265 0.003261 0.014066 0.001302 0.002652 0.004706 0.010948 0.008754 0.014086 0.002428 0.004104 0.004023 0.004247 0.002146 0.003336 0.002447 0.004147 0.007720 0.001677 0.008831 0.005920 0.002642 0.003776 0.000884 0.001553 0.008762 0.006235 
0.007515 0.004991 0.007665 0.019852 0.007524 0.003020 0.015868 0.013148 0.013266 0.016798 0.016833 0.015285 0.009903 0.003069 0.007352 0.016752 0.007877 0.005773 0.006232 0.016539 0.010754 0.025862 0.013896 0.008355 0.010370 0.012700 0.023882 0.008317 0.024055 0.018208 0.003829 0.006212 0.003253 0.014075 0.008158 0.004844 0.006159 0.002288 0.006118 0.005794 0.009798 0.001674 0.008764 0.009135 0.002811 0.005026 0.003264 0.004089 0.003017 0.003663 0.006120 0.003567 0.004220 0.006906 0.010961 0.011243 0.011055 0.004251 0.003977 0.005921 
0.007515 0.004991 0.007665 0.019852 0.016197 0.006975 0.008270 0.013224 0.013266 0.016798 0.016833 0.015285 0.012516 0.018112 0.012503 0.022861 0.010726 0.011750 0.009727 0.006353 0.003654 0.003836 0.016314 0.006985 0.012401 0.012759 0.011715 0.006957 0.010604 0.018226 0.007825 0.001622 0.002658 0.005859 0.009830 0.003179 0.013422 0.005858 0.004505 0.005384 0.001529 0.008614 0.004658 0.006107 0.005819 0.014528 0.012560 0.001443 0.002313 0.002479 0.004710 0.016688 0.015196 0.003767 0.003301 0.005923 0.006268 0.002646 0.010563 0.004861 
0.007515 0.004991 0.007665 0.019852 0.016197 0.006975 0.008270 0.013224 0.006866 0.007821 0.019649 0.013834 0.009100 0.011469 0.022161 0.003275 0.017616 0.020906 0.028819 0.004044 0.007851 0.010330 0.011308 0.009152 0.008545 0.001551 0.007417 0.005212 0.005476 0.006654 0.003770 0.001941 0.005375 0.002644 0.001066 0.006935 0.000807 0.002326 0.001866 0.002670 0.005635 0.008303 0.009249 0.008374 0.000878 0.003383 0.002493 0.002797 0.003237 0.008311 0.004712 0.004764 0.000601 0.003404 0.004158 0.005154 0.006386 0.011038 0.004441 0.001926 
