0.005936 0.002975 0.001338 0.001292 0.001092 0.001075 0.002150 0.000966 0.001163 0.004503 0.001451 0.003551 0.002081 0.000358 0.001975 0.002438 0.001153 0.000709 0.004189 0.001798 0.002290 0.006201 0.013086 0.021245 0.031027 0.003485 0.026505 0.066495 0.055451 0.073400 0.032155 0.199640 0.171120 0.044028 0.039060 0.076826 0.037154 0.096703 0.033906 0.048497 
0.005936 0.002975 0.001338 0.001292 0.001092 0.001075 0.002150 0.001538 0.001029 0.006357 0.002331 0.003325 0.001580 0.000872 0.000637 0.004284 0.001687 0.004084 0.006038 0.000987 0.009378 0.013175 0.023953 0.151358 0.052194 0.077934 0.124830 0.111763 0.223433 0.040708 0.041158 0.050468 0.052758 0.024337 0.055277 0.062946 0.102614 0.140337 0.065344 0.061109 
0.005936 0.002975 0.001338 0.001292 0.004701 0.003700 0.001614 0.001538 0.001029 0.006357 0.002331 0.003325 0.002985 0.001284 0.002407 0.006459 0.006844 0.004916 0.004111 0.002354 0.034100 0.047035 0.044466 0.223944 0.088199 0.123303 0.122167 0.030516 0.045221 0.022650 0.008318 0.008190 0.051344 0.069107 0.155380 0.074036 0.032374 0.037481 0.016953 0.020762 
0.005936 0.002975 0.001338 0.002318 0.004701 0.003700 0.001614 0.001538 0.002174 0.000912 0.000645 0.001451 0.002985 0.001809 0.002956 0.002394 0.016988 0.004345 0.049242 0.053196 0.044473 0.044431 0.048459 0.043449 0.046884 0.034612 0.034313 0.003429 0.014926 0.008264 0.006239 0.031007 0.023831 0.033039 0.020538 0.009734 0.006094 0.009290 0.039163 0.036725 
0.005936 0.002975 0.001197 0.002318 0.004701 0.003700 0.002041 0.005549 0.002174 0.000912 0.002572 0.001184 0.000653 0.001809 0.002293 0.006574 0.006983 0.007659 0.072337 0.093543 0.282535 0.131479 0.019592 0.017292 0.018073 0.013406 0.006644 0.007289 0.006588 0.005551 0.006937 0.012299 0.028412 0.016120 0.021158 0.046488 0.011660 0.033550 0.145824 0.129615 
0.005936 0.002975 0.001197 0.002318 0.004701 0.000978 0.002041 0.005549 0.000541 0.002059 0.002572 0.001184 0.003947 0.007297 0.002293 0.021120 0.058784 0.045824 0.109287 0.103672 0.120156 0.117789 0.053153 0.009765 0.006572 0.001755 0.007312 0.004303 0.001482 0.002557 0.005592 0.106226 0.018643 0.016676 0.013156 0.017869 0.044063 0.051714 0.121993 0.000000 
0.005936 0.002975 0.001197 0.002318 0.009053 0.000978 0.002041 0.003117 0.000541 0.001641 0.001838 0.002330 0.009629 0.041501 0.093965 0.019778 0.082189 0.045154 0.099789 0.041153 0.068634 0.033628 0.069593 0.009426 0.049523 0.009451 0.032201 0.046862 0.003113 0.128588 0.015514 0.038626 0.019265 0.023639 0.022506 0.032163 0.013715 0.045405 0.000000 0.000000 
0.005936 0.002975 0.001197 0.002318 0.009053 0.000978 0.002611 0.003117 0.001186 0.001641 0.012157 0.008108 0.045774 0.106520 0.128108 0.082739 0.021719 0.033263 0.021322 0.028815 0.017699 0.016126 0.110914 0.044444 0.032364 0.009002 0.053305 0.039463 0.047399 0.056498 0.049999 0.033585 0.095412 0.085049 0.030864 0.034131 0.028815 0.000000 0.000000 0.000000 
0.005936 0.001132 0.001197 0.001453 0.009053 0.003146 0.002611 0.001035 0.001186 0.004964 0.012157 0.027832 0.041238 0.122160 0.121807 0.033248 0.039667 0.052475 0.056992 0.018862 0.074493 0.024335 0.046733 0.013532 0.002451 0.073935 0.081712 0.031696 0.055733 0.021262 0.003069 0.008728 0.026535 0.026982 0.038874 0.048128 0.000000 0.000000 0.000000 0.000000 
0.005936 0.001132 0.001197 0.001453 0.005711 0.003146 0.005556 0.000682 0.003489 0.004370 0.005920 0.060363 0.022965 0.034720 0.058745 0.016519 0.036410 0.036061 0.034096 0.059179 0.075795 0.054070 0.133579 0.077306 0.043400 0.115696 0.027807 0.015616 0.011074 0.040254 0.035679 0.025296 0.026863 0.003162 0.044078 0.000000 0.000000 0.000000 0.000000 0.000000 
0.005936 0.001132 0.002034 0.001453 0.005711 0.000826 0.000512 0.000682 0.005150 0.002972 0.098301 0.019260 0.037254 0.057893 0.070395 0.032518 0.038874 0.080988 0.157961 0.060962 0.025982 0.005417 0.008589 0.167323 0.012404 0.051005 0.023012 0.028275 0.022243 0.027193 0.058396 0.027569 0.028229 0.000000 0.000000 0.000000 0.000000 0.000000 0.000000 0.000000 
0.005936 0.001132 0.002034 0.000837 0.005711 0.000826 0.000512 0.006533 0.004088 0.054444 0.098301 0.081646 0.040796 0.018236 0.007193 0.052535 0.067289 0.167610 0.096354 0.061012 0.107655 0.035572 0.013427 0.018555 0.006500 0.005462 0.027327 0.016407 0.009207 0.052592 0.021076 0.018792 0.000000 0.000000 0.000000 0.000000 0.000000 0.000000 0.000000 0.000000 
0.005936 0.001132 0.002034 0.000837 0.000827 0.002928 0.003157 0.005874 0.020392 0.119153 0.061764 0.056126 0.018362 0.009672 0.016019 0.050127 0.056579 0.042815 0.020143 0.068849 0.059773 0.013919 0.029107 0.018484 0.004348 0.033039 0.046547 0.074555 0.037343 0.026738 0.000000 0.000000 0.000000 0.000000 0.000000 0.000000 0.000000 0.000000 0.000000 0.000000 
0.005936 0.001132 0.002034 0.000837 0.000827 0.002928 0.003157 0.005874 0.010538 0.030830 0.075381 0.017786 0.013752 0.014715 0.009143 0.027396 0.122132 0.049174 0.029520 0.044317 0.054545 0.028601 0.036774 0.011796 0.033059 0.062591 0.081509 0.045258 0.038655 0.034202 0.000000 0.000000 0.000000 0.000000 0.000000 0.000000 0.000000 0.000000 0.000000 0.000000 
0.005936 0.001132 0.002034 0.000857 0.002242 0.001794 0.005292 0.003470 0.003953 0.066724 0.059921 0.063511 0.048283 0.116341 0.023161 0.042334 0.059051 0.048050 0.034117 0.089553 0.016136 0.064937 0.087153 0.035154 0.014710 0.046609 0.055800 0.033778 0.029507 0.016567 0.057916 0.072819 0.000000 0.000000 0.000000 0.000000 0.000000 0.000000 0.000000 0.000000 
0.005936 0.001132 0.000753 0.000857 0.002242 0.002773 0.002046 0.009185 0.003953 0.037101 0.099805 0.066088 0.011722 0.039333 0.080348 0.032116 0.063163 0.103788 0.057672 0.016990 0.009585 0.040788 0.027001 0.058485 0.026714 0.010997 0.111065 0.035154 0.042815 0.021688 0.042247 0.058555 0.029708 0.012745 0.000000 0.000000 0.000000 0.000000 0.000000 0.000000 
0.005936 0.001132 0.000753 0.000857 0.000915 0.002773 0.002046 0.003774 0.008426 0.037101 0.044547 0.049871 0.034860 0.052863 0.082321 0.062020 0.018528 0.029356 0.018406 0.056718 0.094744 0.057075 0.031806 0.066728 0.064004 0.035057 0.005096 0.062984 0.010974 0.016622 0.035197 0.010705 0.070076 0.083754 0.010705 0.000000 0.000000 0.000000 0.000000 0.000000 
0.005936 0.001132 0.000753 0.000857 0.000915 0.002773 0.003913 0.003774 0.002918 0.015415 0.047442 0.082166 0.034860 0.029818 0.054056 0.070254 0.026056 0.021483 0.037564 0.015868 0.101773 0.072842 0.063124 0.047134 0.018654 0.024947 0.019795 0.037704 0.022192 0.012144 0.047825 0.017546 0.022291 0.057059 0.017397 0.008120 0.000000 0.000000 0.000000 0.000000 
0.005936 0.006372 0.000753 0.001738 0.000915 0.001790 0.003913 0.002720 0.002918 0.001428 0.047442 0.073114 0.154593 0.069053 0.026211 0.054318 0.062942 0.030039 0.018152 0.027516 0.049278 0.030454 0.073242 0.012003 0.016784 0.009415 0.015604 0.006913 0.003021 0.012615 0.027249 0.015857 0.027883 0.074865 0.023618 0.009416 0.025622 0.000000 0.000000 0.000000 
0.005936 0.006372 0.000753 0.001738 0.000915 0.001790 0.000991 0.002720 0.009300 0.002945 0.049771 0.103319 0.123861 0.023950 0.036729 0.005929 0.038502 0.045136 0.010672 0.017417 0.039740 0.050840 0.041046 0.037107 0.026936 0.020820 0.013064 0.012904 0.007331 0.003162 0.029993 0.056521 0.081282 0.069494 0.014444 0.011153 0.004937 0.034842 0.000000 0.000000 
0.005936 0.006372 0.000753 0.001738 0.002411 0.001790 0.000991 0.001987 0.009300 0.002945 0.003371 0.008030 0.030124 0.033651 0.025250 0.076991 0.139725 0.154148 0.017686 0.027342 0.046186 0.033887 0.045089 0.071622 0.030458 0.037588 0.038382 0.014886 0.013541 0.010379 0.042112 0.021568 0.035828 0.068541 0.021710 0.029024 0.009756 0.008758 0.012700 0.000000 
0.005936 0.006372 0.003534 0.001738 0.002411 0.002001 0.001149 0.001987 0.006713 0.005013 0.007882 0.008030 0.016926 0.011393 0.015171 0.026480 0.084832 0.061167 0.022959 0.006588 0.051683 0.039572 0.053057 0.039163 0.028423 0.057336 0.068483 0.044175 0.009731 0.024684 0.066429 0.141244 0.078926 0.086316 0.026687 0.007204 0.008196 0.013183 0.046733 0.023979 
0.005936 0.006372 0.003534 0.001738 0.002411 0.002001 0.001149 0.003662 0.005013 0.005013 0.007882 0.022959 0.019520 0.034003 0.015171 0.026480 0.030806 0.094201 0.055606 0.018368 0.037820 0.040494 0.063170 0.037907 0.032015 0.037657 0.050569 0.008583 0.017397 0.019693 0.010845 0.049840 0.027592 0.040374 0.066985 0.033957 0.009033 0.025040 0.023405 0.086490 
0.005936 0.006372 0.003534 0.002894 0.002097 0.002001 0.001149 0.003662 0.005013 0.004169 0.009275 0.046776 0.033511 0.041897 0.075541 0.039494 0.077981 0.045167 0.038428 0.030876 0.009130 0.016156 0.035695 0.042617 0.064790 0.035350 0.071112 0.074241 0.017894 0.006074 0.006212 0.007832 0.074206 0.105923 0.101870 0.035635 0.009236 0.008573 0.014648 0.014454 
0.005936 0.006372 0.003534 0.002894 0.002097 0.001278 0.000756 0.001049 0.006596 0.015742 0.009275 0.046776 0.033511 0.041897 0.075541 0.126387 0.204810 0.133610 0.035158 0.011826 0.010702 0.013406 0.022014 0.052679 0.079042 0.060055 0.057757 0.014483 0.020287 0.022407 0.013663 0.014609 0.032147 0.057939 0.057474 0.017757 0.003485 0.026226 0.095697 0.048980 
0.005936 0.006372 0.003534 0.002894 0.002097 0.001278 0.000756 0.001049 0.006596 0.015742 0.005413 0.011021 0.030233 0.008789 0.032085 0.057474 0.055800 0.048534 0.057544 0.018600 0.043094 0.030481 0.028074 0.087548 0.034689 0.059578 0.095750 0.073749 0.024331 0.015310 0.035064 0.027342 0.013834 0.056265 0.025490 0.018245 0.012020 0.013098 0.049275 0.028133 
0.005936 0.006372 0.003534 0.002894 0.002097 0.001278 0.000756 0.001000 0.002149 0.002368 0.002405 0.011250 0.039021 0.026918 0.070021 0.150195 0.188604 0.068285 0.049131 0.061031 0.022354 0.013274 0.064403 0.056691 0.025517 0.018891 0.022363 0.019857 0.054176 0.052812 0.065178 0.045502 0.045258 0.006349 0.015825 0.014078 0.007558 0.003236 0.024258 0.020026 
0.005936 0.006372 0.003534 0.002894 0.002952 0.001633 0.000584 0.001000 0.002149 0.002368 0.005381 0.004759 0.025668 0.033135 0.006402 0.017643 0.051615 0.030620 0.017593 0.006089 0.009591 0.032928 0.043106 0.019767 0.033771 0.069024 0.041496 0.026738 0.054831 0.051022 0.042408 0.010254 0.017244 0.037169 0.047186 0.025918 0.009756 0.016027 0.093930 0.119133 
0.005936 0.006372 0.003534 0.001371 0.002952 0.001633 0.000584 0.001000 0.002546 0.001505 0.005381 0.004759 0.025668 0.047396 0.019840 0.036171 0.067818 0.030620 0.023583 0.041815 0.036938 0.027160 0.017252 0.072313 0.030597 0.153811 0.204600 0.009521 0.026311 0.019441 0.014095 0.027098 0.089776 0.096193 0.026825 0.025158 0.011887 0.004937 0.021468 0.093775 
0.005936 0.006372 0.000778 0.001371 0.002952 0.001633 0.001360 0.001179 0.002546 0.000799 0.005975 0.034873 0.050987 0.015345 0.013551 0.011276 0.049108 0.089768 0.073145 0.037745 0.076865 0.115157 0.029117 0.035398 0.017374 0.023314 0.038281 0.057689 0.016194 0.019284 0.045896 0.051470 0.098348 0.106764 0.065379 0.039738 0.013043 0.008951 0.012319 0.233988 
0.005936 0.006372 0.000778 0.001371 0.002952 0.002733 0.001360 0.001179 0.001577 0.000799 0.005975 0.003178 0.002577 0.015345 0.010650 0.025639 0.049108 0.017959 0.018484 0.001933 0.019693 0.040833 0.058194 0.037936 0.022739 0.039157 0.057040 0.034144 0.062508 0.018499 0.036402 0.313333 0.221604 0.032690 0.013488 0.021429 0.011410 0.003866 0.014791 0.000000 
0.005936 0.006372 0.000778 0.001371 0.001390 0.002733 0.001360 0.002540 0.001577 0.001551 0.000814 0.003178 0.000527 0.007984 0.012478 0.041073 0.049802 0.104974 0.031732 0.016847 0.007731 0.033499 0.030477 0.042391 0.058532 0.105778 0.020042 0.017147 0.005592 0.105383 0.038653 0.018061 0.049906 0.031678 0.030225 0.037595 0.007800 0.006551 0.000000 0.000000 
0.005936 0.001941 0.000778 0.001837 0.001390 0.001250 0.000727 0.001197 0.001085 0.002749 0.007148 0.006747 0.010148 0.005875 0.019170 0.023248 0.044028 0.078599 0.021167 0.039230 0.014589 0.012596 0.036813 0.010606 0.001066 0.003569 0.006799 0.029092 0.013915 0.010959 0.026025 0.025162 0.034865 0.009755 0.013776 0.041056 0.038915 0.000000 0.000000 0.000000 
0.005936 0.001941 0.000778 0.001837 0.001390 0.001250 0.000727 0.001197 0.000436 0.002749 0.005473 0.006747 0.003469 0.005875 0.004874 0.018538 0.067890 0.043245 0.051319 0.011842 0.028946 0.028598 0.037609 0.004495 0.006884 0.003500 0.005655 0.004798 0.038363 0.068681 0.043576 0.048283 0.019422 0.056827 0.028365 0.062264 0.000000 0.000000 0.000000 0.000000 
0.005936 0.001941 0.000778 0.001837 0.000902 0.001250 0.002007 0.000994 0.000436 0.001252 0.000913 0.003899 0.003323 0.008344 0.003420 0.012361 0.022310 0.042478 0.022080 0.033480 0.055713 0.032674 0.051979 0.016976 0.028431 0.013853 0.020446 0.026143 0.067863 0.044303 0.056052 0.085492 0.053475 0.022878 0.000000 0.000000 0.000000 0.000000 0.000000 0.000000 
0.005936 0.001941 0.001205 0.001837 0.000902 0.001988 0.003003 0.000994 0.002260 0.002286 0.002158 0.001707 0.004537 0.005661 0.001003 0.002802 0.255413 0.045000 0.055971 0.021828 0.058485 0.032845 0.035671 0.025749 0.034937 0.037975 0.065844 0.057397 0.034984 0.058183 0.022971 0.033084 0.081608 0.000000 0.000000 0.000000 0.000000 0.000000 0.000000 0.000000 
0.005936 0.001941 0.001205 0.002149 0.000902 0.001988 0.003003 0.003306 0.001511 0.004394 0.001817 0.002430 0.004621 0.001825 0.033589 0.004563 0.014389 0.014663 0.007609 0.062727 0.038450 0.072589 0.026772 0.008709 0.015936 0.029231 0.045303 0.033556 0.045198 0.013872 0.005896 0.000000 0.000000 0.000000 0.000000 0.000000 0.000000 0.000000 0.000000 0.000000 
0.005936 0.001941 0.001205 0.002149 0.001504 0.004325 0.002089 0.001095 0.002426 0.002135 0.009486 0.001628 0.001685 0.011133 0.006737 0.002248 0.005904 0.007568 0.052929 0.008289 0.075481 0.062744 0.045407 0.020059 0.005595 0.008118 0.006026 0.036150 0.034798 0.022165 0.000000 0.000000 0.000000 0.000000 0.000000 0.000000 0.000000 0.000000 0.000000 0.000000 
0.024744 0.027206 0.035243 0.045137 0.008020 0.021743 0.020811 0.036495 0.023638 0.012410 0.035230 0.013020 0.019714 0.049034 0.001322 0.011988 0.010391 0.002531 0.002354 0.002807 0.002997 0.000875 0.002075 0.001990 0.003516 0.003413 0.001504 0.002149 0.001205 0.001941 0.005936 0.000000 0.000000 0.000000 0.000000 0.000000 0.000000 0.000000 0.000000 0.000000 
0.035055 0.015463 0.031016 0.009571 0.040490 0.043152 0.095069 0.037340 0.029836 0.004642 0.010489 0.025470 0.038907 0.021344 0.030234 0.006692 0.006123 0.001321 0.001505 0.000986 0.003784 0.001333 0.002468 0.001766 0.001990 0.003516 0.003413 0.001847 0.002138 0.001205 0.001941 0.005936 0.000000 0.000000 0.000000 0.000000 0.000000 0.000000 0.000000 0.000000 
0.056139 0.096418 0.022727 0.024482 0.014663 0.040936 0.144150 0.037650 0.037037 0.082883 0.046384 0.015046 0.067251 0.012051 0.056792 0.049608 0.007688 0.001763 0.000676 0.001582 0.003557 0.002065 0.001965 0.003871 0.001729 0.001766 0.001758 0.002232 0.001177 0.001847 0.002138 0.001588 0.001941 0.005936 0.000000 0.000000 0.000000 0.000000 0.000000 0.000000 
0.123388 0.033852 0.104916 0.026156 0.055008 0.026397 0.047849 0.051584 0.008544 0.006147 0.013725 0.005340 0.012502 0.019941 0.051354 0.075946 0.023253 0.001142 0.001513 0.001630 0.001691 0.002919 0.001783 0.000647 0.002237 0.001729 0.000567 0.002252 0.002232 0.001177 0.000765 0.002138 0.001588 0.001941 0.005936 0.000000 0.000000 0.000000 0.000000 0.000000 
0.013458 0.011265 0.008231 0.006017 0.009750 0.037435 0.036520 0.009730 0.030152 0.017918 0.031806 0.049375 0.014215 0.023949 0.014710 0.018097 0.033193 0.005859 0.003623 0.001476 0.001363 0.001620 0.004853 0.001629 0.001933 0.001994 0.001014 0.001415 0.002304 0.001798 0.000988 0.002139 0.000765 0.001143 0.001588 0.001316 0.005936 0.000000 0.000000 0.000000 
0.062775 0.018201 0.008679 0.024118 0.054928 0.005913 0.059892 0.065009 0.014289 0.006185 0.129793 0.045896 0.031465 0.069390 0.026121 0.055213 0.004586 0.002419 0.002639 0.000660 0.001181 0.001184 0.000954 0.002838 0.001629 0.000888 0.001994 0.002146 0.001415 0.002216 0.001798 0.000988 0.002139 0.000765 0.001143 0.001588 0.001316 0.005936 0.000000 0.000000 
0.027152 0.041625 0.068192 0.093969 0.069944 0.149521 0.101796 0.075262 0.115266 0.013183 0.010769 0.058852 0.069564 0.048646 0.022165 0.021803 0.105648 0.001661 0.005080 0.001388 0.001383 0.000831 0.000882 0.000954 0.001430 0.001848 0.001353 0.001178 0.002146 0.001383 0.002216 0.001798 0.000871 0.002139 0.001528 0.001143 0.001588 0.001316 0.005936 0.000000 
0.066999 0.075144 0.053878 0.011501 0.011940 0.009100 0.062153 0.012063 0.011855 0.004111 0.003021 0.000929 0.012686 0.013555 0.049058 0.026661 0.031363 0.002370 0.002089 0.003312 0.003536 0.001085 0.000551 0.001573 0.003109 0.000694 0.002797 0.000363 0.001582 0.001383 0.001990 0.002393 0.000871 0.003130 0.001528 0.001143 0.001588 0.001316 0.005936 0.000000 
0.038640 0.011941 0.024703 0.001579 0.002948 0.003665 0.002167 0.004259 0.003870 0.002246 0.002815 0.002470 0.005425 0.011703 0.016973 0.055219 0.043602 0.027088 0.003929 0.005042 0.005288 0.000477 0.001536 0.001729 0.001503 0.001356 0.002606 0.002797 0.000363 0.001397 0.001758 0.001990 0.002393 0.005866 0.003130 0.001528 0.001143 0.001370 0.001316 0.005936 
0.020452 0.017357 0.006020 0.002034 0.013738 0.005195 0.006957 0.004418 0.002290 0.003453 0.004870 0.003889 0.025435 0.036328 0.043776 0.022335 0.051104 0.005284 0.002780 0.004172 0.001156 0.000868 0.003688 0.001455 0.001465 0.002042 0.001473 0.001344 0.001610 0.001397 0.001831 0.001261 0.001430 0.005866 0.003130 0.001528 0.001081 0.001370 0.001316 0.005936 
0.022754 0.029376 0.033418 0.021576 0.010740 0.022243 0.140779 0.060264 0.031936 0.019585 0.002177 0.018658 0.018989 0.039209 0.040424 0.054219 0.014483 0.040978 0.004333 0.001154 0.005481 0.006101 0.001626 0.002016 0.001455 0.002830 0.003392 0.003081 0.000480 0.001812 0.001124 0.001831 0.001261 0.001430 0.005866 0.001651 0.000992 0.001081 0.001370 0.001316 
0.035551 0.007130 0.038855 0.045121 0.045524 0.135897 0.074001 0.051429 0.041005 0.017849 0.068448 0.030899 0.048469 0.018879 0.013488 0.018181 0.038607 0.065730 0.015563 0.012292 0.005511 0.009045 0.003592 0.001364 0.002009 0.001455 0.005138 0.004406 0.000567 0.001984 0.004043 0.003010 0.002270 0.012044 0.006148 0.001651 0.000992 0.001081 0.001370 0.001316 
0.021402 0.024168 0.009964 0.016301 0.031326 0.044303 0.012912 0.038056 0.028210 0.027203 0.025168 0.048719 0.019344 0.022266 0.019805 0.057050 0.032054 0.049503 0.045322 0.018124 0.005511 0.009045 0.003592 0.001364 0.002009 0.001455 0.005138 0.004406 0.000567 0.001984 0.004043 0.003010 0.002270 0.012044 0.006148 0.001651 0.000992 0.001081 0.001370 0.001316 
0.064976 0.027629 0.030583 0.002674 0.015793 0.005071 0.017760 0.010593 0.087459 0.041664 0.092690 0.048147 0.026699 0.018484 0.005723 0.028826 0.040600 0.041800 0.063961 0.062833 0.013688 0.003727 0.001612 0.005242 0.005051 0.001622 0.001086 0.002025 0.001689 0.003287 0.003680 0.002093 0.003943 0.012241 0.000827 0.001651 0.000992 0.001081 0.001370 0.001316 
0.021561 0.109205 0.037433 0.057079 0.007417 0.003418 0.071808 0.110011 0.069959 0.078926 0.063147 0.038830 0.020466 0.031758 0.103587 0.029539 0.045824 0.052661 0.049383 0.090059 0.036231 0.011721 0.001609 0.005051 0.003807 0.001277 0.006058 0.007324 0.004165 0.002381 0.002093 0.003943 0.012241 0.000827 0.000681 0.002140 0.001081 0.001370 0.001316 0.005936 
0.073559 0.078120 0.011586 0.014570 0.048240 0.079841 0.019181 0.089672 0.054521 0.025947 0.060528 0.042819 0.052679 0.044814 0.041722 0.002968 0.039640 0.027375 0.034422 0.034502 0.066042 0.061818 0.015339 0.025364 0.003299 0.006777 0.015345 0.006931 0.009166 0.002381 0.001473 0.001712 0.001964 0.000827 0.000681 0.002140 0.002015 0.001370 0.001316 0.005936 
0.050332 0.006239 0.061892 0.035241 0.014281 0.014702 0.034050 0.039641 0.064238 0.056013 0.060074 0.032736 0.032416 0.102271 0.017089 0.007248 0.024467 0.006136 0.039637 0.014194 0.079050 0.029841 0.071021 0.005006 0.003350 0.010598 0.006931 0.009166 0.003910 0.004219 0.001712 0.001964 0.001144 0.000681 0.002140 0.002015 0.001998 0.001316 0.005936 0.000000 
0.002116 0.004134 0.003793 0.002131 0.031233 0.010823 0.015184 0.013083 0.026598 0.010251 0.009684 0.008536 0.022911 0.203624 0.081104 0.061182 0.007884 0.012729 0.043602 0.034741 0.015537 0.007541 0.012235 0.014810 0.009815 0.009482 0.003322 0.009137 0.013106 0.004219 0.004846 0.003570 0.001144 0.000860 0.002140 0.002015 0.001998 0.001316 0.005936 0.000000 
0.000790 0.005754 0.004103 0.001425 0.001947 0.012648 0.019442 0.031713 0.071300 0.042373 0.010145 0.006350 0.050559 0.092008 0.082968 0.039281 0.010004 0.014909 0.085870 0.068390 0.030841 0.018664 0.014810 0.025383 0.032591 0.007788 0.005724 0.013106 0.007383 0.004846 0.003570 0.000853 0.000860 0.001897 0.002015 0.001998 0.001316 0.005936 0.000000 0.000000 
0.007954 0.001322 0.002179 0.003086 0.003724 0.002589 0.005035 0.034733 0.045353 0.076113 0.041222 0.013495 0.003346 0.039897 0.006713 0.041292 0.029557 0.034331 0.036229 0.071106 0.028162 0.048763 0.033829 0.032591 0.027824 0.005724 0.007649 0.007383 0.006557 0.003570 0.000853 0.000860 0.001897 0.002015 0.001998 0.001316 0.005936 0.000000 0.000000 0.000000 
0.025263 0.003463 0.011613 0.004187 0.006781 0.000612 0.003472 0.003669 0.024442 0.019484 0.023337 0.006944 0.007527 0.019023 0.059983 0.050108 0.128759 0.032728 0.011261 0.410046 0.064496 0.002206 0.039185 0.019714 0.001751 0.002351 0.007595 0.002340 0.001165 0.002046 0.001897 0.001682 0.001998 0.002438 0.005936 0.000000 0.000000 0.000000 0.000000 0.000000 
0.027650 0.028210 0.014124 0.014168 0.005257 0.016057 0.033079 0.004011 0.012749 0.023491 0.025606 0.017474 0.052127 0.037466 0.024552 0.018662 0.056488 0.014495 0.111757 0.028237 0.003473 0.014885 0.014246 0.010808 0.002351 0.006927 0.010705 0.001165 0.002046 0.001298 0.001682 0.001998 0.002438 0.005936 0.000000 0.000000 0.000000 0.000000 0.000000 0.000000 
0.032075 0.019476 0.032744 0.016004 0.011396 0.012085 0.033703 0.054641 0.030341 0.045665 0.029156 0.132351 0.090972 0.009460 0.003313 0.057893 0.038285 0.020344 0.007053 0.003565 0.005235 0.017135 0.006133 0.006927 0.002825 0.001142 0.002377 0.001298 0.001682 0.000905 0.002438 0.005936 0.000000 0.000000 0.000000 0.000000 0.000000 0.000000 0.000000 0.000000 
0.018349 0.040042 0.047076 0.055808 0.032352 0.055988 0.047511 0.023118 0.017577 0.031479 0.026749 0.040333 0.013011 0.015604 0.036317 0.064147 0.114669 0.003865 0.007262 0.051386 0.081480 0.069562 0.002100 0.002825 0.001142 0.002377 0.002281 0.001207 0.000905 0.002438 0.005936 0.000000 0.000000 0.000000 0.000000 0.000000 0.000000 0.000000 0.000000 0.000000 
0.052820 0.072036 0.021657 0.026257 0.054027 0.012739 0.031178 0.010966 0.009168 0.021811 0.102641 0.016750 0.014659 0.002775 0.035464 0.043028 0.002098 0.003280 0.136300 0.306622 0.095068 0.028380 0.004521 0.010267 0.003764 0.002281 0.001207 0.000905 0.002438 0.005936 0.000000 0.000000 0.000000 0.000000 0.000000 0.000000 0.000000 0.000000 0.000000 0.000000 
0.099464 0.046454 0.028563 0.008312 0.024296 0.021346 0.013373 0.034381 0.018019 0.032649 0.090454 0.065003 0.018786 0.048209 0.047150 0.069816 0.041354 0.004060 0.015345 0.198718 0.038781 0.109083 0.012140 0.008904 0.001753 0.001426 0.001148 0.001207 0.000905 0.002438 0.005936 0.000000 0.000000 0.000000 0.000000 0.000000 0.000000 0.000000 0.000000 0.000000 
0.006076 0.017391 0.042896 0.034038 0.005753 0.018078 0.077039 0.083530 0.020208 0.027689 0.024772 0.080833 0.047488 0.039582 0.029795 0.013911 0.047120 0.079143 0.041178 0.026947 0.033323 0.053088 0.035464 0.038932 0.005074 0.002534 0.005432 0.001426 0.001148 0.003652 0.002327 0.002438 0.005936 0.000000 0.000000 0.000000 0.000000 0.000000 0.000000 0.000000 
0.002825 0.008961 0.008632 0.093221 0.001628 0.002548 0.004253 0.046187 0.067053 0.070913 0.013466 0.021210 0.041443 0.028388 0.035902 0.016756 0.122198 0.133417 0.030396 0.030872 0.027046 0.015699 0.070901 0.035464 0.028272 0.003695 0.002534 0.005432 0.001215 0.001148 0.003652 0.002327 0.002438 0.005936 0.000000 0.000000 0.000000 0.000000 0.000000 0.000000 
0.003922 0.002089 0.002426 0.000674 0.001602 0.001847 0.003265 0.004320 0.000488 0.002657 0.001044 0.000856 0.002254 0.007204 0.055614 0.145011 0.069250 0.042555 0.086994 0.020201 0.036009 0.028102 0.020692 0.024577 0.063155 0.024552 0.013421 0.003695 0.008283 0.006851 0.001215 0.003409 0.003652 0.002327 0.002438 0.005936 0.000000 0.000000 0.000000 0.000000 
0.005044 0.002014 0.001048 0.001279 0.001123 0.002655 0.004301 0.001738 0.000626 0.000846 0.000908 0.002378 0.002058 0.006327 0.026679 0.014467 0.029135 0.021971 0.017662 0.015641 0.011631 0.037717 0.078382 0.031614 0.084686 0.048174 0.021834 0.005596 0.009158 0.008598 0.006851 0.003329 0.003409 0.001247 0.002327 0.000959 0.005936 0.000000 0.000000 0.000000 
0.011509 0.008663 0.007091 0.001231 0.001399 0.001598 0.002435 0.002490 0.001967 0.003914 0.002906 0.000988 0.037308 0.038342 0.075330 0.021212 0.020663 0.046438 0.047895 0.134967 0.044834 0.021483 0.025672 0.033620 0.129813 0.053572 0.112288 0.019117 0.005596 0.007062 0.008598 0.022112 0.003329 0.003409 0.001247 0.002327 0.000959 0.005936 0.000000 0.000000 
0.003610 0.002813 0.009332 0.003677 0.001480 0.002190 0.000739 0.001457 0.001573 0.004250 0.002308 0.004237 0.011940 0.011374 0.023645 0.021964 0.044268 0.120528 0.044245 0.039897 0.020745 0.014504 0.040804 0.020621 0.076737 0.044158 0.067541 0.112288 0.038735 0.022314 0.007062 0.046442 0.022112 0.003329 0.001489 0.001247 0.002327 0.000959 0.005936 0.000000 
0.036398 0.029504 0.008890 0.002093 0.001173 0.001077 0.002121 0.001255 0.000825 0.000668 0.000948 0.001193 0.004143 0.062465 0.038994 0.037686 0.034805 0.054335 0.070273 0.048972 0.022518 0.008382 0.019104 0.040804 0.025339 0.065284 0.044158 0.087254 0.059880 0.038735 0.022314 0.017496 0.046442 0.022112 0.001356 0.001489 0.001247 0.002327 0.000959 0.005936 
0.101738 0.016245 0.007629 0.007603 0.002538 0.001709 0.003365 0.001573 0.001116 0.002289 0.000919 0.005679 0.030655 0.013811 0.016457 0.010277 0.023767 0.042851 0.041800 0.020111 0.039467 0.034224 0.059195 0.096523 0.076737 0.057369 0.061508 0.112592 0.072191 0.016885 0.009920 0.017496 0.015566 0.003154 0.001356 0.001489 0.001247 0.004905 0.000959 0.005936 
0.055343 0.033219 0.011185 0.010439 0.005322 0.012392 0.006431 0.002759 0.002110 0.002031 0.058280 0.044530 0.028129 0.028319 0.019709 0.010027 0.016567 0.005818 0.007463 0.006297 0.003984 0.005183 0.007343 0.059195 0.015671 0.099386 0.122315 0.044129 0.112592 0.072191 0.027379 0.003664 0.007859 0.015566 0.003154 0.001356 0.001489 0.001798 0.004905 0.000959 
0.066464 0.031326 0.024955 0.021564 0.006394 0.003034 0.004604 0.003654 0.003727 0.018745 0.036774 0.077717 0.082693 0.025087 0.009271 0.002261 0.013735 0.025904 0.066495 0.026936 0.004596 0.007977 0.026418 0.022128 0.142709 0.119342 0.039386 0.029644 0.029710 0.022015 0.027379 0.003664 0.007859 0.015566 0.002558 0.004098 0.002834 0.001798 0.004905 0.000959 
0.032659 0.049313 0.043840 0.012974 0.001468 0.003262 0.006361 0.003364 0.012943 0.018135 0.056981 0.051383 0.121439 0.046674 0.018205 0.021239 0.003398 0.003947 0.006126 0.002913 0.002555 0.002916 0.036505 0.062729 0.024901 0.090799 0.027997 0.038411 0.024800 0.011974 0.006234 0.003386 0.004476 0.006047 0.002558 0.004098 0.002834 0.001798 0.004905 0.000959 
0.064015 0.036660 0.022582 0.014677 0.027576 0.066646 0.029231 0.090706 0.023599 0.019964 0.142325 0.120590 0.029266 0.019251 0.010201 0.009556 0.002930 0.001316 0.008758 0.002892 0.002555 0.002614 0.033610 0.119412 0.074307 0.094628 0.203322 0.039603 0.013803 0.021398 0.006234 0.003386 0.004476 0.006047 0.002558 0.004098 0.002834 0.001798 0.004905 0.000959 
0.077035 0.089528 0.040678 0.035912 0.057575 0.056841 0.070047 0.049592 0.035606 0.022770 0.026931 0.010366 0.008701 0.009787 0.040573 0.037017 0.005173 0.008312 0.002418 0.004723 0.003710 0.007675 0.036694 0.043449 0.015244 0.094628 0.203322 0.039603 0.013803 0.021398 0.006667 0.003231 0.004623 0.003950 0.001558 0.004098 0.002834 0.001798 0.004905 0.000959 
0.048360 0.049724 0.025569 0.035238 0.093320 0.075427 0.044228 0.019995 0.046837 0.014297 0.008327 0.001938 0.010769 0.025494 0.011830 0.004674 0.003550 0.004394 0.001370 0.001883 0.005828 0.016508 0.060460 0.104811 0.167865 0.070719 0.016554 0.015151 0.019356 0.013708 0.006956 0.004623 0.003950 0.001558 0.001677 0.002906 0.001509 0.004905 0.000959 0.005936 
0.030211 0.019181 0.024738 0.059636 0.082410 0.059114 0.020703 0.023928 0.022024 0.004452 0.004781 0.016329 0.070552 0.028364 0.012642 0.007373 0.006372 0.002023 0.001960 0.001704 0.003437 0.020862 0.060741 0.091617 0.167865 0.070719 0.045430 0.015423 0.002771 0.013708 0.006956 0.004945 0.001277 0.001558 0.001677 0.002906 0.001509 0.004905 0.000959 0.005936 
0.024006 0.013830 0.003879 0.008728 0.012397 0.044175 0.050507 0.018228 0.005243 0.034003 0.071808 0.039184 0.006937 0.007213 0.003309 0.003927 0.001956 0.000898 0.002279 0.010985 0.028776 0.042364 0.085907 0.087009 0.014810 0.010628 0.006697 0.002771 0.009387 0.009918 0.006090 0.001277 0.001609 0.002014 0.002906 0.001509 0.001652 0.000959 0.005936 0.000000 
0.035224 0.060950 0.233740 0.141965 0.024874 0.054316 0.034597 0.018745 0.011167 0.035655 0.038512 0.041609 0.002645 0.000751 0.002515 0.001503 0.001141 0.002399 0.007215 0.028640 0.024360 0.041173 0.114768 0.023614 0.010842 0.004221 0.004518 0.005227 0.009918 0.006090 0.006260 0.001609 0.002014 0.001739 0.001509 0.001652 0.000959 0.005936 0.000000 0.000000 
0.046500 0.017647 0.015888 0.026214 0.023382 0.034352 0.053297 0.048294 0.026900 0.002838 0.010231 0.002299 0.003044 0.019511 0.013011 0.018678 0.014450 0.020780 0.053444 0.020956 0.087974 0.039203 0.019921 0.008900 0.008657 0.005781 0.005776 0.002231 0.003451 0.006260 0.000988 0.002014 0.001739 0.001509 0.001652 0.000959 0.005936 0.000000 0.000000 0.000000 
0.022645 0.014565 0.010450 0.010088 0.076167 0.007905 0.007430 0.016614 0.015611 0.016517 0.026610 0.063085 0.011098 0.030341 0.042253 0.128550 0.063810 0.081205 0.036890 0.026709 0.023676 0.007153 0.005134 0.001639 0.013854 0.005776 0.002640 0.003451 0.005919 0.000988 0.002746 0.001739 0.002063 0.001652 0.000926 0.005936 0.000000 0.000000 0.000000 0.000000 
0.015053 0.005391 0.009806 0.017718 0.030385 0.014183 0.008602 0.004257 0.005090 0.111833 0.049569 0.095205 0.026247 0.029600 0.082305 0.095823 0.093343 0.087343 0.009277 0.021520 0.005905 0.004060 0.001639 0.004310 0.010179 0.004210 0.003853 0.005919 0.003366 0.002746 0.001739 0.002063 0.001652 0.000926 0.005936 0.000000 0.000000 0.000000 0.000000 0.000000 
0.030470 0.027551 0.013621 0.012433 0.016635 0.012933 0.003798 0.005338 0.035294 0.024067 0.011799 0.018968 0.033765 0.017079 0.044439 0.021701 0.022500 0.001339 0.013750 0.005534 0.003874 0.005052 0.004298 0.007177 0.004210 0.003703 0.002595 0.003366 0.002746 0.001136 0.002063 0.001652 0.000926 0.005936 0.000000 0.000000 0.000000 0.000000 0.000000 0.000000 
0.017825 0.007938 0.004985 0.003821 0.001933 0.002546 0.004152 0.011398 0.051034 0.004034 0.029528 0.023593 0.069270 0.037595 0.010631 0.005401 0.002790 0.002868 0.005946 0.006670 0.004002 0.003458 0.010592 0.003703 0.002552 0.001992 0.001605 0.001136 0.002063 0.001151 0.000926 0.005936 0.000000 0.000000 0.000000 0.000000 0.000000 0.000000 0.000000 0.000000 
0.004243 0.023991 0.020978 0.011404 0.002999 0.005549 0.039537 0.038042 0.020222 0.079143 0.020034 0.029661 0.025951 0.004521 0.002957 0.000202 0.015977 0.009825 0.003662 0.003270 0.002299 0.002558 0.001351 0.001847 0.006673 0.002366 0.000922 0.001151 0.000926 0.005936 0.000000 0.000000 0.000000 0.000000 0.000000 0.000000 0.000000 0.000000 0.000000 0.000000 
0.005936 0.000926 0.001151 0.000922 0.002366 0.006673 0.001847 0.001351 0.000603 0.002632 0.003261 0.002232 0.017965 0.006956 0.003647 0.002276 0.032114 0.049178 0.034794 0.043807 0.030448 0.087885 0.023328 0.042687 0.007141 0.003681 0.013331 0.016614 0.031713 0.038490 0.000000 0.000000 0.000000 0.000000 0.000000 0.000000 0.000000 0.000000 0.000000 0.000000 
0.005936 0.000926 0.001151 0.000922 0.001696 0.004015 0.001436 0.002220 0.001755 0.003790 0.000823 0.002808 0.002016 0.001680 0.006140 0.003693 0.003394 0.004430 0.008900 0.016759 0.010001 0.007806 0.019719 0.041897 0.107903 0.020873 0.039949 0.023962 0.011951 0.003730 0.007411 0.018833 0.000000 0.000000 0.000000 0.000000 0.000000 0.000000 0.000000 0.000000 
0.005936 0.000926 0.001151 0.002928 0.001696 0.004015 0.001436 0.002155 0.002701 0.001870 0.000823 0.001772 0.000951 0.002468 0.001505 0.000594 0.000892 0.004049 0.016938 0.020201 0.035127 0.020762 0.015597 0.019821 0.069992 0.150629 0.089429 0.079244 0.019230 0.088350 0.011718 0.004824 0.005858 0.000000 0.000000 0.000000 0.000000 0.000000 0.000000 0.000000 
0.005936 0.000926 0.001450 0.002928 0.001696 0.003022 0.002676 0.002155 0.000687 0.000803 0.002026 0.001560 0.001359 0.005703 0.002819 0.002177 0.002406 0.007265 0.007779 0.001665 0.008289 0.042164 0.041501 0.008283 0.006324 0.015564 0.013191 0.073718 0.093240 0.197625 0.136214 0.154032 0.171275 0.112054 0.053072 0.000000 0.000000 0.000000 0.000000 0.000000 
0.005936 0.000926 0.001450 0.002928 0.002357 0.003022 0.002620 0.001102 0.001316 0.002264 0.000965 0.000993 0.001447 0.003604 0.003847 0.001565 0.002390 0.001630 0.003934 0.001380 0.005592 0.002938 0.029518 0.007014 0.023560 0.036898 0.012788 0.051336 0.016666 0.015976 0.011964 0.022386 0.015865 0.034422 0.142186 0.063240 0.000000 0.000000 0.000000 0.000000 
0.005936 0.002975 0.001450 0.002057 0.002357 0.005378 0.002620 0.000743 0.001316 0.001740 0.000965 0.000725 0.002116 0.003977 0.003152 0.001909 0.001868 0.001295 0.001906 0.006212 0.001002 0.003524 0.006466 0.003819 0.006619 0.028460 0.039680 0.025587 0.038138 0.015407 0.048128 0.006016 0.016008 0.009164 0.092669 0.066456 0.024168 0.000000 0.000000 0.000000 
0.005936 0.002975 0.001450 0.002057 0.002357 0.005378 0.001645 0.000743 0.001009 0.001740 0.000524 0.001757 0.001418 0.003465 0.001051 0.002033 0.005836 0.001129 0.002562 0.004464 0.002664 0.001853 0.006343 0.020832 0.014066 0.039801 0.028563 0.052080 0.039333 0.043373 0.059419 0.015548 0.020673 0.007097 0.023783 0.055858 0.026784 0.022920 0.000000 0.000000 
0.005936 0.002975 0.001450 0.002057 0.001344 0.005378 0.001645 0.001763 0.001009 0.001684 0.002022 0.002263 0.000829 0.002223 0.002319 0.002335 0.004180 0.002962 0.002787 0.001953 0.004294 0.001691 0.003722 0.008623 0.012273 0.011799 0.043715 0.013326 0.018368 0.045396 0.062252 0.047899 0.021845 0.055582 0.046099 0.021451 0.031208 0.090559 0.025482 0.000000 
0.005936 0.002975 0.001450 0.002057 0.001344 0.003655 0.001645 0.001763 0.001022 0.001401 0.002022 0.002263 0.002124 0.002355 0.002319 0.001487 0.000548 0.003174 0.001466 0.001451 0.002248 0.003755 0.002831 0.003982 0.025831 0.038839 0.045768 0.020666 0.073528 0.135703 0.020257 0.006863 0.009456 0.018478 0.010704 0.011701 0.011350 0.015275 0.011369 0.022215 
0.005936 0.002975 0.001338 0.002057 0.001344 0.003655 0.002324 0.000992 0.001022 0.001401 0.002538 0.004987 0.001178 0.002355 0.002214 0.001871 0.003538 0.001831 0.002002 0.001526 0.002640 0.001378 0.004759 0.023195 0.039548 0.020140 0.038285 0.011206 0.032631 0.045091 0.015490 0.036171 0.008622 0.012114 0.016242 0.021266 0.013020 0.020271 0.015481 0.017039 
0.005936 0.002975 0.001338 0.001292 0.001344 0.003655 0.002324 0.000992 0.001080 0.001639 0.001459 0.001946 0.001178 0.000885 0.004441 0.002439 0.003608 0.002590 0.003541 0.002149 0.005340 0.000586 0.004380 0.023648 0.061520 0.014433 0.005025 0.004713 0.008560 0.006417 0.016489 0.007620 0.004669 0.005453 0.003759 0.002041 0.002403 0.011183 0.007541 0.005573 
0.005936 0.002975 0.001338 0.001292 0.001092 0.001075 0.002150 0.000992 0.001080 0.001639 0.001459 0.001946 0.001902 0.001139 0.002753 0.000538 0.001070 0.001855 0.000963 0.002604 0.001138 0.000754 0.012436 0.050778 0.027638 0.005607 0.005266 0.001395 0.004263 0.003687 0.005951 0.007566 0.052103 0.093775 0.006869 0.008205 0.074057 0.050569 0.055219 0.050840 
0.005936 0.002975 0.001338 0.001292 0.001092 0.001075 0.002150 0.000966 0.001163 0.004503 0.001451 0.003551 0.002081 0.000358 0.001975 0.002438 0.001153 0.000709 0.004189 0.001798 0.002290 0.006201 0.013086 0.021245 0.031027 0.003485 0.026505 0.066495 0.055451 0.073400 0.032155 0.199640 0.171120 0.044028 0.039060 0.076826 0.037154 0.096703 0.033906 0.048497 
