0.010900 0.040043 0.009505 0.019487 0.040152 0.007556 0.019821 0.005978 0.023039 0.037499 0.024613 0.013093 0.015068 0.018142 0.013497 0.029478 0.019784 0.016081 0.072657 0.028170 0.003995 0.012899 0.015522 0.012953 0.007966 0.016797 0.011631 0.006816 0.017696 0.003001 0.002649 0.003621 0.004735 0.001495 0.000441 0.004554 0.000970 0.002959 0.001746 0.001709 0.004008 0.008030 0.006783 0.007857 0.001187 0.005057 0.002449 0.003814 0.003450 0.007057 0.002291 0.004387 0.000627 0.002544 0.004588 0.006062 0.005333 0.007895 0.003052 0.001745 
0.010900 0.040043 0.009505 0.019487 0.040152 0.007556 0.019821 0.005978 0.021123 0.012105 0.008861 0.020649 0.009111 0.039219 0.017783 0.009302 0.034565 0.017914 0.051417 0.032711 0.016601 0.012164 0.006730 0.025708 0.036160 0.010208 0.032949 0.004225 0.005967 0.002999 0.001467 0.001629 0.004195 0.001546 0.004930 0.002088 0.002662 0.002195 0.005754 0.006101 0.001200 0.004202 0.000939 0.002500 0.005183 0.001845 0.002739 0.001055 0.010131 0.006533 0.006126 0.004088 0.001723 0.005381 0.003732 0.002097 0.005533 0.005195 0.005171 0.004486 
0.010900 0.040043 0.009505 0.019487 0.061886 0.045553 0.030796 0.039341 0.021123 0.012105 0.008861 0.020649 0.004777 0.019713 0.005599 0.009436 0.028749 0.017903 0.028237 0.013510 0.024357 0.012479 0.017365 0.022555 0.020553 0.023372 0.013220 0.014326 0.008397 0.004929 0.006014 0.002017 0.004453 0.005419 0.005179 0.001684 0.003508 0.002889 0.000704 0.002491 0.003085 0.000511 0.002280 0.002460 0.007077 0.002708 0.001496 0.002166 0.002857 0.006161 0.001822 0.001266 0.002503 0.002329 0.003796 0.005669 0.001673 0.001636 0.001629 0.005928 
0.010900 0.040043 0.009505 0.011274 0.061886 0.045553 0.030796 0.039341 0.021123 0.014214 0.011882 0.021721 0.004777 0.019713 0.011509 0.037216 0.018227 0.022655 0.007675 0.019328 0.024094 0.016221 0.013502 0.006595 0.012477 0.009269 0.002779 0.003704 0.004899 0.005070 0.001288 0.003298 0.001273 0.001463 0.008334 0.002392 0.003779 0.002497 0.003851 0.003217 0.003761 0.001046 0.001330 0.002098 0.002990 0.005177 0.003273 0.005922 0.004155 0.001688 0.005341 0.001316 0.001199 0.002201 0.001723 0.001153 0.000424 0.003453 0.002683 0.000866 
0.010900 0.040043 0.013458 0.011274 0.061886 0.045553 0.023531 0.018949 0.012214 0.014214 0.011504 0.017354 0.007120 0.008254 0.011606 0.053926 0.017891 0.032049 0.010680 0.037402 0.032015 0.017719 0.003236 0.012562 0.021895 0.010051 0.005001 0.000823 0.002729 0.003119 0.005264 0.002004 0.004500 0.009445 0.004337 0.003394 0.000747 0.002980 0.006394 0.004815 0.000654 0.005057 0.003297 0.002238 0.004240 0.004111 0.003683 0.000363 0.001405 0.003635 0.002478 0.004618 0.000867 0.002962 0.004381 0.001101 0.000312 0.004626 0.000599 0.000000 
0.010900 0.040043 0.013458 0.011274 0.061886 0.048418 0.023531 0.018949 0.020557 0.009143 0.011504 0.012206 0.007075 0.006321 0.003761 0.028625 0.009784 0.004201 0.005750 0.045355 0.008174 0.013199 0.031722 0.012293 0.020508 0.024663 0.004257 0.003889 0.005063 0.004719 0.002612 0.003460 0.011227 0.008029 0.002605 0.007141 0.005062 0.004641 0.006296 0.006328 0.009654 0.005754 0.004644 0.004013 0.002302 0.005074 0.003210 0.002920 0.002203 0.002917 0.001104 0.001783 0.005488 0.006713 0.002018 0.003705 0.006155 0.001812 0.000000 0.000000 
0.010900 0.040043 0.013458 0.011274 0.014775 0.048418 0.023531 0.006005 0.020557 0.009419 0.012117 0.012206 0.022756 0.020757 0.009898 0.019964 0.017995 0.021446 0.033304 0.018610 0.012366 0.034391 0.037311 0.008523 0.008965 0.004900 0.006068 0.002009 0.003748 0.004550 0.005308 0.002223 0.002668 0.006871 0.004143 0.005279 0.006258 0.008149 0.001276 0.004755 0.002662 0.004790 0.009710 0.010130 0.004286 0.004107 0.003418 0.004382 0.006062 0.001947 0.011157 0.002990 0.007844 0.013047 0.002066 0.003426 0.011775 0.000000 0.000000 0.000000 
0.010900 0.040043 0.013458 0.011274 0.014775 0.048418 0.015333 0.006005 0.019407 0.009419 0.018755 0.004855 0.006851 0.024149 0.032172 0.014353 0.032528 0.030495 0.015167 0.025072 0.007578 0.021304 0.016827 0.012739 0.013877 0.002424 0.003199 0.003371 0.001239 0.016121 0.010298 0.002264 0.011977 0.008904 0.009529 0.005233 0.002568 0.003408 0.014446 0.008585 0.021217 0.009240 0.007191 0.012010 0.006491 0.010298 0.027258 0.005466 0.005009 0.007016 0.009494 0.004111 0.004650 0.003331 0.004192 0.000000 0.000000 0.000000 0.000000 0.000000 
0.010900 0.013020 0.013458 0.019280 0.014775 0.009497 0.015333 0.003708 0.019407 0.012182 0.017646 0.019375 0.013764 0.015734 0.036730 0.014573 0.025537 0.022203 0.017144 0.009832 0.004647 0.011440 0.009153 0.008835 0.005706 0.010138 0.005159 0.015717 0.005987 0.006922 0.004809 0.003600 0.002862 0.009362 0.010486 0.003811 0.006864 0.019281 0.004169 0.026442 0.028388 0.022504 0.009465 0.002571 0.032806 0.008674 0.010185 0.005208 0.011067 0.005230 0.012710 0.008055 0.000495 0.000000 0.000000 0.000000 0.000000 0.000000 0.000000 0.000000 
0.010900 0.013020 0.013458 0.019280 0.010115 0.009497 0.011792 0.003708 0.020505 0.012279 0.017646 0.014751 0.019385 0.016469 0.016970 0.015746 0.011689 0.004574 0.008007 0.007806 0.006867 0.004606 0.005897 0.007573 0.004134 0.001792 0.003090 0.012729 0.012995 0.007077 0.005270 0.011499 0.007465 0.013083 0.009664 0.006449 0.009378 0.001735 0.018818 0.009626 0.025871 0.006700 0.005613 0.032272 0.018116 0.015014 0.011079 0.009418 0.001845 0.003277 0.002917 0.000000 0.000000 0.000000 0.000000 0.000000 0.000000 0.000000 0.000000 0.000000 
0.010900 0.013020 0.010540 0.019280 0.010115 0.019614 0.015887 0.003865 0.013486 0.006758 0.007983 0.005913 0.009898 0.014319 0.003840 0.009514 0.003142 0.004062 0.008865 0.002362 0.007814 0.001024 0.004241 0.005921 0.002114 0.009474 0.004479 0.009023 0.002629 0.010066 0.006846 0.009048 0.010605 0.009219 0.001395 0.007506 0.002608 0.000793 0.006156 0.013034 0.014399 0.056176 0.017753 0.003738 0.008717 0.008992 0.005529 0.004447 0.008463 0.000000 0.000000 0.000000 0.000000 0.000000 0.000000 0.000000 0.000000 0.000000 0.000000 0.000000 
0.010900 0.013020 0.010540 0.037328 0.010115 0.019614 0.015887 0.015807 0.010065 0.003233 0.007983 0.003771 0.003430 0.006304 0.006755 0.004724 0.005459 0.006648 0.014615 0.003105 0.006193 0.006502 0.012206 0.005728 0.017427 0.007068 0.007562 0.007120 0.009606 0.005204 0.007715 0.005357 0.007946 0.015089 0.010128 0.015271 0.011039 0.003071 0.012572 0.002552 0.008498 0.016166 0.003162 0.006822 0.005364 0.004643 0.005498 0.000000 0.000000 0.000000 0.000000 0.000000 0.000000 0.000000 0.000000 0.000000 0.000000 0.000000 0.000000 0.000000 
0.010900 0.013020 0.010540 0.037328 0.010881 0.021579 0.019874 0.007022 0.009418 0.005598 0.005110 0.005985 0.014154 0.005240 0.009635 0.002950 0.006603 0.006127 0.007993 0.016815 0.003978 0.003643 0.007066 0.007553 0.004850 0.009299 0.014203 0.022149 0.004267 0.007345 0.005490 0.005421 0.010834 0.014690 0.009661 0.014271 0.004749 0.021668 0.009939 0.009094 0.002239 0.002226 0.008523 0.003358 0.000000 0.000000 0.000000 0.000000 0.000000 0.000000 0.000000 0.000000 0.000000 0.000000 0.000000 0.000000 0.000000 0.000000 0.000000 0.000000 
0.010900 0.013020 0.010540 0.037328 0.010881 0.021579 0.019874 0.007022 0.008405 0.015360 0.008687 0.006329 0.007148 0.007620 0.002255 0.005815 0.009759 0.004786 0.015330 0.001568 0.005798 0.010836 0.004668 0.003815 0.005045 0.012146 0.004522 0.007427 0.008407 0.015508 0.010797 0.007416 0.002460 0.011763 0.015770 0.015146 0.004623 0.004783 0.005322 0.007603 0.003473 0.009229 0.011406 0.004137 0.004602 0.000000 0.000000 0.000000 0.000000 0.000000 0.000000 0.000000 0.000000 0.000000 0.000000 0.000000 0.000000 0.000000 0.000000 0.000000 
0.010900 0.013020 0.010540 0.014932 0.056820 0.005336 0.023785 0.023405 0.022666 0.012410 0.014325 0.012276 0.006101 0.005131 0.018498 0.006127 0.003484 0.004862 0.008310 0.010643 0.005940 0.004644 0.006680 0.006787 0.005403 0.001371 0.007091 0.002057 0.009207 0.006649 0.007991 0.003702 0.005928 0.009902 0.014229 0.007026 0.003716 0.012739 0.002975 0.006539 0.011880 0.002413 0.002942 0.001294 0.007807 0.007257 0.009454 0.002617 0.000000 0.000000 0.000000 0.000000 0.000000 0.000000 0.000000 0.000000 0.000000 0.000000 0.000000 0.000000 
0.010900 0.013020 0.011890 0.014932 0.056820 0.005336 0.018521 0.021841 0.022666 0.027673 0.016601 0.012750 0.009489 0.009910 0.003470 0.015834 0.009399 0.005030 0.004698 0.004385 0.004578 0.004132 0.000784 0.004987 0.008769 0.006336 0.007183 0.009262 0.013219 0.011307 0.009249 0.009114 0.008801 0.004855 0.010972 0.013146 0.002497 0.002383 0.003412 0.006990 0.006435 0.002863 0.003092 0.003296 0.003267 0.005166 0.005225 0.001615 0.004488 0.005743 0.000000 0.000000 0.000000 0.000000 0.000000 0.000000 0.000000 0.000000 0.000000 0.000000 
0.010900 0.013020 0.011890 0.014932 0.056820 0.023307 0.018521 0.021478 0.007048 0.027673 0.018176 0.011955 0.024526 0.029078 0.016926 0.013412 0.005539 0.010776 0.010872 0.007114 0.002471 0.008010 0.007241 0.007768 0.015374 0.005164 0.014581 0.011023 0.004983 0.004326 0.003516 0.003665 0.016054 0.004462 0.008664 0.010986 0.004552 0.003102 0.004536 0.004398 0.008849 0.012008 0.007109 0.016810 0.004577 0.002157 0.003280 0.003045 0.001776 0.003420 0.004644 0.003553 0.000000 0.000000 0.000000 0.000000 0.000000 0.000000 0.000000 0.000000 
0.010900 0.013020 0.011890 0.014932 0.044730 0.023307 0.025158 0.021478 0.007773 0.014980 0.028818 0.010511 0.027785 0.015016 0.009370 0.011413 0.004404 0.002892 0.006079 0.003755 0.002403 0.005208 0.009106 0.008758 0.002133 0.006977 0.005618 0.007041 0.005359 0.002014 0.004441 0.005983 0.002078 0.001023 0.004651 0.002825 0.009957 0.003092 0.004426 0.021472 0.018322 0.017264 0.007770 0.004422 0.001882 0.005893 0.008272 0.008325 0.007186 0.002545 0.004520 0.001159 0.002238 0.007617 0.000000 0.000000 0.000000 0.000000 0.000000 0.000000 
0.010900 0.018228 0.011890 0.016912 0.044730 0.010659 0.025158 0.025918 0.007773 0.011487 0.028818 0.017187 0.006801 0.010823 0.010288 0.002784 0.004730 0.000650 0.003956 0.007065 0.004936 0.007875 0.008549 0.008486 0.002449 0.002161 0.003376 0.005638 0.005150 0.009525 0.005522 0.005983 0.005052 0.011439 0.014481 0.005543 0.001101 0.007911 0.002035 0.008167 0.006290 0.006815 0.004570 0.008910 0.018936 0.007372 0.002599 0.002964 0.002816 0.003115 0.003188 0.002163 0.005945 0.003616 0.003711 0.005779 0.000000 0.000000 0.000000 0.000000 
0.010900 0.018228 0.011890 0.016912 0.044730 0.010659 0.010547 0.025918 0.010505 0.014547 0.016573 0.016217 0.006801 0.006369 0.018471 0.001856 0.010581 0.010853 0.013722 0.006972 0.003006 0.002276 0.003351 0.007832 0.006685 0.004658 0.007470 0.009179 0.011641 0.008881 0.004172 0.012065 0.002159 0.006898 0.007995 0.003534 0.002295 0.003335 0.013597 0.011745 0.010077 0.007208 0.014204 0.017808 0.007316 0.004323 0.005844 0.004011 0.002527 0.000947 0.003851 0.005332 0.003301 0.005358 0.009104 0.002413 0.003023 0.000000 0.000000 0.000000 
0.010900 0.018228 0.011890 0.016912 0.017278 0.010659 0.010547 0.010550 0.010505 0.014547 0.004272 0.008262 0.005869 0.006670 0.003764 0.017516 0.015783 0.009030 0.016375 0.005856 0.009420 0.003738 0.004294 0.009684 0.006722 0.005065 0.007948 0.001291 0.003591 0.006178 0.004491 0.007035 0.002740 0.001657 0.005758 0.008266 0.005153 0.002744 0.001013 0.006665 0.002648 0.001534 0.009562 0.006931 0.004391 0.002644 0.003989 0.002085 0.002070 0.002306 0.003360 0.000710 0.010352 0.007040 0.003438 0.004201 0.009815 0.005759 0.000000 0.000000 
0.010900 0.018228 0.017119 0.016912 0.017278 0.009391 0.005555 0.010550 0.004580 0.005554 0.008305 0.008262 0.016106 0.022373 0.003902 0.006975 0.006569 0.019326 0.017058 0.013875 0.016526 0.005073 0.010042 0.004379 0.008079 0.008998 0.005289 0.008793 0.012266 0.007313 0.003640 0.005255 0.009366 0.008692 0.003958 0.003961 0.002926 0.006570 0.010928 0.003523 0.001780 0.005092 0.009577 0.011092 0.004278 0.002298 0.001229 0.001288 0.004890 0.003004 0.004762 0.005811 0.006045 0.006382 0.002261 0.005005 0.007042 0.005127 0.006787 0.000000 
0.010900 0.018228 0.017119 0.016912 0.017278 0.009391 0.005555 0.003736 0.007956 0.005554 0.008305 0.015541 0.014539 0.008105 0.004794 0.011404 0.016416 0.026989 0.019565 0.014880 0.015436 0.024950 0.017159 0.010986 0.022320 0.009612 0.003105 0.005598 0.009176 0.003552 0.006110 0.012568 0.007994 0.001573 0.002457 0.003673 0.001263 0.002689 0.002095 0.002695 0.001821 0.008469 0.011228 0.005987 0.003458 0.001434 0.000625 0.001529 0.001109 0.003323 0.003978 0.003679 0.004904 0.009551 0.004882 0.006205 0.018753 0.007348 0.009864 0.003555 
0.010900 0.018228 0.017119 0.015128 0.003570 0.009391 0.005555 0.003736 0.007956 0.021762 0.008358 0.007917 0.006594 0.008105 0.004794 0.007010 0.016802 0.015180 0.019061 0.028066 0.016657 0.011430 0.011283 0.020852 0.013029 0.006721 0.009546 0.006404 0.003200 0.004619 0.004031 0.007373 0.007633 0.008745 0.007174 0.009879 0.003776 0.002027 0.002946 0.005112 0.004117 0.002598 0.002608 0.004752 0.006400 0.000560 0.002810 0.004390 0.002563 0.002793 0.001689 0.003174 0.011247 0.009930 0.003988 0.001021 0.009394 0.005513 0.003015 0.002855 
0.010900 0.018228 0.017119 0.015128 0.003570 0.017850 0.026231 0.019695 0.004923 0.006564 0.008358 0.007917 0.006594 0.005760 0.010316 0.011428 0.015800 0.026069 0.025814 0.006380 0.011011 0.029549 0.008469 0.016839 0.023954 0.045179 0.028009 0.012109 0.009770 0.019874 0.006405 0.003913 0.005448 0.005170 0.016663 0.021618 0.014305 0.002969 0.005682 0.004313 0.008000 0.002312 0.004237 0.003803 0.000496 0.002615 0.003662 0.003957 0.006376 0.005418 0.008390 0.010157 0.012977 0.008438 0.003898 0.005914 0.004687 0.001127 0.007025 0.011509 
0.010900 0.018228 0.017119 0.015128 0.003570 0.017850 0.026231 0.019695 0.004923 0.006564 0.008445 0.005094 0.007269 0.002364 0.011731 0.033600 0.010472 0.022274 0.013047 0.025786 0.012584 0.013915 0.012326 0.007164 0.012318 0.005044 0.010017 0.015778 0.017842 0.013366 0.020950 0.057004 0.040745 0.022433 0.036968 0.044706 0.014260 0.004256 0.005014 0.010929 0.010507 0.006473 0.003558 0.004403 0.002731 0.002028 0.003583 0.005314 0.004942 0.002995 0.005874 0.007829 0.009298 0.005320 0.005777 0.005477 0.007887 0.007136 0.004284 0.002860 
0.010900 0.018228 0.017119 0.015128 0.003570 0.017850 0.005794 0.008736 0.012315 0.010622 0.023192 0.024652 0.008467 0.004358 0.012366 0.005472 0.004348 0.014863 0.025852 0.018387 0.020794 0.017119 0.007925 0.007685 0.005597 0.017583 0.017033 0.015987 0.013395 0.020910 0.012973 0.017067 0.007971 0.006476 0.002021 0.001716 0.002587 0.015796 0.009266 0.004255 0.002766 0.000874 0.002203 0.001153 0.006386 0.003273 0.002944 0.004404 0.007940 0.015069 0.009678 0.003065 0.006935 0.004064 0.002175 0.006646 0.012144 0.007133 0.007453 0.017728 
0.010900 0.018228 0.017119 0.015128 0.009607 0.007466 0.005794 0.008736 0.012315 0.010622 0.026247 0.033433 0.022577 0.019301 0.026089 0.017844 0.005732 0.015654 0.017581 0.029478 0.024948 0.017420 0.021074 0.011292 0.011261 0.010417 0.010453 0.018033 0.012767 0.004791 0.014840 0.010751 0.023349 0.024873 0.012346 0.019787 0.009582 0.009155 0.005667 0.004520 0.002334 0.002793 0.000290 0.002789 0.000665 0.004122 0.003645 0.001014 0.003107 0.006255 0.013427 0.008864 0.001989 0.004924 0.003408 0.003548 0.015173 0.017586 0.016000 0.011276 
0.010900 0.018228 0.017119 0.007355 0.009607 0.007466 0.005794 0.008736 0.004908 0.005109 0.026247 0.033433 0.022577 0.005769 0.004220 0.001913 0.014454 0.015654 0.013101 0.011159 0.030570 0.043532 0.024926 0.012695 0.027817 0.033585 0.043196 0.023568 0.017480 0.022727 0.011907 0.003196 0.032259 0.021633 0.019749 0.017770 0.014200 0.042391 0.010929 0.004143 0.002543 0.002880 0.003997 0.003833 0.004966 0.009411 0.007334 0.008241 0.005030 0.009419 0.008234 0.006103 0.008770 0.000618 0.005308 0.009433 0.005540 0.005199 0.006559 0.008784 
0.010900 0.018228 0.014184 0.007355 0.009607 0.007466 0.018028 0.020362 0.004908 0.005109 0.009197 0.008084 0.009277 0.016834 0.009505 0.012007 0.012453 0.010004 0.015585 0.021652 0.007098 0.018737 0.046826 0.049406 0.048613 0.029065 0.034317 0.028909 0.029605 0.010917 0.004414 0.018688 0.009989 0.013803 0.019183 0.026321 0.017040 0.020901 0.010343 0.004906 0.003953 0.002943 0.002767 0.002695 0.008219 0.005612 0.005546 0.009220 0.004454 0.006522 0.006882 0.004745 0.003047 0.001198 0.003386 0.006757 0.001113 0.018494 0.009359 0.000000 
0.010900 0.018228 0.014184 0.007355 0.009607 0.004345 0.018028 0.020362 0.009835 0.017573 0.014314 0.024063 0.033807 0.002623 0.007079 0.007846 0.011206 0.011917 0.005970 0.016604 0.024955 0.012503 0.018451 0.019381 0.020894 0.029731 0.012052 0.007140 0.011950 0.009085 0.014451 0.012095 0.006916 0.027353 0.024348 0.018643 0.005115 0.005133 0.002656 0.001157 0.000958 0.002852 0.004490 0.004043 0.002715 0.005329 0.003120 0.001703 0.004707 0.004826 0.001209 0.001042 0.008649 0.002125 0.004337 0.007069 0.003835 0.004250 0.000000 0.000000 
0.010900 0.018228 0.014184 0.007355 0.021582 0.004345 0.011819 0.012433 0.009835 0.012877 0.014314 0.031262 0.015599 0.002623 0.053335 0.037098 0.012788 0.010358 0.010485 0.012329 0.016082 0.027942 0.048498 0.008897 0.008188 0.015086 0.017107 0.009660 0.012388 0.010278 0.009910 0.003983 0.015201 0.011486 0.012834 0.010301 0.014008 0.008440 0.009887 0.005549 0.002182 0.002073 0.003685 0.002766 0.001738 0.001878 0.001686 0.001564 0.000988 0.001718 0.000771 0.003606 0.001497 0.001457 0.003976 0.002021 0.000000 0.000000 0.000000 0.000000 
0.010900 0.019944 0.014184 0.021942 0.021582 0.017211 0.011819 0.009691 0.013695 0.023339 0.031293 0.007298 0.004262 0.015725 0.019190 0.033644 0.019595 0.031802 0.016716 0.006797 0.005532 0.017090 0.022538 0.010499 0.005992 0.006465 0.004763 0.007220 0.012345 0.016133 0.007265 0.013306 0.015781 0.009219 0.017424 0.015441 0.003100 0.001933 0.000333 0.002788 0.003344 0.003831 0.006464 0.006148 0.005768 0.001768 0.003392 0.007244 0.002948 0.008216 0.008150 0.003242 0.006430 0.002853 0.002679 0.000000 0.000000 0.000000 0.000000 0.000000 
0.010900 0.019944 0.014184 0.021942 0.021582 0.017211 0.011819 0.009691 0.011173 0.023339 0.014276 0.007298 0.006074 0.015516 0.008430 0.008251 0.012228 0.006349 0.006757 0.014315 0.016170 0.019105 0.004252 0.012244 0.008441 0.017615 0.039608 0.014098 0.014546 0.038663 0.067702 0.041990 0.009069 0.023749 0.031388 0.006205 0.000503 0.001382 0.000828 0.001056 0.001131 0.003384 0.001399 0.002219 0.005236 0.003282 0.001468 0.004712 0.003793 0.007512 0.005674 0.007928 0.000285 0.000000 0.000000 0.000000 0.000000 0.000000 0.000000 0.000000 
0.010900 0.019944 0.014184 0.021942 0.028265 0.017211 0.019313 0.015045 0.011173 0.020525 0.011546 0.010986 0.022693 0.036494 0.009979 0.022660 0.013340 0.009612 0.015402 0.006752 0.019054 0.006733 0.025336 0.016370 0.027282 0.007337 0.008473 0.011029 0.011111 0.004899 0.030305 0.033480 0.019902 0.013747 0.013541 0.002394 0.001397 0.007216 0.006722 0.001934 0.000923 0.000803 0.005559 0.007413 0.007125 0.012574 0.010962 0.001883 0.005164 0.005310 0.005015 0.000000 0.000000 0.000000 0.000000 0.000000 0.000000 0.000000 0.000000 0.000000 
0.010900 0.019944 0.007070 0.021942 0.028265 0.024720 0.011321 0.015045 0.021469 0.003301 0.012361 0.013770 0.048259 0.009486 0.012259 0.005100 0.003837 0.005722 0.034607 0.016359 0.008174 0.026492 0.013144 0.025842 0.010829 0.018355 0.032194 0.035294 0.013735 0.006730 0.017228 0.005292 0.004279 0.001837 0.007947 0.003064 0.002351 0.005224 0.002237 0.003697 0.003776 0.004193 0.012555 0.009667 0.005088 0.007866 0.013631 0.013226 0.012224 0.000000 0.000000 0.000000 0.000000 0.000000 0.000000 0.000000 0.000000 0.000000 0.000000 0.000000 
0.010900 0.019944 0.007070 0.016353 0.028265 0.024720 0.011321 0.008428 0.017342 0.031804 0.041125 0.009545 0.007867 0.033102 0.038519 0.012750 0.017950 0.009692 0.004358 0.006826 0.021172 0.006084 0.009548 0.014194 0.017385 0.022775 0.013882 0.015487 0.015197 0.004638 0.011637 0.006779 0.004612 0.002424 0.003263 0.003038 0.008579 0.001880 0.001991 0.007481 0.005346 0.002909 0.008632 0.008147 0.011506 0.004769 0.000000 0.000000 0.000000 0.000000 0.000000 0.000000 0.000000 0.000000 0.000000 0.000000 0.000000 0.000000 0.000000 0.000000 
0.010900 0.019944 0.007070 0.016353 0.023535 0.009886 0.020074 0.020653 0.009839 0.013604 0.008290 0.007152 0.017296 0.018405 0.009806 0.021245 0.048310 0.025997 0.007020 0.015224 0.006408 0.016850 0.007878 0.010926 0.015669 0.012597 0.007735 0.001307 0.003755 0.001168 0.001286 0.001004 0.002047 0.001218 0.001977 0.005077 0.002402 0.003288 0.003910 0.001837 0.003231 0.007471 0.005161 0.008943 0.000000 0.000000 0.000000 0.000000 0.000000 0.000000 0.000000 0.000000 0.000000 0.000000 0.000000 0.000000 0.000000 0.000000 0.000000 0.000000 
0.003149 0.001723 0.002737 0.008688 0.003127 0.007256 0.001501 0.004348 0.001860 0.003136 0.000812 0.001090 0.001548 0.002366 0.001110 0.003042 0.000958 0.001952 0.002582 0.003643 0.001658 0.004291 0.004455 0.009198 0.019519 0.007654 0.018340 0.033896 0.016486 0.021057 0.004705 0.008647 0.021524 0.009937 0.004030 0.012912 0.024512 0.021741 0.008763 0.016731 0.026182 0.023535 0.016353 0.007070 0.019944 0.010900 0.000000 0.000000 0.000000 0.000000 0.000000 0.000000 0.000000 0.000000 0.000000 0.000000 0.000000 0.000000 0.000000 0.000000 
0.001975 0.005888 0.003418 0.005319 0.001925 0.002061 0.002082 0.003749 0.004930 0.002802 0.000489 0.001042 0.003972 0.003043 0.001287 0.003146 0.002094 0.001443 0.001623 0.000433 0.000639 0.000919 0.000681 0.003943 0.002876 0.003600 0.007802 0.007402 0.009704 0.019042 0.020131 0.021709 0.013896 0.015105 0.014720 0.025367 0.018414 0.010352 0.029989 0.013538 0.008763 0.016731 0.026182 0.012792 0.011079 0.007070 0.019944 0.010900 0.000000 0.000000 0.000000 0.000000 0.000000 0.000000 0.000000 0.000000 0.000000 0.000000 0.000000 0.000000 
0.006744 0.004930 0.005598 0.002947 0.001554 0.002797 0.007056 0.000357 0.000903 0.001035 0.000583 0.001134 0.000973 0.001771 0.000793 0.001627 0.004582 0.003319 0.003148 0.002261 0.000353 0.000750 0.001121 0.009187 0.002131 0.005122 0.004198 0.004375 0.002765 0.006423 0.004316 0.049444 0.004005 0.014146 0.009440 0.004447 0.009141 0.028689 0.013160 0.016856 0.025123 0.013538 0.009429 0.013285 0.043996 0.012792 0.011079 0.016250 0.019944 0.010900 0.000000 0.000000 0.000000 0.000000 0.000000 0.000000 0.000000 0.000000 0.000000 0.000000 
0.004950 0.003978 0.003960 0.001977 0.004302 0.001774 0.001181 0.001818 0.003358 0.002462 0.001141 0.002023 0.001746 0.001023 0.000532 0.000696 0.001071 0.001984 0.002544 0.001372 0.000258 0.003236 0.001715 0.003919 0.001139 0.002788 0.001278 0.002305 0.003431 0.000908 0.003566 0.001517 0.008730 0.023028 0.017567 0.009974 0.034876 0.007816 0.010227 0.002956 0.004747 0.007080 0.027111 0.007932 0.010977 0.013285 0.043996 0.019261 0.011079 0.016250 0.019944 0.010900 0.000000 0.000000 0.000000 0.000000 0.000000 0.000000 0.000000 0.000000 
0.004421 0.001630 0.001428 0.001759 0.000708 0.000398 0.001046 0.000903 0.001604 0.000647 0.000946 0.000343 0.000974 0.002816 0.001717 0.002692 0.002986 0.000950 0.001595 0.002704 0.001136 0.005286 0.002325 0.001044 0.000911 0.000255 0.000487 0.000323 0.000373 0.000898 0.000634 0.001953 0.003819 0.001248 0.001013 0.002909 0.024467 0.009041 0.048763 0.019064 0.005090 0.030419 0.024966 0.008101 0.027111 0.027307 0.010977 0.012452 0.043996 0.019261 0.011079 0.016250 0.019944 0.010900 0.000000 0.000000 0.000000 0.000000 0.000000 0.000000 
0.000777 0.000929 0.001500 0.000339 0.000801 0.001701 0.000738 0.000640 0.000371 0.000112 0.001409 0.002983 0.000377 0.000763 0.001964 0.002807 0.003711 0.000563 0.001985 0.002831 0.000858 0.000792 0.000313 0.000519 0.000795 0.001154 0.001593 0.004896 0.000964 0.000876 0.001213 0.000969 0.001612 0.002776 0.002301 0.001919 0.002100 0.001047 0.002435 0.024348 0.013360 0.012262 0.019591 0.025235 0.025971 0.029542 0.020473 0.019008 0.025874 0.012452 0.026636 0.019261 0.014970 0.016250 0.013045 0.010900 0.000000 0.000000 0.000000 0.000000 
0.002280 0.000955 0.001686 0.000812 0.005744 0.001139 0.001075 0.002098 0.001281 0.000395 0.001343 0.001260 0.001023 0.001487 0.000827 0.003020 0.001674 0.001370 0.001389 0.000577 0.000437 0.000683 0.000480 0.000879 0.001362 0.000900 0.000872 0.002005 0.002046 0.000711 0.000854 0.001157 0.003095 0.000982 0.001268 0.003193 0.001139 0.000831 0.000937 0.000830 0.004148 0.010759 0.012099 0.033399 0.019205 0.034811 0.029542 0.038936 0.019008 0.025874 0.040593 0.026636 0.017658 0.014970 0.016250 0.013045 0.010900 0.000000 0.000000 0.000000 
0.000811 0.001092 0.001020 0.000261 0.002020 0.000819 0.000275 0.002320 0.002583 0.000792 0.001375 0.001128 0.002714 0.001116 0.002178 0.003290 0.000442 0.001372 0.000281 0.001206 0.000740 0.000982 0.001009 0.000760 0.001922 0.001481 0.000843 0.001180 0.001175 0.000385 0.001254 0.001042 0.000691 0.002428 0.001340 0.000974 0.002341 0.001026 0.000541 0.001556 0.001197 0.000470 0.002744 0.005937 0.021545 0.007585 0.019205 0.030734 0.014820 0.038936 0.017556 0.015694 0.040593 0.020088 0.017658 0.014970 0.016250 0.013045 0.010900 0.000000 
0.001911 0.000641 0.003121 0.002441 0.002006 0.002122 0.000577 0.001107 0.000783 0.001351 0.002870 0.003717 0.000532 0.000424 0.001577 0.000744 0.001062 0.000859 0.001770 0.001372 0.001920 0.001052 0.001525 0.000834 0.000950 0.001484 0.001745 0.000556 0.001771 0.000722 0.000632 0.001670 0.002754 0.003165 0.001937 0.001525 0.002573 0.001742 0.001981 0.001046 0.000839 0.001389 0.001004 0.001679 0.002725 0.041972 0.006795 0.027328 0.020024 0.009105 0.027349 0.017556 0.015694 0.034606 0.020088 0.017658 0.014970 0.019362 0.013045 0.010900 
0.003198 0.001079 0.000978 0.004277 0.002154 0.000949 0.000602 0.001705 0.002215 0.000596 0.001048 0.002767 0.002544 0.001159 0.001466 0.000149 0.001832 0.000552 0.000367 0.002361 0.000917 0.001800 0.000741 0.002049 0.001108 0.001835 0.002044 0.000744 0.000654 0.000928 0.000706 0.000854 0.001359 0.001907 0.001445 0.000118 0.001190 0.001653 0.000983 0.001091 0.001911 0.004557 0.002134 0.001027 0.003130 0.031356 0.011250 0.016965 0.020024 0.009105 0.012923 0.026454 0.023873 0.034606 0.020088 0.017658 0.011764 0.019362 0.013045 0.010900 
0.001121 0.000805 0.002445 0.001715 0.001572 0.000257 0.000491 0.003557 0.001978 0.000736 0.002198 0.003165 0.002365 0.002266 0.001820 0.001168 0.002576 0.001079 0.001079 0.001571 0.000494 0.000923 0.000741 0.001640 0.000626 0.000956 0.000813 0.000804 0.001047 0.001463 0.000148 0.001635 0.000593 0.001926 0.005894 0.003129 0.000713 0.001201 0.000634 0.002130 0.002293 0.002174 0.002533 0.002613 0.001027 0.005038 0.006607 0.017275 0.016852 0.014518 0.009185 0.012923 0.026454 0.023873 0.034606 0.006286 0.014226 0.011764 0.019362 0.013045 
0.021690 0.005439 0.000617 0.001629 0.000514 0.001318 0.001194 0.000734 0.000743 0.001565 0.000309 0.001435 0.000619 0.001952 0.000769 0.001329 0.001845 0.001564 0.001376 0.001032 0.001833 0.002221 0.001311 0.000944 0.000975 0.001180 0.000895 0.001621 0.000509 0.000454 0.001276 0.001982 0.001974 0.001048 0.000363 0.002137 0.000598 0.001149 0.001149 0.002672 0.001328 0.002530 0.001348 0.002858 0.004991 0.019805 0.006510 0.011325 0.018716 0.006799 0.011091 0.015514 0.037152 0.018985 0.012385 0.006286 0.014226 0.011764 0.019362 0.013045 
0.002779 0.003386 0.004828 0.003431 0.000803 0.000836 0.000639 0.002055 0.001703 0.003947 0.001252 0.000907 0.000887 0.000445 0.000876 0.002548 0.001916 0.001125 0.001584 0.000893 0.002793 0.002524 0.003809 0.001117 0.001160 0.002036 0.001357 0.001693 0.001007 0.000888 0.001587 0.001539 0.000363 0.001019 0.001580 0.005518 0.002921 0.004128 0.010771 0.009516 0.024232 0.039406 0.034305 0.013903 0.010829 0.019805 0.006510 0.011325 0.018716 0.006799 0.011091 0.015514 0.037152 0.018985 0.012385 0.006286 0.014226 0.011764 0.019362 0.013045 
0.004252 0.007136 0.002057 0.001844 0.002188 0.003531 0.000875 0.000554 0.001542 0.001381 0.000322 0.002473 0.001712 0.000323 0.000759 0.001655 0.002382 0.001815 0.000961 0.001080 0.000243 0.001676 0.000650 0.001625 0.003426 0.001186 0.001216 0.002059 0.005856 0.004320 0.001678 0.005227 0.014269 0.007654 0.020626 0.015249 0.011153 0.003018 0.015345 0.010758 0.048329 0.039937 0.028427 0.022927 0.033367 0.019134 0.010126 0.002634 0.013376 0.004097 0.021402 0.018147 0.024799 0.008864 0.027743 0.006286 0.014226 0.011764 0.019362 0.013045 
0.009006 0.004528 0.004427 0.018597 0.001928 0.006490 0.001377 0.003166 0.004562 0.003160 0.001667 0.004647 0.004438 0.014639 0.010519 0.032480 0.009878 0.003573 0.011133 0.010670 0.002769 0.013618 0.006201 0.007384 0.016009 0.012014 0.013873 0.017405 0.035476 0.008029 0.007603 0.009989 0.019240 0.020133 0.025947 0.022582 0.030180 0.007818 0.010724 0.020680 0.016147 0.005851 0.010540 0.033367 0.013250 0.008615 0.008874 0.019065 0.007213 0.013641 0.018147 0.024799 0.008864 0.027743 0.005027 0.007948 0.011764 0.019362 0.013045 0.010900 
0.005115 0.004710 0.005103 0.005364 0.014834 0.003732 0.005185 0.010145 0.006130 0.019096 0.006068 0.025090 0.013495 0.015724 0.054602 0.022526 0.035958 0.021102 0.036175 0.006264 0.010748 0.023727 0.017370 0.009561 0.034940 0.004306 0.011306 0.021453 0.060534 0.015339 0.041825 0.017783 0.025182 0.023460 0.009324 0.028299 0.038090 0.022386 0.016914 0.018340 0.009626 0.014795 0.009193 0.016267 0.020674 0.007178 0.008593 0.010871 0.007213 0.013641 0.024681 0.028707 0.027946 0.027743 0.005027 0.007948 0.010294 0.019362 0.013045 0.010900 
0.001519 0.002289 0.001060 0.004529 0.003790 0.005774 0.001447 0.006551 0.017648 0.009328 0.020157 0.022856 0.003619 0.026173 0.028716 0.024325 0.006493 0.021254 0.026345 0.001309 0.020827 0.013543 0.020983 0.034829 0.049759 0.027556 0.024321 0.014381 0.021747 0.027792 0.012324 0.015848 0.006471 0.026515 0.003652 0.024149 0.028239 0.008674 0.017919 0.020621 0.029281 0.020833 0.021038 0.010717 0.004350 0.004132 0.009214 0.004077 0.008463 0.031348 0.028707 0.027946 0.011512 0.005027 0.007948 0.010294 0.012084 0.013045 0.010900 0.000000 
0.001661 0.002823 0.005300 0.005737 0.001697 0.008633 0.001587 0.012714 0.014548 0.038360 0.004018 0.011640 0.011512 0.008990 0.020368 0.028481 0.014338 0.016535 0.010217 0.060459 0.009968 0.018786 0.030010 0.006499 0.017532 0.029248 0.008366 0.006769 0.029630 0.015244 0.029981 0.023268 0.011879 0.007580 0.051808 0.010518 0.022904 0.035017 0.011347 0.017669 0.066169 0.035777 0.017207 0.007472 0.009214 0.016666 0.004459 0.031348 0.016895 0.015361 0.011512 0.003959 0.007948 0.010294 0.012084 0.013045 0.010900 0.000000 0.000000 0.000000 
0.002174 0.004235 0.001285 0.008298 0.003184 0.001573 0.004249 0.004216 0.023323 0.022566 0.025833 0.018067 0.032608 0.014180 0.016314 0.023207 0.052003 0.017636 0.015118 0.021597 0.019018 0.017856 0.019462 0.013508 0.028756 0.012998 0.005707 0.004476 0.012093 0.025818 0.010816 0.010600 0.008959 0.015554 0.010414 0.013296 0.035802 0.014273 0.009473 0.031201 0.024901 0.029944 0.002531 0.007736 0.019893 0.004459 0.028153 0.016895 0.015361 0.015695 0.003959 0.019011 0.010294 0.012084 0.013045 0.010900 0.000000 0.000000 0.000000 0.000000 
0.006833 0.000480 0.003179 0.002502 0.007119 0.003005 0.000491 0.007247 0.031495 0.013977 0.054638 0.035664 0.016611 0.047198 0.027462 0.007650 0.026247 0.022527 0.018549 0.010753 0.023169 0.022161 0.022730 0.002896 0.023607 0.004895 0.022517 0.039666 0.020128 0.002669 0.012964 0.023783 0.006148 0.036549 0.028393 0.010444 0.006577 0.005601 0.016975 0.058888 0.014288 0.006329 0.009825 0.016811 0.037786 0.017396 0.012866 0.015695 0.006388 0.019011 0.017250 0.012084 0.015870 0.010900 0.000000 0.000000 0.000000 0.000000 0.000000 0.000000 
0.003271 0.001289 0.001649 0.000682 0.002764 0.001207 0.007120 0.008220 0.014623 0.018424 0.014196 0.014719 0.013802 0.020140 0.027621 0.012494 0.027436 0.023550 0.009404 0.026665 0.023741 0.009765 0.026943 0.019011 0.065554 0.021895 0.011018 0.038924 0.019459 0.018724 0.029734 0.003029 0.008706 0.022599 0.022286 0.016095 0.013966 0.037178 0.008639 0.016773 0.017924 0.014674 0.037786 0.018972 0.012866 0.020346 0.006388 0.019011 0.017250 0.012084 0.015870 0.010900 0.000000 0.000000 0.000000 0.000000 0.000000 0.000000 0.000000 0.000000 
0.002924 0.002148 0.003057 0.001323 0.002928 0.005262 0.002335 0.005821 0.002035 0.007801 0.002865 0.006583 0.006669 0.008932 0.013671 0.008152 0.017852 0.016343 0.038330 0.030290 0.022057 0.020227 0.005143 0.019088 0.009950 0.048369 0.012788 0.015223 0.012386 0.015368 0.030422 0.026163 0.018257 0.033204 0.022156 0.009409 0.005743 0.016920 0.022151 0.005862 0.012721 0.013938 0.016938 0.020346 0.006388 0.011460 0.017250 0.012084 0.015870 0.010900 0.000000 0.000000 0.000000 0.000000 0.000000 0.000000 0.000000 0.000000 0.000000 0.000000 
0.002617 0.001588 0.001610 0.002869 0.002209 0.001111 0.013107 0.009931 0.017098 0.012052 0.005609 0.004852 0.010693 0.002436 0.002596 0.007896 0.002740 0.015387 0.006898 0.027989 0.032508 0.019873 0.017775 0.024308 0.012579 0.022154 0.039241 0.009991 0.019383 0.024589 0.012899 0.021905 0.023539 0.005214 0.016119 0.014995 0.016220 0.006890 0.007220 0.013938 0.031962 0.050741 0.012389 0.011460 0.017250 0.012425 0.015870 0.010900 0.000000 0.000000 0.000000 0.000000 0.000000 0.000000 0.000000 0.000000 0.000000 0.000000 0.000000 0.000000 
0.003113 0.004691 0.004120 0.005834 0.002075 0.003306 0.003794 0.014924 0.007405 0.015329 0.007884 0.030080 0.012010 0.006226 0.008362 0.003468 0.012258 0.001323 0.008004 0.005781 0.005487 0.006801 0.004619 0.012151 0.010535 0.012065 0.011609 0.013640 0.010185 0.012474 0.009434 0.012436 0.003706 0.024568 0.017789 0.009852 0.014419 0.030767 0.031962 0.050741 0.012389 0.007449 0.013661 0.012425 0.015870 0.010900 0.000000 0.000000 0.000000 0.000000 0.000000 0.000000 0.000000 0.000000 0.000000 0.000000 0.000000 0.000000 0.000000 0.000000 
0.011531 0.002831 0.004536 0.003557 0.008007 0.018782 0.008320 0.010001 0.007340 0.014594 0.006694 0.018358 0.009722 0.005348 0.021487 0.007529 0.006757 0.000794 0.009601 0.012578 0.002399 0.004642 0.003073 0.006151 0.015880 0.007866 0.013632 0.037376 0.017389 0.024840 0.012502 0.030347 0.026564 0.015027 0.002486 0.019335 0.021777 0.029858 0.019639 0.007449 0.013661 0.012425 0.015870 0.010900 0.000000 0.000000 0.000000 0.000000 0.000000 0.000000 0.000000 0.000000 0.000000 0.000000 0.000000 0.000000 0.000000 0.000000 0.000000 0.000000 
0.010077 0.006857 0.005201 0.003074 0.005921 0.004476 0.004902 0.002577 0.009081 0.008646 0.008484 0.029371 0.014970 0.016568 0.010385 0.005289 0.025315 0.007365 0.006315 0.003621 0.009166 0.007720 0.011712 0.003802 0.008370 0.022456 0.016133 0.010764 0.013590 0.025706 0.033108 0.012761 0.036231 0.009711 0.018906 0.005779 0.015290 0.008290 0.010597 0.014586 0.028306 0.016457 0.013661 0.012425 0.015870 0.010900 0.000000 0.000000 0.000000 0.000000 0.000000 0.000000 0.000000 0.000000 0.000000 0.000000 0.000000 0.000000 0.000000 0.000000 
0.001888 0.001454 0.008536 0.002972 0.007213 0.008892 0.010061 0.009384 0.007143 0.002513 0.002584 0.005785 0.015410 0.006191 0.010036 0.010555 0.005305 0.009533 0.005394 0.002325 0.004397 0.005852 0.001152 0.005335 0.001762 0.006527 0.003967 0.015522 0.013006 0.008646 0.009505 0.009696 0.017894 0.023727 0.015441 0.011782 0.012061 0.003267 0.003429 0.014976 0.011981 0.009020 0.050673 0.028306 0.016457 0.024090 0.005712 0.015870 0.010900 0.000000 0.000000 0.000000 0.000000 0.000000 0.000000 0.000000 0.000000 0.000000 0.000000 0.000000 
0.004219 0.005079 0.007638 0.008366 0.006241 0.012220 0.018843 0.011492 0.007048 0.013686 0.002707 0.008520 0.008855 0.006463 0.008357 0.009373 0.007723 0.006139 0.007019 0.013759 0.016386 0.015058 0.006395 0.013349 0.003437 0.011887 0.013516 0.007958 0.004409 0.009943 0.008858 0.020412 0.010269 0.003208 0.014248 0.025091 0.011639 0.007402 0.003324 0.007407 0.003429 0.017916 0.009622 0.009020 0.050673 0.019804 0.016457 0.024090 0.005712 0.015870 0.010900 0.000000 0.000000 0.000000 0.000000 0.000000 0.000000 0.000000 0.000000 0.000000 
0.006907 0.005831 0.009494 0.004645 0.001260 0.015672 0.010415 0.006864 0.002643 0.007756 0.002859 0.004811 0.003823 0.002808 0.004187 0.003360 0.002728 0.006139 0.002850 0.020799 0.019908 0.017984 0.020282 0.007893 0.016142 0.012348 0.005862 0.007944 0.006814 0.002273 0.009732 0.010039 0.010114 0.023018 0.024878 0.039670 0.008730 0.015708 0.002463 0.011749 0.008687 0.007232 0.023233 0.011850 0.009622 0.028459 0.021481 0.019804 0.018906 0.024090 0.005712 0.015870 0.010900 0.000000 0.000000 0.000000 0.000000 0.000000 0.000000 0.000000 
0.009022 0.009104 0.011961 0.006590 0.008981 0.002031 0.004675 0.018087 0.009422 0.010010 0.015874 0.003668 0.007108 0.006231 0.010382 0.004699 0.002433 0.002226 0.002788 0.002613 0.008328 0.005922 0.005380 0.004088 0.001967 0.011923 0.009105 0.004412 0.005603 0.007340 0.006527 0.003477 0.008751 0.003478 0.013562 0.001191 0.018643 0.020518 0.015679 0.003842 0.005656 0.004221 0.013091 0.046759 0.030500 0.012248 0.010806 0.014686 0.021481 0.008178 0.018906 0.004591 0.005712 0.005065 0.010900 0.000000 0.000000 0.000000 0.000000 0.000000 
0.003172 0.002127 0.003494 0.002659 0.015907 0.011410 0.004170 0.007282 0.005135 0.007834 0.007473 0.005818 0.005317 0.002093 0.010303 0.004236 0.007091 0.003303 0.002059 0.002739 0.000733 0.002167 0.001337 0.007642 0.011173 0.006450 0.009511 0.010555 0.002274 0.003662 0.007175 0.003572 0.009490 0.012863 0.011143 0.013915 0.022213 0.016973 0.015934 0.006975 0.005900 0.013838 0.033976 0.037818 0.046759 0.034708 0.012248 0.016600 0.014686 0.021481 0.008178 0.018906 0.004591 0.005712 0.005065 0.010900 0.000000 0.000000 0.000000 0.000000 
0.003810 0.006196 0.008393 0.007889 0.004577 0.006602 0.006538 0.003005 0.006339 0.007183 0.009697 0.009566 0.012483 0.005598 0.006490 0.004524 0.008699 0.005977 0.004454 0.002182 0.003651 0.000944 0.007909 0.004158 0.001954 0.002912 0.007810 0.031191 0.013797 0.022079 0.008766 0.018443 0.018540 0.007396 0.014246 0.005046 0.005125 0.007682 0.007355 0.002837 0.003011 0.006517 0.002950 0.014655 0.033976 0.007991 0.024203 0.034708 0.020964 0.016600 0.015890 0.019552 0.008178 0.015044 0.004591 0.005712 0.005065 0.010900 0.000000 0.000000 
0.006572 0.014089 0.016133 0.008921 0.002722 0.009821 0.007720 0.007502 0.009231 0.004328 0.004289 0.004013 0.007925 0.003957 0.002281 0.010138 0.006072 0.008563 0.009429 0.008022 0.008472 0.006278 0.008758 0.008897 0.001987 0.001354 0.004223 0.006077 0.002742 0.003792 0.006818 0.020063 0.013568 0.012537 0.008850 0.001976 0.006983 0.006422 0.002718 0.001028 0.008560 0.011359 0.006276 0.004942 0.019953 0.037685 0.032442 0.007905 0.011846 0.027981 0.030719 0.015890 0.019552 0.012773 0.015044 0.004591 0.005712 0.005065 0.010900 0.000000 
0.026781 0.006902 0.016683 0.013612 0.009960 0.011338 0.005784 0.001233 0.008009 0.011781 0.005548 0.001505 0.003259 0.010007 0.010986 0.004898 0.003381 0.002066 0.009606 0.007458 0.006229 0.006913 0.009252 0.015418 0.014865 0.016586 0.005290 0.001957 0.005362 0.005458 0.009028 0.007797 0.013602 0.027830 0.013164 0.014518 0.012853 0.003276 0.003222 0.005650 0.008282 0.006305 0.003564 0.004573 0.010887 0.011314 0.041719 0.018363 0.022927 0.020690 0.027981 0.030719 0.018443 0.003833 0.012773 0.015044 0.004591 0.006635 0.005065 0.010900 
0.009980 0.011431 0.008830 0.039697 0.017224 0.009460 0.007451 0.002317 0.003196 0.011673 0.008292 0.006523 0.007384 0.007350 0.011352 0.013041 0.002625 0.006159 0.011771 0.006888 0.004937 0.013518 0.006492 0.007527 0.003940 0.004133 0.005858 0.004018 0.001582 0.005083 0.009484 0.006412 0.004491 0.011138 0.023262 0.009174 0.004878 0.001338 0.001265 0.007313 0.008133 0.006788 0.003564 0.009495 0.008056 0.009053 0.018137 0.018363 0.022927 0.020690 0.019153 0.041081 0.018443 0.003833 0.012773 0.015044 0.018849 0.006635 0.005065 0.010900 
0.000623 0.007098 0.013157 0.010338 0.007160 0.007090 0.006138 0.007049 0.003564 0.003476 0.007477 0.007045 0.008723 0.015713 0.009701 0.002220 0.008548 0.008196 0.003001 0.002312 0.009291 0.011140 0.002641 0.005189 0.005327 0.004944 0.004114 0.004379 0.002638 0.003427 0.004628 0.010678 0.003869 0.010233 0.017590 0.005327 0.002918 0.011075 0.003827 0.002387 0.003132 0.004477 0.007016 0.005430 0.006357 0.020951 0.013830 0.011902 0.014258 0.019593 0.022878 0.019153 0.041081 0.018443 0.011624 0.011914 0.016147 0.018849 0.006635 0.005065 
0.002871 0.021500 0.005050 0.002489 0.002020 0.010742 0.014844 0.009181 0.005974 0.001371 0.006291 0.004357 0.002640 0.008794 0.013636 0.011816 0.005214 0.000980 0.002078 0.002527 0.006294 0.002472 0.001663 0.002607 0.007108 0.006609 0.005335 0.002849 0.002331 0.004196 0.003552 0.003025 0.004494 0.020279 0.031530 0.015739 0.002723 0.006799 0.006239 0.002385 0.001779 0.007626 0.005412 0.005285 0.003639 0.006571 0.006176 0.012606 0.005720 0.004079 0.003933 0.015100 0.010193 0.015803 0.011624 0.011914 0.016147 0.018849 0.006635 0.005065 
0.009139 0.006221 0.004488 0.003193 0.004888 0.004590 0.006729 0.006995 0.012805 0.015057 0.013446 0.015110 0.006530 0.005423 0.003798 0.007907 0.003085 0.010519 0.013933 0.013339 0.004331 0.006497 0.004444 0.006701 0.007470 0.002927 0.001566 0.002045 0.002452 0.002248 0.002403 0.001436 0.006200 0.012690 0.005722 0.010279 0.010403 0.003522 0.002147 0.000948 0.003422 0.006004 0.003147 0.003634 0.002822 0.008036 0.012660 0.003639 0.013165 0.021727 0.003933 0.015100 0.010193 0.015803 0.011624 0.011914 0.016147 0.018849 0.006635 0.005065 
0.007300 0.007115 0.004468 0.005809 0.009704 0.012860 0.008334 0.027793 0.020000 0.019054 0.071205 0.091852 0.024087 0.004274 0.006209 0.010865 0.016699 0.012627 0.016856 0.006747 0.006434 0.003736 0.006524 0.008176 0.008687 0.004327 0.002337 0.003350 0.004072 0.002535 0.004521 0.005272 0.006016 0.003129 0.008018 0.009172 0.002914 0.002627 0.002586 0.004047 0.006413 0.001619 0.007270 0.015107 0.006541 0.003438 0.003750 0.015820 0.013165 0.021727 0.036887 0.033560 0.015117 0.008910 0.004805 0.015755 0.016147 0.018849 0.006635 0.005065 
0.009457 0.002132 0.002295 0.005832 0.006720 0.007367 0.006115 0.012054 0.004788 0.026635 0.005485 0.006153 0.002229 0.001453 0.003817 0.010822 0.003436 0.005793 0.011541 0.008565 0.004930 0.007452 0.003677 0.002378 0.003675 0.002350 0.004461 0.004188 0.002717 0.001629 0.002148 0.007892 0.011959 0.003868 0.008804 0.009025 0.011052 0.007292 0.002905 0.003136 0.006502 0.003559 0.002958 0.007207 0.014533 0.003750 0.015820 0.018065 0.020835 0.012958 0.007553 0.015117 0.008910 0.004805 0.015755 0.012628 0.012937 0.006635 0.005065 0.010900 
0.007046 0.002713 0.003972 0.002662 0.003296 0.005147 0.004117 0.007792 0.002612 0.005519 0.013220 0.007326 0.011154 0.011209 0.016610 0.006545 0.014132 0.013671 0.011659 0.006042 0.003885 0.010001 0.010107 0.010130 0.001991 0.008081 0.005122 0.001148 0.001035 0.002346 0.005352 0.010272 0.008215 0.007485 0.004115 0.004534 0.004666 0.003241 0.004015 0.002015 0.007002 0.006887 0.012338 0.007264 0.014163 0.014756 0.011299 0.015337 0.012958 0.007553 0.005455 0.016079 0.004805 0.015755 0.012628 0.012937 0.006635 0.005065 0.010900 0.000000 
0.005188 0.008436 0.012065 0.011171 0.010950 0.007480 0.027533 0.029129 0.029907 0.211866 0.179700 0.012208 0.013943 0.009319 0.007058 0.006694 0.002801 0.006240 0.004492 0.004863 0.004088 0.002791 0.003133 0.005398 0.007985 0.006254 0.002613 0.007140 0.001875 0.000862 0.002872 0.021281 0.021329 0.005102 0.008616 0.001759 0.008133 0.004220 0.003110 0.001762 0.003952 0.005322 0.009130 0.005476 0.018314 0.015711 0.015337 0.012386 0.028070 0.011722 0.016079 0.011747 0.011426 0.012628 0.012937 0.008276 0.005065 0.010900 0.000000 0.000000 
0.003631 0.005559 0.006297 0.003084 0.010952 0.003389 0.003344 0.015436 0.004586 0.007231 0.004625 0.003196 0.006856 0.007220 0.008059 0.003505 0.001492 0.006031 0.005920 0.018777 0.002308 0.002843 0.010888 0.008030 0.004727 0.004629 0.002892 0.004537 0.003390 0.011136 0.015164 0.007252 0.015243 0.021679 0.008504 0.002236 0.005831 0.001581 0.002290 0.003597 0.007382 0.003673 0.017526 0.012793 0.015711 0.006877 0.013933 0.028070 0.011722 0.029702 0.011747 0.011426 0.012628 0.012937 0.008276 0.005065 0.010900 0.000000 0.000000 0.000000 
0.006739 0.010229 0.005513 0.010335 0.004591 0.006517 0.005008 0.007515 0.002827 0.003192 0.005505 0.003006 0.006856 0.008986 0.004990 0.012548 0.015645 0.003581 0.007459 0.008276 0.012346 0.001138 0.001780 0.005412 0.003070 0.004078 0.003407 0.007322 0.005783 0.004711 0.013154 0.019726 0.006326 0.009714 0.006253 0.007981 0.006113 0.005417 0.001728 0.017179 0.011441 0.010130 0.021318 0.031024 0.080406 0.048212 0.024422 0.014876 0.029702 0.016312 0.011426 0.020181 0.012937 0.008276 0.005065 0.010900 0.000000 0.000000 0.000000 0.000000 
0.015432 0.012535 0.029774 0.009067 0.003324 0.004461 0.010274 0.002448 0.007101 0.008291 0.004430 0.006286 0.009443 0.002696 0.002798 0.001953 0.003491 0.017613 0.002231 0.002157 0.006249 0.006371 0.006883 0.005807 0.002780 0.003193 0.002887 0.008100 0.002368 0.004326 0.009415 0.005778 0.002884 0.006342 0.010519 0.003749 0.000494 0.004529 0.013877 0.006281 0.014730 0.013261 0.013751 0.048212 0.014082 0.014876 0.012900 0.016312 0.018091 0.020181 0.015160 0.008276 0.027621 0.010900 0.000000 0.000000 0.000000 0.000000 0.000000 0.000000 
0.006779 0.008858 0.002767 0.006960 0.003788 0.008794 0.003436 0.005844 0.013161 0.004093 0.011622 0.005558 0.002590 0.004684 0.004779 0.009727 0.003195 0.003278 0.003739 0.008462 0.010260 0.017465 0.004520 0.002882 0.002970 0.003121 0.002993 0.007146 0.004551 0.009923 0.006426 0.005336 0.007287 0.008617 0.002518 0.004284 0.006543 0.003879 0.022977 0.009335 0.016404 0.016064 0.007630 0.020103 0.012900 0.010423 0.018091 0.028978 0.015160 0.008276 0.027621 0.010900 0.000000 0.000000 0.000000 0.000000 0.000000 0.000000 0.000000 0.000000 
0.017348 0.003922 0.012639 0.000774 0.005533 0.015160 0.013619 0.006732 0.002556 0.001310 0.006110 0.005819 0.011486 0.014050 0.006511 0.004829 0.005520 0.004944 0.004069 0.002638 0.007514 0.004638 0.002450 0.003717 0.004747 0.003885 0.008241 0.016592 0.006587 0.018800 0.014931 0.004066 0.001667 0.008347 0.013671 0.004672 0.009684 0.017935 0.011542 0.030923 0.007630 0.013400 0.006926 0.010423 0.017525 0.028978 0.015160 0.008276 0.027621 0.010900 0.000000 0.000000 0.000000 0.000000 0.000000 0.000000 0.000000 0.000000 0.000000 0.000000 
0.012863 0.005044 0.006146 0.008229 0.002542 0.013123 0.005073 0.006297 0.005724 0.002793 0.001153 0.004354 0.004888 0.003557 0.003202 0.011439 0.009732 0.004582 0.003685 0.004970 0.003314 0.003147 0.001703 0.003181 0.002100 0.006711 0.004029 0.003769 0.014419 0.006315 0.001238 0.004711 0.009189 0.013147 0.011810 0.027931 0.016337 0.027621 0.008697 0.013400 0.017185 0.009920 0.017525 0.028978 0.015160 0.022894 0.027621 0.010900 0.000000 0.000000 0.000000 0.000000 0.000000 0.000000 0.000000 0.000000 0.000000 0.000000 0.000000 0.000000 
0.017587 0.012196 0.004866 0.006327 0.009355 0.005016 0.003147 0.010909 0.010093 0.011525 0.013175 0.005213 0.002759 0.003730 0.002543 0.002240 0.001104 0.003073 0.001166 0.003518 0.003734 0.008420 0.002970 0.003848 0.014800 0.010145 0.004953 0.004371 0.004254 0.009482 0.007994 0.009633 0.021462 0.027342 0.018693 0.045483 0.014992 0.022782 0.022674 0.011026 0.012516 0.005608 0.022894 0.027621 0.010900 0.000000 0.000000 0.000000 0.000000 0.000000 0.000000 0.000000 0.000000 0.000000 0.000000 0.000000 0.000000 0.000000 0.000000 0.000000 
0.010900 0.027621 0.022894 0.005608 0.012516 0.011026 0.022674 0.022782 0.047440 0.009681 0.028913 0.019903 0.026544 0.009763 0.009238 0.005415 0.013392 0.002116 0.002451 0.001491 0.006028 0.005146 0.008763 0.006477 0.009945 0.005477 0.004439 0.005653 0.008324 0.008011 0.003988 0.009645 0.019282 0.004562 0.020140 0.004138 0.004774 0.007046 0.005570 0.015966 0.001278 0.012494 0.017997 0.004420 0.000000 0.000000 0.000000 0.000000 0.000000 0.000000 0.000000 0.000000 0.000000 0.000000 0.000000 0.000000 0.000000 0.000000 0.000000 0.000000 
0.010900 0.027621 0.022894 0.005608 0.026530 0.015542 0.015828 0.016306 0.027573 0.008997 0.011899 0.011741 0.031508 0.008220 0.015904 0.005717 0.015861 0.011519 0.007077 0.003506 0.002352 0.004726 0.004879 0.007053 0.006021 0.004473 0.009395 0.003389 0.004439 0.000960 0.001777 0.010974 0.004740 0.002688 0.000696 0.003043 0.010885 0.006455 0.003948 0.002229 0.003430 0.007867 0.009981 0.006185 0.011116 0.019990 0.006278 0.000000 0.000000 0.000000 0.000000 0.000000 0.000000 0.000000 0.000000 0.000000 0.000000 0.000000 0.000000 0.000000 
0.010900 0.027621 0.022894 0.020816 0.026530 0.015542 0.015828 0.021211 0.019835 0.018171 0.011899 0.011588 0.010175 0.011138 0.016047 0.050262 0.012145 0.009648 0.007119 0.005065 0.001960 0.001844 0.002986 0.017703 0.013017 0.001182 0.009878 0.009787 0.005855 0.002603 0.001422 0.003920 0.002134 0.003683 0.004011 0.017039 0.004294 0.004809 0.004234 0.005252 0.014407 0.010011 0.006559 0.005856 0.003255 0.006672 0.009216 0.004695 0.004135 0.000000 0.000000 0.000000 0.000000 0.000000 0.000000 0.000000 0.000000 0.000000 0.000000 0.000000 
0.010900 0.027621 0.060523 0.020816 0.026530 0.010421 0.028932 0.019413 0.022138 0.007229 0.025383 0.025091 0.020197 0.005665 0.013639 0.054207 0.021648 0.011890 0.002032 0.015001 0.005759 0.003031 0.000847 0.002671 0.004011 0.002109 0.003860 0.003664 0.013142 0.010027 0.008188 0.004276 0.007657 0.003312 0.007355 0.007000 0.001845 0.005749 0.005832 0.002091 0.002901 0.001815 0.005605 0.013834 0.004878 0.004081 0.010021 0.054888 0.016416 0.015461 0.007348 0.000000 0.000000 0.000000 0.000000 0.000000 0.000000 0.000000 0.000000 0.000000 
0.010900 0.027621 0.060523 0.020816 0.026631 0.010421 0.025537 0.019413 0.032773 0.007629 0.025383 0.016258 0.015649 0.004949 0.019713 0.016428 0.020598 0.016664 0.018309 0.010208 0.005654 0.009368 0.004305 0.001283 0.007148 0.000525 0.002964 0.004486 0.014253 0.006436 0.009358 0.015046 0.021820 0.009902 0.012076 0.008593 0.001747 0.003023 0.002130 0.003953 0.012628 0.014281 0.029112 0.015682 0.021328 0.024992 0.007815 0.027793 0.007463 0.013800 0.019911 0.015505 0.003003 0.000000 0.000000 0.000000 0.000000 0.000000 0.000000 0.000000 
0.010900 0.040043 0.060523 0.003987 0.026631 0.010335 0.025537 0.017386 0.032773 0.026950 0.009097 0.027726 0.008430 0.013267 0.015481 0.049515 0.014713 0.009221 0.019759 0.015363 0.011189 0.039952 0.004329 0.007285 0.006816 0.001491 0.003298 0.003322 0.004049 0.013207 0.007506 0.002778 0.003942 0.010975 0.001258 0.003600 0.009671 0.006353 0.006165 0.004783 0.006103 0.010428 0.006844 0.010649 0.023657 0.016911 0.039412 0.032031 0.019762 0.007692 0.014555 0.014420 0.022014 0.023949 0.040458 0.000000 0.000000 0.000000 0.000000 0.000000 
0.010900 0.040043 0.060523 0.003987 0.026631 0.010335 0.043826 0.017386 0.025959 0.026950 0.011631 0.033095 0.005696 0.037425 0.008199 0.047492 0.017453 0.019181 0.019375 0.013370 0.014700 0.018639 0.031198 0.003938 0.015309 0.010602 0.001882 0.007480 0.005154 0.002381 0.003055 0.006737 0.001947 0.001600 0.004923 0.008996 0.002679 0.008088 0.003365 0.004977 0.015449 0.006340 0.012228 0.009659 0.006274 0.025879 0.011612 0.008627 0.010535 0.009974 0.023748 0.010114 0.009531 0.011552 0.030242 0.012365 0.012917 0.000000 0.000000 0.000000 
0.010900 0.040043 0.060523 0.003987 0.023493 0.010335 0.043826 0.021495 0.025959 0.017753 0.030472 0.033095 0.014454 0.025429 0.012125 0.021428 0.011044 0.017315 0.052034 0.021410 0.034842 0.030624 0.010008 0.006262 0.027208 0.023530 0.005429 0.005025 0.006027 0.005001 0.006944 0.003751 0.006040 0.007072 0.002033 0.002863 0.005888 0.005554 0.001636 0.003170 0.005100 0.007993 0.006016 0.009256 0.006084 0.009503 0.015159 0.014735 0.007383 0.011809 0.016871 0.007102 0.017452 0.035224 0.027377 0.027765 0.017197 0.050348 0.000000 0.000000 
0.010900 0.040043 0.060523 0.003987 0.023493 0.018849 0.043826 0.021495 0.024181 0.027933 0.030472 0.032041 0.015004 0.004708 0.030701 0.011053 0.017098 0.022433 0.030186 0.018097 0.013246 0.012398 0.015136 0.032885 0.013887 0.007481 0.035886 0.038235 0.048407 0.013686 0.007481 0.001832 0.004161 0.003719 0.003335 0.006386 0.004817 0.006960 0.001190 0.002477 0.002448 0.010380 0.010430 0.002287 0.003860 0.008202 0.001957 0.002405 0.006943 0.003198 0.011949 0.008046 0.012778 0.017066 0.017490 0.013445 0.023124 0.017964 0.025033 0.000000 
0.010900 0.040043 0.009505 0.003987 0.023493 0.018849 0.065391 0.012642 0.016178 0.027933 0.027798 0.062069 0.008217 0.008125 0.015624 0.004819 0.014890 0.013338 0.020040 0.038829 0.020447 0.028497 0.019495 0.020428 0.032501 0.006634 0.052799 0.012899 0.008779 0.002580 0.005565 0.005719 0.003517 0.002884 0.003807 0.010500 0.003222 0.002696 0.004261 0.006499 0.008196 0.009278 0.001967 0.006583 0.004806 0.002975 0.006109 0.001755 0.004322 0.002499 0.004344 0.002018 0.009878 0.006851 0.002434 0.003409 0.002576 0.003653 0.006563 0.005700 
0.010900 0.040043 0.009505 0.019487 0.023493 0.018849 0.065391 0.012642 0.016178 0.058958 0.019989 0.040381 0.008217 0.008125 0.008720 0.009899 0.008423 0.017890 0.011182 0.014443 0.020569 0.031180 0.028790 0.028133 0.018246 0.019171 0.037687 0.009687 0.033367 0.014740 0.007695 0.014349 0.002011 0.015046 0.005803 0.004040 0.003176 0.003290 0.005827 0.005888 0.006988 0.001191 0.008622 0.005690 0.003445 0.006727 0.002880 0.003015 0.002440 0.002163 0.004924 0.003626 0.005538 0.009251 0.007958 0.013224 0.004385 0.003619 0.006747 0.004151 
0.010900 0.040043 0.009505 0.019487 0.040152 0.007556 0.019821 0.005978 0.016178 0.058958 0.019989 0.040381 0.014791 0.019383 0.013932 0.024064 0.011981 0.021756 0.046824 0.014059 0.010508 0.025895 0.054032 0.019975 0.007263 0.031536 0.014947 0.053163 0.006985 0.003170 0.002419 0.001721 0.005218 0.005487 0.005183 0.002162 0.010252 0.004721 0.005798 0.005474 0.002126 0.005441 0.003225 0.003842 0.003199 0.011195 0.015017 0.002697 0.004064 0.003700 0.004950 0.015419 0.015441 0.004811 0.002193 0.002715 0.005383 0.003229 0.011474 0.006544 
0.010900 0.040043 0.009505 0.019487 0.040152 0.007556 0.019821 0.005978 0.023039 0.037499 0.024613 0.013093 0.015068 0.018142 0.013497 0.029478 0.019784 0.016081 0.072657 0.028170 0.003995 0.012899 0.015522 0.012953 0.007966 0.016797 0.011631 0.006816 0.017696 0.003001 0.002649 0.003621 0.004735 0.001495 0.000441 0.004554 0.000970 0.002959 0.001746 0.001709 0.004008 0.008030 0.006783 0.007857 0.001187 0.005057 0.002449 0.003814 0.003450 0.007057 0.002291 0.004387 0.000627 0.002544 0.004588 0.006062 0.005333 0.007895 0.003052 0.001745 
