0.004977 0.001553 -0.000409 0.000182 -0.000272 -0.001816 -0.003938 0.006250 0.000458 0.000602 0.002896 -0.003829 0.003581 0.002780 -0.000500 0.004272 0.003794 0.000322 0.002030 -0.001371 0.002149 0.001392 0.003231 -0.001500 0.002172 -0.001418 0.003034 -0.000583 -0.003458 0.002401 -0.000757 0.001044 -0.001279 0.000220 -0.000188 0.000687 -0.000024 -0.000339 0.000149 -0.000249 -0.001465 -0.000068 -0.002466 -0.000323 -0.000154 0.001046 -0.000842 -0.000268 -0.000799 0.000000 -0.000346 -0.000829 -0.000053 0.000101 -0.000358 -0.000772 0.000717 -0.000374 -0.000030 -0.000497 
0.004977 0.001553 -0.000409 0.000182 -0.000272 -0.001816 -0.003938 0.006250 0.006429 -0.001038 0.001992 0.005563 0.000160 -0.000338 -0.002866 -0.003365 0.002170 0.003245 0.004861 -0.004902 -0.000140 -0.003333 -0.001956 -0.011234 0.000913 -0.000872 -0.000217 -0.004656 -0.000219 -0.000375 -0.000680 -0.000018 -0.001620 -0.000391 0.000464 -0.000884 -0.000767 0.000123 0.000298 0.000207 -0.000557 -0.001256 -0.000252 -0.000058 -0.000048 0.000132 0.000252 -0.000160 -0.002907 -0.000186 -0.001208 -0.001671 -0.000102 -0.000975 -0.001066 -0.001086 -0.000858 -0.002884 0.000881 0.000665 
0.004977 0.001553 -0.000409 0.000182 -0.001020 -0.006476 0.003525 0.003807 0.006429 -0.001038 0.001992 0.005563 0.000711 -0.003092 -0.002059 -0.004590 -0.010135 0.002930 0.004311 0.002400 -0.003203 0.004104 0.002459 -0.005894 0.004278 -0.003564 -0.002128 0.000839 0.000125 -0.000400 -0.001637 -0.000218 -0.000481 0.000564 -0.000573 -0.000552 -0.000086 -0.000760 0.000190 0.000539 -0.000850 -0.000194 -0.000042 -0.000517 -0.001295 0.001032 -0.000131 -0.000427 -0.000175 -0.000988 -0.000879 -0.000307 -0.000718 0.000023 -0.000036 -0.000121 0.000251 -0.000213 0.000000 -0.000748 
0.004977 0.001553 -0.000409 0.002328 -0.001020 -0.006476 0.003525 0.003807 0.006429 0.000792 -0.006415 -0.007527 0.000711 -0.003092 0.006394 0.012152 0.005914 -0.001797 -0.004264 0.000411 -0.006884 0.004964 0.007828 0.004246 -0.002016 -0.005820 -0.001154 0.000203 -0.000879 -0.001363 -0.000641 -0.000178 0.000553 -0.000346 -0.000526 -0.000502 -0.000656 -0.000062 -0.000180 -0.000096 0.000822 -0.000543 0.000472 -0.000177 -0.000526 -0.001052 -0.001295 -0.000506 -0.000765 -0.000303 0.000180 -0.000282 -0.000695 -0.000391 -0.000211 0.000069 -0.000208 0.000564 -0.000811 -0.000095 
0.004977 0.001553 0.001403 0.002328 -0.001020 -0.006476 0.001345 0.001511 0.004568 0.000792 -0.008976 -0.009823 -0.000102 0.003921 0.005127 0.020624 0.005964 -0.000388 0.004201 -0.007628 0.000222 0.007909 0.000593 -0.006313 0.004425 -0.000809 -0.004287 0.000406 -0.000948 -0.001095 -0.000426 -0.000012 -0.000888 -0.002834 -0.001290 -0.000520 -0.000111 0.000729 -0.000833 0.000651 0.000202 -0.000527 -0.001729 -0.001383 0.000117 -0.000075 -0.000097 0.000085 -0.000106 -0.000812 0.000058 -0.001242 -0.000152 0.000024 -0.000552 -0.000251 -0.000008 -0.000470 -0.000076 0.000000 
0.004977 0.001553 0.001403 0.002328 -0.001020 -0.003418 0.001345 0.001511 -0.000125 0.003836 -0.008976 -0.001836 0.001710 -0.002906 0.003212 0.002734 0.000678 0.002349 0.003517 -0.003546 -0.006103 0.002957 -0.002509 -0.000732 -0.007779 0.001622 0.000900 -0.000489 0.000151 -0.000852 -0.000973 -0.002522 -0.001859 -0.001364 0.000929 0.000227 0.000173 -0.003148 -0.000673 -0.000146 -0.001572 0.000853 0.000717 0.000266 -0.000272 -0.001848 -0.000809 -0.002182 -0.001318 -0.000502 -0.000275 -0.000805 -0.000565 -0.002136 -0.000080 -0.000562 -0.001226 -0.000849 0.000000 0.000000 
0.004977 0.001553 0.001403 0.002328 0.000636 -0.003418 0.001345 -0.002761 -0.000125 0.003028 0.005225 -0.001836 -0.000674 -0.003841 0.002142 0.000184 0.003611 0.000133 0.016596 -0.002306 0.000134 -0.002492 0.001333 -0.006225 0.000324 -0.000749 0.001391 -0.001056 -0.000701 -0.001541 -0.001020 -0.000214 0.000086 -0.001033 -0.000419 -0.000956 0.000336 -0.002145 -0.000280 -0.001729 -0.000674 -0.001135 0.000302 -0.001565 -0.000050 -0.000242 -0.000407 0.000075 0.000000 -0.000618 -0.001987 0.000918 -0.000677 -0.000627 -0.000602 -0.000988 -0.000354 0.000000 0.000000 0.000000 
0.004977 0.001553 0.001403 0.002328 0.000636 -0.003418 0.003262 -0.002761 -0.002261 0.003028 0.005115 0.001883 0.002383 -0.007149 -0.001046 0.003721 0.003517 -0.001673 0.002175 0.001850 -0.003764 -0.000521 -0.002093 0.000129 0.000291 -0.000242 0.000000 0.002634 -0.000693 -0.003735 -0.000813 -0.001071 -0.002150 0.001968 0.002925 -0.004130 0.000839 -0.000341 0.000564 -0.003828 -0.001825 -0.002356 -0.000786 0.001716 -0.001066 -0.001807 -0.000965 0.001418 0.000186 -0.000344 -0.002121 -0.001459 -0.002223 -0.001142 -0.002187 0.000000 0.000000 0.000000 0.000000 0.000000 
0.004977 0.006103 0.001403 0.005442 0.000636 -0.001471 0.003262 -0.002324 -0.002261 0.004342 -0.005448 -0.004185 -0.006510 0.002807 0.004181 0.001519 -0.002528 -0.004371 0.000099 0.000135 0.004534 0.003408 0.000510 -0.002852 -0.000911 0.003743 0.000481 -0.002569 -0.001320 -0.002023 -0.001265 -0.001092 0.002095 -0.003730 -0.003092 0.000632 -0.000611 -0.003458 0.000272 0.002310 -0.003656 0.003131 -0.001268 -0.000464 0.002108 -0.000789 -0.005374 0.000074 -0.004278 -0.001507 -0.001364 -0.004345 -0.000180 0.000000 0.000000 0.000000 0.000000 0.000000 0.000000 0.000000 
0.004977 0.006103 0.001403 0.005442 0.001643 -0.001471 0.006124 -0.002324 -0.002245 -0.000203 -0.005448 -0.006847 0.001054 0.006917 0.002204 -0.002999 -0.003596 0.000196 0.001641 0.000324 -0.000673 0.001594 0.003404 -0.004108 0.001186 -0.000915 -0.001514 -0.007613 -0.002907 -0.000100 0.002701 0.000807 0.001443 -0.000707 0.001165 -0.000846 -0.003684 -0.000150 -0.005394 -0.002427 -0.003323 -0.003034 -0.001197 -0.001259 -0.003080 -0.002264 0.004730 -0.000505 -0.001140 -0.001241 -0.000991 0.000000 0.000000 0.000000 0.000000 0.000000 0.000000 0.000000 0.000000 0.000000 
0.004977 0.006103 0.000711 0.005442 0.001643 -0.002115 0.000524 -0.004883 -0.002187 -0.001955 -0.000671 -0.001823 0.000739 -0.002478 0.002679 -0.003206 0.001671 -0.000627 0.001791 -0.000060 0.000964 -0.000313 0.001031 0.001097 0.000153 0.000947 0.000000 -0.002214 0.000438 -0.001810 -0.000648 -0.001419 0.000000 0.003126 -0.000050 -0.000052 0.000543 -0.000860 -0.001307 0.002845 -0.004412 -0.004123 -0.001899 -0.004913 -0.001090 -0.003854 0.001010 0.001357 -0.001763 0.000000 0.000000 0.000000 0.000000 0.000000 0.000000 0.000000 0.000000 0.000000 0.000000 0.000000 
0.004977 0.006103 0.000711 0.011788 0.001643 -0.002115 0.000524 -0.005127 0.000130 0.001720 -0.000671 -0.000423 0.001415 -0.001334 -0.000585 -0.003472 -0.002433 -0.002537 -0.001247 0.000918 0.000259 0.000529 -0.006491 -0.004243 -0.004760 -0.000147 -0.003797 -0.001994 0.001314 0.000654 -0.000860 0.000664 0.000691 -0.002302 -0.001790 -0.003379 -0.000308 -0.000723 0.000599 -0.001021 0.000000 -0.001035 -0.002484 -0.003563 0.000401 -0.002786 -0.001170 0.000000 0.000000 0.000000 0.000000 0.000000 0.000000 0.000000 0.000000 0.000000 0.000000 0.000000 0.000000 0.000000 
0.004977 0.006103 0.000711 0.011788 0.000227 -0.003069 -0.000987 -0.001186 -0.001227 0.000892 0.002835 -0.001683 0.003641 -0.000154 -0.000634 -0.001264 0.000671 -0.001332 -0.001577 -0.001777 -0.002034 -0.000201 -0.002921 0.002296 -0.000472 0.003610 -0.007002 0.004219 0.001059 -0.005468 -0.000303 -0.000699 -0.000204 -0.001054 -0.000313 -0.001170 -0.000287 -0.004194 -0.002761 -0.000361 -0.002087 -0.000711 -0.000418 0.000000 0.000000 0.000000 0.000000 0.000000 0.000000 0.000000 0.000000 0.000000 0.000000 0.000000 0.000000 0.000000 0.000000 0.000000 0.000000 0.000000 
0.004977 0.006103 0.000711 0.011788 0.000227 -0.003069 -0.000987 -0.001186 0.002511 -0.006238 -0.001329 0.005308 -0.001867 -0.000334 -0.000506 0.001928 0.001390 0.000216 -0.001431 0.000018 -0.000436 0.001594 -0.002791 -0.001617 -0.001139 -0.001400 0.001031 0.002301 -0.000569 0.002023 0.004382 -0.000775 0.000133 -0.002156 -0.002687 -0.002715 -0.001358 -0.001034 0.000996 -0.001426 -0.001223 -0.002875 -0.001082 0.000355 0.000847 0.000000 0.000000 0.000000 0.000000 0.000000 0.000000 0.000000 0.000000 0.000000 0.000000 0.000000 0.000000 0.000000 0.000000 0.000000 
0.004977 0.006103 0.000711 0.001600 0.021535 -0.001112 -0.004055 -0.001860 -0.003886 -0.001139 -0.011244 -0.004712 0.002136 -0.001764 0.004832 0.002491 0.000769 -0.000936 -0.001000 -0.001414 0.002035 0.000073 -0.000860 -0.000563 0.001108 0.000219 0.004766 0.000682 0.005968 -0.001626 -0.001111 0.000044 -0.001921 -0.000204 -0.000099 -0.002007 0.000480 0.000892 -0.001461 -0.003255 -0.005789 0.000416 0.000478 -0.000207 -0.002156 -0.001195 -0.004088 0.000110 0.000000 0.000000 0.000000 0.000000 0.000000 0.000000 0.000000 0.000000 0.000000 0.000000 0.000000 0.000000 
0.004977 0.006103 0.009544 0.001600 0.021535 -0.001112 0.000703 -0.004839 -0.003886 -0.004813 -0.003854 -0.004834 -0.000885 -0.003904 -0.002431 0.002375 -0.000478 -0.000203 0.001412 -0.001276 -0.000034 -0.000585 0.000000 0.001882 -0.003168 -0.001574 0.002670 0.000333 -0.001020 -0.004322 -0.007107 0.001114 -0.004302 0.002002 -0.003178 0.001188 0.000133 0.000751 -0.000304 -0.001075 -0.001627 -0.001227 -0.000493 -0.000358 0.000833 -0.000362 -0.001817 -0.000795 -0.000418 -0.001513 0.000000 0.000000 0.000000 0.000000 0.000000 0.000000 0.000000 0.000000 0.000000 0.000000 
0.004977 0.006103 0.009544 0.001600 0.021535 0.006504 0.000703 0.004444 -0.001109 -0.004813 -0.001339 -0.000417 0.000753 -0.000143 -0.005580 -0.004024 0.000632 -0.000898 0.001166 -0.000181 -0.000058 -0.001869 -0.001891 -0.000541 0.001369 0.000167 0.000672 0.000321 0.000031 -0.001369 0.001098 0.001521 0.003601 0.000987 -0.004878 -0.003052 -0.000256 -0.000740 0.000392 0.001812 0.001148 -0.000287 0.000241 -0.004083 0.000123 -0.001060 -0.000358 -0.000707 -0.001104 0.000192 0.000758 0.001177 0.000000 0.000000 0.000000 0.000000 0.000000 0.000000 0.000000 0.000000 
0.004977 0.006103 0.009544 0.001600 0.000000 0.006504 -0.004820 0.004444 0.003132 0.002709 -0.003894 -0.002102 -0.001732 0.001841 0.006876 0.003977 0.000348 -0.001263 -0.001295 0.000920 -0.000252 -0.001581 -0.000569 0.001259 -0.001441 0.000485 0.000608 -0.002036 0.000579 0.000131 0.001667 0.000471 -0.000031 0.000833 0.000767 0.000524 -0.002172 0.000102 0.000124 0.001952 0.000110 -0.002085 -0.000372 -0.001756 -0.000753 -0.001378 -0.004891 -0.002875 -0.002237 0.000284 0.000095 0.000051 -0.000023 -0.002223 0.000000 0.000000 0.000000 0.000000 0.000000 0.000000 
0.004977 0.009858 0.009544 -0.002273 0.000000 0.002842 -0.004820 -0.009874 0.003132 0.004447 -0.003894 0.001795 -0.002943 0.005452 0.006744 -0.001744 0.001087 0.000952 0.000482 -0.004288 0.000601 0.002507 0.001429 -0.001543 0.000917 -0.000859 -0.001872 0.000698 -0.001295 0.000911 -0.000620 -0.001257 0.004137 0.002372 -0.007143 -0.000911 0.000543 -0.003534 -0.000626 0.004701 0.000642 -0.000466 -0.002312 -0.002897 -0.004715 -0.001229 0.001210 -0.000375 0.000351 0.001358 -0.000411 -0.001495 -0.000039 -0.000044 -0.001868 -0.000801 0.000000 0.000000 0.000000 0.000000 
0.004977 0.009858 0.009544 -0.002273 0.000000 0.002842 0.001866 -0.009874 -0.002334 0.006966 0.007405 0.001831 -0.002943 -0.002263 0.000000 -0.000884 -0.010706 0.000282 -0.002754 -0.000190 0.000633 -0.000358 -0.001828 -0.001414 -0.001742 0.000000 -0.000287 0.001841 0.002717 0.002086 0.001546 0.003277 0.001201 -0.001617 0.000000 0.001083 -0.000039 -0.000609 0.000682 -0.000148 0.002587 0.002046 0.001838 -0.006748 0.003129 0.001526 -0.001511 0.000044 -0.000036 0.000240 0.000448 -0.001380 -0.001200 0.000284 0.000179 0.000281 -0.000434 0.000000 0.000000 0.000000 
0.004977 0.009858 0.009544 -0.002273 -0.007754 0.002842 0.001866 0.000493 -0.002334 0.006966 0.000305 -0.000525 -0.003612 -0.005689 -0.004953 0.003475 -0.003085 -0.002067 -0.004801 -0.000150 0.009618 0.000245 -0.000651 -0.000553 -0.003206 -0.000905 -0.000380 0.001028 -0.000614 -0.000452 -0.001546 0.001713 0.000000 -0.000327 -0.001856 0.000988 0.000994 -0.000404 -0.000459 -0.000943 -0.001864 0.000610 0.000000 0.001228 0.001299 -0.000273 0.000730 -0.000603 -0.000690 0.000145 -0.001239 0.000137 -0.002588 -0.000069 0.000737 0.000711 0.001588 -0.001174 0.000000 0.000000 
0.004977 0.009858 -0.006703 -0.002273 -0.007754 -0.000228 0.001119 0.000493 -0.001765 -0.000397 -0.004970 -0.000525 -0.003911 0.001408 0.002855 -0.001876 -0.001282 0.008158 -0.000187 0.005403 0.000148 0.004430 0.004667 0.000900 -0.000778 0.000575 0.001953 0.001412 0.006666 0.004567 -0.000749 0.001638 -0.001278 -0.002278 0.000221 -0.000475 -0.001035 0.002973 0.005555 0.001989 -0.000073 -0.001455 -0.000130 -0.000655 -0.001635 -0.000996 0.000812 0.000921 -0.002454 -0.000652 0.000057 -0.000380 0.001550 -0.001535 -0.001231 -0.000849 -0.002787 -0.001656 -0.000230 0.000000 
0.004977 0.009858 -0.006703 -0.002273 -0.007754 -0.000228 0.001119 -0.000246 0.004508 -0.000397 -0.004970 -0.004512 0.000260 0.001755 -0.001120 -0.001584 -0.004572 -0.001928 -0.003069 0.005925 0.002614 0.007164 0.000472 0.003313 0.005057 0.000712 0.001188 -0.004478 -0.002418 -0.000202 -0.000555 -0.001216 0.004702 -0.000904 -0.000815 -0.000216 -0.000557 -0.001655 -0.000045 0.001894 0.000517 0.003145 0.004298 0.000112 -0.000087 0.000157 0.000049 0.000345 -0.000147 -0.000712 -0.001503 -0.000355 0.000625 0.003117 0.004114 -0.006574 -0.006078 0.003203 -0.000922 0.001778 
0.004977 0.009858 -0.006703 -0.008513 -0.001587 -0.000228 0.001119 -0.000246 0.004508 0.006461 0.000562 -0.003041 -0.005667 0.001755 -0.001120 -0.002581 0.000182 -0.003484 0.003357 0.010451 0.005423 0.003387 0.003001 -0.007368 -0.002557 -0.002509 0.000459 0.001872 -0.000106 0.000070 -0.001359 -0.000686 -0.000148 -0.000809 -0.001264 -0.002041 -0.000100 -0.000216 0.000770 0.000344 -0.001259 0.001371 0.001025 -0.001505 -0.003078 -0.000779 0.000054 -0.000457 -0.001447 0.000245 0.000448 -0.001565 -0.002050 -0.002493 -0.003211 0.000807 0.000313 0.000351 0.000572 0.000755 
0.004977 0.009858 -0.006703 -0.008513 -0.001587 -0.006433 0.003598 0.006626 0.003692 -0.000059 0.000562 -0.003041 -0.005667 0.001136 0.009419 0.002643 0.002412 -0.014037 -0.008479 0.003240 0.002861 0.005088 -0.000996 0.010063 -0.006123 -0.025521 -0.007967 0.002520 0.003477 0.010245 -0.002812 -0.001035 0.001954 0.000622 0.001414 -0.001822 -0.004298 0.000164 -0.001343 -0.000854 0.000392 -0.000678 0.000872 -0.000385 -0.000222 -0.000416 -0.001151 0.000295 -0.000227 -0.000345 -0.000608 0.001132 0.005554 0.000454 0.000151 0.003495 0.003930 -0.000396 -0.000860 0.001256 
0.004977 0.009858 -0.006703 -0.008513 -0.001587 -0.006433 0.003598 0.006626 0.003692 -0.000059 0.000257 -0.001560 0.001517 -0.000466 0.003060 -0.003476 -0.001639 -0.001160 -0.005018 0.003967 0.002916 -0.007219 -0.005310 0.006883 -0.000408 -0.004617 0.004735 0.005937 0.006060 0.004481 0.006188 -0.003790 -0.001327 -0.006539 -0.001232 0.005117 0.008680 0.003793 -0.003143 -0.001373 -0.000272 0.000373 -0.001085 0.000330 0.000705 0.000489 -0.000942 0.000578 0.003466 -0.000124 -0.000106 0.007612 0.001444 -0.000612 0.001155 0.000355 0.000324 -0.003113 0.000617 -0.001668 
0.004977 0.009858 -0.006703 -0.008513 -0.001587 -0.006433 0.004495 0.005501 0.003208 -0.001976 0.005086 0.004708 0.003175 0.001875 0.007085 0.006497 0.004433 0.000782 0.010417 0.005940 0.002182 -0.002272 0.009197 0.009222 -0.001659 -0.000639 0.009960 0.010009 0.000556 -0.005359 0.002178 0.002354 0.002264 0.001820 -0.000299 0.000220 0.001899 0.004713 0.003801 0.004012 0.001931 0.000226 0.000658 -0.000149 0.000045 0.000000 0.000658 0.000768 -0.002754 -0.005850 -0.003662 -0.001004 -0.003568 -0.003113 0.000846 -0.002077 -0.001792 0.002795 0.001690 0.005231 
0.004977 0.009858 -0.006703 -0.008513 -0.003066 0.006133 0.004495 0.005501 0.003208 -0.001976 0.001960 -0.004194 0.013776 0.017547 0.015543 0.017391 -0.006785 -0.003048 0.005067 0.010027 0.001939 -0.001883 0.005244 0.004371 0.005252 0.004826 -0.004040 -0.005188 -0.001480 -0.000788 -0.000445 -0.003236 -0.006026 -0.001732 -0.005507 -0.010492 0.000263 -0.009264 0.006103 0.003287 0.000562 0.000834 0.000238 0.000678 -0.000399 0.000753 0.001822 -0.000075 0.001431 -0.001183 0.005115 0.003100 0.000205 -0.000142 0.000367 -0.001278 0.002683 0.004041 0.003703 0.000310 
0.004977 0.009858 -0.006703 -0.004809 -0.003066 0.006133 0.004495 0.005501 0.000093 0.001599 0.001960 -0.004194 0.013776 0.003942 0.004987 0.003206 -0.007975 -0.003048 0.001519 -0.000690 0.002877 0.008262 0.004664 0.000326 0.000840 -0.000837 -0.001245 -0.000712 0.001345 -0.003788 0.004141 -0.002156 0.000000 -0.003269 -0.003193 0.003538 0.003384 0.004987 0.001522 -0.000508 0.000143 0.001744 -0.002340 -0.000644 0.000028 -0.000060 -0.003765 -0.002367 0.001312 0.002966 0.004742 0.000872 0.001630 0.000754 -0.000953 -0.003336 -0.002114 -0.000860 0.001286 0.001247 
0.004977 0.009858 0.000385 -0.004809 -0.003066 0.006133 0.000088 0.000000 0.000093 0.001599 0.000637 -0.003570 -0.003230 -0.003688 0.002112 0.000000 -0.007302 -0.001957 0.006474 0.007097 -0.006110 -0.002677 0.006774 0.008234 -0.010928 -0.005375 -0.007324 0.002866 -0.006045 -0.000185 0.000974 -0.001593 -0.006700 0.001600 0.003006 -0.003526 0.002963 -0.000991 0.001554 -0.001724 -0.003623 -0.001046 -0.000488 -0.000945 -0.003766 -0.003085 0.000291 0.000000 -0.000821 0.000996 -0.001798 0.001027 0.000080 -0.000856 0.001556 0.002393 -0.000905 0.001164 0.001145 0.000000 
0.004977 0.009858 0.000385 -0.004809 -0.003066 -0.000227 0.000088 0.000000 -0.004997 0.004545 0.000524 0.003665 0.001678 -0.003211 -0.002296 0.000101 -0.004852 -0.004713 0.002800 0.000599 0.000620 0.000300 0.006725 0.001066 0.001860 0.008919 0.003186 -0.005063 0.004002 0.003047 0.003008 0.004460 0.005945 0.003688 0.005986 0.007813 -0.002325 -0.000570 0.001771 0.000283 0.000036 0.000639 -0.002172 -0.000561 -0.000665 -0.000178 -0.001363 0.000457 -0.000707 0.000850 -0.000683 0.001373 0.002497 0.000850 -0.000413 -0.000910 -0.000397 0.002479 0.000000 0.000000 
0.004977 0.009858 0.000385 -0.004809 -0.003977 -0.000227 -0.002714 -0.012714 -0.004997 -0.002121 0.000524 0.006440 0.003759 -0.003211 -0.008035 -0.006237 0.003330 -0.000114 -0.001684 -0.002494 0.002027 0.008186 0.005949 0.005422 0.005147 0.002360 -0.000671 0.004428 -0.007675 -0.003171 0.001652 -0.003621 -0.007921 0.002265 -0.000496 0.004198 0.001524 0.000879 -0.001530 -0.003345 0.000096 -0.000196 -0.000426 -0.001182 -0.001490 -0.001635 0.000697 -0.000407 0.000881 0.001172 -0.000148 -0.000906 -0.000470 -0.000687 -0.001569 -0.001607 0.000000 0.000000 0.000000 0.000000 
0.004977 -0.007091 0.000385 0.001895 -0.003977 0.001806 -0.002714 -0.010541 -0.006370 0.005157 -0.000177 0.003470 0.002054 0.005624 0.000135 0.005127 0.005135 0.010563 0.008399 0.001798 -0.002202 -0.006807 -0.000205 0.004529 -0.002558 -0.000272 -0.004159 -0.003004 0.004008 -0.003309 0.003701 0.008308 0.005929 -0.001965 -0.010606 -0.001404 0.001287 0.000353 0.000081 -0.000055 -0.000622 -0.000175 0.000279 -0.000037 -0.000309 0.001591 0.000522 0.001326 0.000615 -0.000183 -0.000348 -0.000496 0.001111 0.000667 0.000000 0.000000 0.000000 0.000000 0.000000 0.000000 
0.004977 -0.007091 0.000385 0.001895 -0.003977 0.001806 -0.002714 -0.010541 -0.001343 0.005157 0.004079 0.003470 0.002899 0.008246 0.003106 -0.002273 -0.002302 0.001235 -0.001351 0.004381 0.001734 -0.003029 -0.002573 0.001369 -0.005194 0.001369 -0.013339 0.003275 -0.004408 -0.000406 -0.005789 -0.009998 0.002195 -0.009615 -0.008525 -0.000664 -0.000081 0.000632 -0.000279 -0.000752 -0.000323 -0.000418 -0.001189 0.000000 -0.000159 -0.000775 0.001487 -0.003108 -0.002795 0.000000 0.001023 -0.001241 -0.000009 0.000000 0.000000 0.000000 0.000000 0.000000 0.000000 0.000000 
0.004977 -0.007091 0.000385 0.001895 -0.000889 0.001806 -0.011494 -0.002278 -0.001343 -0.000493 -0.002172 0.003270 0.007330 -0.002936 -0.005958 -0.000201 -0.001099 0.006801 0.003162 -0.004282 0.000548 0.005184 -0.001921 0.000346 -0.006504 -0.002589 -0.002848 -0.005083 0.000590 -0.000135 0.009175 0.006696 0.010158 -0.001160 0.000284 -0.000330 -0.000042 -0.000832 0.000155 -0.000583 0.000419 -0.000462 0.000414 0.000694 -0.004220 0.001812 0.000267 -0.000575 0.004000 0.001206 0.001200 0.000000 0.000000 0.000000 0.000000 0.000000 0.000000 0.000000 0.000000 0.000000 
0.004977 -0.007091 0.003615 0.001895 -0.000889 0.000313 0.004736 -0.002278 -0.000246 0.000169 -0.004355 -0.005427 -0.007873 0.001038 0.003656 0.001953 -0.000921 -0.004250 -0.002988 -0.002412 -0.003088 -0.003891 -0.004970 -0.008117 -0.005100 0.004849 -0.009438 -0.008088 -0.004848 0.001027 -0.003829 0.000053 0.002393 0.001507 -0.003240 -0.000465 -0.000413 -0.001317 -0.000426 -0.001069 0.002701 0.000604 0.000523 0.000941 0.000648 -0.004444 0.000996 0.001328 -0.001838 0.000000 0.000000 0.000000 0.000000 0.000000 0.000000 0.000000 0.000000 0.000000 0.000000 0.000000 
0.004977 -0.007091 0.003615 0.001078 -0.000889 0.000313 0.004736 0.002444 -0.004447 -0.002337 0.012051 0.002085 0.001078 -0.005971 -0.005582 0.003813 -0.007180 0.001337 0.004728 0.002646 0.020489 -0.001078 -0.000690 -0.004359 0.001419 -0.003193 0.005362 0.006195 -0.006844 -0.002197 -0.003539 -0.001657 -0.000236 -0.000815 -0.001721 -0.000683 -0.003038 0.000689 -0.001293 -0.001445 0.000196 -0.000029 0.001918 -0.000539 0.005592 0.000377 0.000000 0.000000 0.000000 0.000000 0.000000 0.000000 0.000000 0.000000 0.000000 0.000000 0.000000 0.000000 0.000000 0.000000 
0.004977 -0.007091 0.003615 0.001078 0.003148 0.006966 0.002876 -0.006772 -0.002426 0.005998 -0.002313 0.002668 -0.007854 -0.005715 0.002116 0.001383 -0.003982 -0.002314 0.000906 -0.000109 0.004628 0.006045 -0.003732 0.004041 0.004204 -0.001552 -0.000619 -0.000627 0.000367 -0.000253 -0.000670 -0.000256 -0.000980 -0.000259 -0.000638 -0.000984 0.000973 -0.002192 -0.001870 -0.000177 0.001183 0.002050 0.000294 0.005039 0.000000 0.000000 0.000000 0.000000 0.000000 0.000000 0.000000 0.000000 0.000000 0.000000 0.000000 0.000000 0.000000 0.000000 0.000000 0.000000 
0.001205 -0.000405 0.000405 0.000443 0.001564 -0.000149 0.000276 0.001680 -0.000458 0.000554 0.000269 -0.000927 -0.000654 -0.000256 -0.000359 -0.000987 -0.000151 -0.000361 -0.000446 -0.000427 -0.000286 -0.001960 -0.000713 -0.000113 0.006866 0.002456 -0.010705 -0.000475 -0.004697 0.007619 0.002509 0.004122 0.002906 -0.002808 -0.000304 0.000095 -0.003719 -0.014051 -0.002249 0.000329 0.006291 0.003148 0.001078 0.003615 -0.007091 0.004977 0.000000 0.000000 0.000000 0.000000 0.000000 0.000000 0.000000 0.000000 0.000000 0.000000 0.000000 0.000000 0.000000 0.000000 
-0.000411 -0.000749 0.000515 -0.001593 0.000032 0.000092 -0.001261 -0.001272 0.001253 -0.001199 0.000122 0.000066 -0.000791 -0.000399 -0.000335 -0.000073 -0.000780 0.000295 -0.000084 -0.000158 0.000517 -0.000014 0.000045 -0.001662 0.000045 0.000398 0.003086 -0.003513 0.009269 0.000163 -0.002476 0.006238 0.002792 -0.000839 0.000443 -0.006818 -0.003557 -0.004328 -0.012249 -0.006297 -0.002249 0.000329 0.006291 0.003211 0.005503 0.003615 -0.007091 0.004977 0.000000 0.000000 0.000000 0.000000 0.000000 0.000000 0.000000 0.000000 0.000000 0.000000 0.000000 0.000000 
-0.002767 -0.000209 0.001793 0.000854 -0.000299 -0.000061 -0.000723 -0.000174 0.000125 -0.000175 -0.000104 0.000000 -0.000281 -0.000075 -0.000195 -0.000073 -0.000968 0.000221 0.000834 0.000635 0.000173 -0.000578 -0.000143 -0.001721 0.000219 0.000218 0.000103 -0.002205 -0.002064 0.001624 -0.000327 0.018792 -0.002619 -0.001822 0.002655 -0.002108 0.000566 -0.018174 -0.001371 -0.006040 -0.009195 -0.006297 0.000527 -0.002005 0.009910 0.003211 0.005503 -0.001526 -0.007091 0.004977 0.000000 0.000000 0.000000 0.000000 0.000000 0.000000 0.000000 0.000000 0.000000 0.000000 
0.000028 -0.000086 0.000177 -0.000138 0.000206 0.000195 -0.000268 -0.000134 -0.000170 -0.000480 0.000285 -0.001348 -0.000754 -0.000192 -0.000194 -0.000031 -0.000272 0.000229 -0.000265 -0.000446 0.000066 0.000766 0.000381 -0.001180 -0.000182 0.000838 -0.000330 0.000729 -0.001522 -0.000093 -0.000345 -0.000170 0.002027 0.008690 -0.003245 -0.002978 0.004767 0.000000 0.007219 0.005419 -0.002323 -0.000244 -0.006918 0.004569 -0.001792 -0.002005 0.009910 0.007033 0.005503 -0.001526 -0.007091 0.004977 0.000000 0.000000 0.000000 0.000000 0.000000 0.000000 0.000000 0.000000 
-0.003045 0.000094 0.000369 -0.000105 0.000169 0.000058 -0.000641 0.000120 0.000521 -0.000321 0.000089 -0.000119 -0.000253 -0.000444 -0.000940 0.000097 -0.001243 -0.000320 -0.000310 -0.000733 0.000178 0.000558 -0.000605 0.000028 -0.000648 -0.000161 0.000015 -0.000151 -0.000031 -0.000082 -0.000197 -0.000326 -0.001662 -0.001079 -0.000063 -0.000248 -0.000895 -0.000643 -0.001364 0.006612 0.002806 -0.001825 -0.001206 0.001522 -0.006918 0.006487 -0.001792 0.003847 0.009910 0.007033 0.005503 -0.001526 -0.007091 0.004977 0.000000 0.000000 0.000000 0.000000 0.000000 0.000000 
-0.000077 -0.000051 -0.000139 0.000091 -0.000257 -0.000860 0.000124 -0.000461 -0.000214 0.000025 -0.000240 -0.000234 -0.000313 -0.000160 -0.000339 0.000634 -0.000909 0.000122 -0.000338 -0.001742 0.000173 -0.000103 -0.000251 0.000251 0.000323 0.000435 -0.000481 -0.000535 -0.000104 -0.000128 -0.000281 -0.000242 0.000361 -0.000124 0.000080 -0.000551 0.000258 0.000220 -0.000039 -0.001294 -0.004647 -0.002010 -0.004250 -0.008854 0.000782 0.001104 -0.000187 0.005239 -0.006911 0.003847 0.001639 0.007033 -0.003364 -0.001526 -0.012567 0.004977 0.000000 0.000000 0.000000 0.000000 
-0.000076 0.000449 -0.000156 0.000178 -0.000454 0.000121 0.000145 -0.000531 0.000103 0.000013 -0.000836 -0.000449 -0.000534 -0.000586 -0.000057 -0.000434 -0.000582 -0.000486 -0.000230 -0.000266 -0.000291 0.000000 -0.000031 -0.000634 -0.000196 -0.000300 0.000117 -0.000828 -0.000381 -0.000176 -0.000281 0.000409 -0.000184 0.000029 0.000028 0.000434 0.000000 0.000088 0.000120 -0.000058 -0.001806 0.004104 -0.000134 -0.005566 0.000905 0.005389 0.001104 0.007605 0.005239 -0.006911 0.004827 0.001639 -0.006673 -0.003364 -0.001526 -0.012567 0.004977 0.000000 0.000000 0.000000 
0.000037 -0.000362 0.000154 0.000116 -0.000876 -0.000546 -0.000088 -0.000261 -0.001271 -0.000051 0.000413 -0.000195 0.000692 0.000008 -0.000662 -0.001530 -0.000098 -0.000806 -0.000206 0.000338 -0.000269 -0.000150 0.000146 -0.000005 0.000093 -0.000068 -0.000022 -0.000550 -0.000229 0.000146 0.000243 -0.000485 -0.000320 -0.000240 -0.001032 0.000304 0.000015 -0.000078 -0.000249 -0.000417 0.000000 -0.000749 0.000721 0.001113 -0.000310 0.003666 0.000905 0.002732 0.002462 0.007605 0.006423 -0.008091 0.004827 0.006557 -0.006673 -0.003364 -0.001526 -0.012567 0.004977 0.000000 
0.000710 -0.000187 -0.000760 -0.000623 -0.000237 0.000067 0.000188 0.000216 0.000151 0.000017 -0.000215 -0.001349 -0.000325 -0.000190 -0.000078 0.000192 -0.000521 0.000258 0.000208 0.000000 -0.000253 -0.000099 0.000485 -0.000211 0.000000 -0.000118 -0.000104 0.000175 -0.000584 -0.000424 0.000204 -0.000285 -0.000281 0.000238 -0.000263 0.000035 -0.001345 0.000224 0.000643 0.000095 -0.000354 0.000358 -0.000389 0.000665 0.000047 0.001447 0.000175 -0.001008 0.003023 -0.000320 0.007417 0.006423 -0.008091 0.003697 0.006557 -0.006673 -0.003364 -0.002858 -0.012567 0.004977 
-0.001888 -0.000329 0.000088 0.000405 -0.000633 0.000208 -0.000125 0.000107 0.000532 -0.000385 0.000383 -0.001076 -0.000783 -0.000474 -0.000194 0.000052 -0.000488 -0.000366 0.000007 -0.000050 -0.000203 -0.000608 -0.000074 0.000047 -0.000027 0.000156 -0.000331 0.000000 -0.000072 -0.000455 -0.000105 0.000069 0.000069 -0.000302 0.000543 -0.000103 -0.000520 -0.000300 -0.000433 0.000186 0.000459 -0.000819 0.000193 0.000016 0.002197 0.007915 -0.001424 0.001875 0.003023 -0.000320 0.011321 0.011864 -0.009878 0.003697 0.006557 -0.006673 -0.005477 -0.002858 -0.012567 0.004977 
-0.000394 0.000096 -0.000314 0.000262 -0.000992 -0.000156 0.000154 -0.000753 0.000318 -0.000231 0.000527 0.000000 -0.000724 -0.000248 -0.000580 0.000188 -0.001081 -0.000180 -0.000745 -0.000303 -0.000035 0.000065 -0.000134 -0.000355 -0.000230 -0.000531 -0.000095 -0.000355 0.000053 0.000098 -0.000112 0.000141 0.000100 -0.000197 -0.001165 -0.000494 -0.000169 -0.000488 0.000079 -0.000450 -0.000152 -0.000474 -0.000141 0.001346 0.000016 -0.001628 0.002997 -0.005428 -0.006899 0.000141 -0.001922 0.011321 0.011864 -0.009878 0.003697 0.000374 -0.002587 -0.005477 -0.002858 -0.012567 
0.001710 -0.000643 -0.000105 0.000216 -0.000424 -0.000016 -0.000456 -0.000065 0.000023 0.000053 -0.000030 0.000076 -0.000481 0.000866 -0.000016 -0.000163 -0.000775 -0.000248 -0.000697 0.000170 -0.000417 0.000676 -0.000423 -0.000049 -0.000213 -0.000393 -0.000264 -0.000874 -0.000030 -0.000093 -0.000349 -0.000828 0.000335 -0.000702 0.000034 -0.000680 -0.000432 -0.000118 -0.000586 0.000136 -0.000373 -0.000865 0.000360 -0.000764 -0.002033 0.002345 -0.001724 -0.005057 0.003743 0.004337 0.007108 0.011863 0.003526 -0.008925 -0.004875 0.000374 -0.002587 -0.005477 -0.002858 -0.012567 
0.000169 -0.001580 -0.002069 0.001079 0.000060 -0.000054 -0.000391 -0.000153 -0.000220 -0.000141 -0.000459 0.000022 0.000019 0.000156 -0.000351 -0.000554 -0.000144 0.000191 0.000726 -0.000254 -0.001018 -0.000431 -0.000280 -0.000350 -0.000466 -0.000535 -0.000360 -0.000030 -0.000321 0.000046 -0.000609 -0.000206 -0.000031 -0.000536 -0.000213 0.001577 0.002379 -0.001316 -0.000593 0.005529 0.005507 0.011809 0.003852 0.000216 -0.004499 0.002345 -0.001724 -0.005057 0.003743 0.004337 0.007108 0.011863 0.003526 -0.008925 -0.004875 0.000374 -0.002587 -0.005477 -0.002858 -0.012567 
-0.000295 0.000707 -0.000450 -0.000098 0.000582 -0.000360 -0.000631 -0.000016 -0.000290 -0.000334 -0.000047 -0.000537 0.000097 -0.000196 0.000017 -0.000088 -0.000805 -0.000157 0.000061 -0.000869 0.000210 0.000045 -0.000238 0.000416 0.000550 -0.000322 -0.000027 -0.000180 0.000038 -0.000980 0.001295 0.000863 -0.005684 0.004991 0.001317 -0.001295 0.001800 0.001785 -0.001550 0.008992 0.018576 0.007518 -0.000434 -0.000332 0.001293 0.003660 0.002192 0.001728 0.003567 0.000081 0.004394 -0.000814 -0.002651 0.003342 -0.003562 0.000374 -0.002587 -0.005477 -0.002858 -0.012567 
-0.004219 -0.000599 -0.001227 -0.000471 -0.000421 -0.000344 0.000610 0.001246 -0.000434 -0.000722 -0.000426 0.002065 0.004150 0.002306 0.001992 0.001535 0.002170 0.000220 0.002746 -0.001439 0.001721 -0.004113 -0.002796 -0.002822 -0.001276 0.001848 -0.002991 -0.000647 -0.004791 -0.000988 -0.000145 -0.005127 0.008669 0.000570 -0.005650 -0.002170 0.009826 0.000000 0.000523 0.005155 -0.000109 -0.004418 -0.002306 0.001293 -0.003665 0.000413 -0.005246 0.004290 0.004941 -0.001265 -0.000814 -0.002651 0.003342 -0.003562 0.001468 0.004669 -0.005477 -0.002858 -0.012567 0.004977 
-0.000543 -0.000831 -0.000802 -0.001244 -0.001082 0.002191 -0.000473 -0.004007 -0.003944 0.007161 0.002866 0.003623 -0.001936 0.002660 -0.000913 0.004041 0.003116 -0.008262 -0.004398 0.002390 -0.008457 0.006844 -0.004143 0.001788 0.001109 -0.001483 -0.002014 0.005798 -0.001386 -0.006876 0.012128 -0.002716 0.005528 0.006923 -0.005994 -0.011615 -0.009172 0.009653 0.006061 0.000787 0.003509 0.002222 0.001768 0.003402 -0.011291 0.001565 -0.003518 -0.004072 0.004941 -0.001265 0.003112 0.008506 0.009168 -0.003562 0.001468 0.004669 -0.003776 -0.002858 -0.012567 0.004977 
-0.000681 0.000196 -0.000569 0.000986 -0.001209 -0.000371 0.000899 -0.001238 -0.000880 0.002157 0.007785 -0.000641 0.001251 0.024633 -0.007766 0.004325 -0.004545 -0.005767 -0.000997 0.002333 0.007311 0.005115 0.003865 0.016792 0.004112 0.001021 -0.001461 -0.005197 0.000000 0.006001 0.005353 -0.006315 0.001655 -0.000814 0.001133 -0.013098 0.000533 -0.000479 -0.003550 -0.002557 0.002519 0.013768 0.001160 -0.005163 -0.000306 0.000879 0.002439 0.008289 -0.006272 -0.008605 0.008506 0.009168 -0.002802 0.001468 0.004669 -0.003776 0.000326 -0.012567 0.004977 0.000000 
-0.000450 -0.001303 -0.000332 0.001821 -0.000490 -0.002255 -0.000573 0.004955 -0.004353 0.007285 -0.001713 0.001035 0.004051 -0.005478 -0.009303 0.013253 0.010180 -0.003294 0.000000 0.006190 0.000521 0.007812 0.003397 -0.003298 -0.003175 0.002678 0.001174 0.005731 0.003613 0.007078 -0.004810 -0.002955 -0.006975 0.003185 0.013502 0.003187 -0.008601 0.000616 -0.004645 0.006952 0.015849 0.009595 0.000197 0.003426 0.002439 0.003821 0.006242 -0.008605 0.009081 0.002919 -0.002802 -0.001311 0.004669 -0.003776 0.000326 -0.012567 0.004977 0.000000 0.000000 0.000000 
0.000208 -0.001483 -0.000560 -0.000112 -0.000380 0.000149 0.000247 -0.002002 0.002398 -0.007436 -0.009087 0.007062 -0.001221 -0.000988 0.001478 0.005340 0.013299 0.002726 0.001186 0.010038 -0.013240 -0.004464 -0.005832 0.002930 0.004252 -0.001018 0.000500 0.000814 0.003331 -0.000947 0.001939 -0.009681 0.004060 -0.000316 0.007290 -0.009160 0.004921 0.000181 0.001155 0.014927 0.009207 0.009255 0.003129 0.006173 0.002328 0.006242 -0.018344 0.009081 0.002919 0.001997 -0.001311 0.004913 -0.003776 0.000326 -0.012567 0.004977 0.000000 0.000000 0.000000 0.000000 
0.000623 -0.000187 -0.000566 0.000206 -0.000419 0.000216 0.000536 0.007455 0.003735 -0.004214 0.005100 -0.004944 -0.000361 0.006510 0.006250 0.002773 -0.003598 0.003004 0.000358 0.001531 0.013289 0.007436 0.001633 0.001234 -0.008110 -0.000712 0.012193 -0.000706 0.009647 0.001213 0.000425 0.000672 -0.002993 -0.005140 0.000719 -0.001838 0.001485 0.002472 0.005789 0.011001 0.010077 0.002895 -0.000876 0.006620 -0.004776 -0.004329 -0.000382 0.001997 0.001840 0.004913 0.001349 0.000326 -0.001505 0.004977 0.000000 0.000000 0.000000 0.000000 0.000000 0.000000 
0.000632 -0.000229 0.000160 0.000077 -0.000311 0.000015 0.001976 0.000261 0.004955 0.001120 -0.002975 0.003596 -0.000470 0.001221 0.009782 -0.003245 0.001296 0.003836 0.000342 -0.007466 0.003768 0.000372 0.001434 0.001282 0.013768 0.008937 0.005833 0.003438 0.005545 0.009424 -0.004545 -0.001714 -0.000101 -0.010463 0.008349 -0.007707 0.003953 -0.006123 0.006426 0.003433 -0.000225 -0.001268 -0.004776 -0.000124 -0.000382 0.000601 0.001840 0.004913 0.001349 0.000326 -0.001505 0.004977 0.000000 0.000000 0.000000 0.000000 0.000000 0.000000 0.000000 0.000000 
0.000418 -0.001382 -0.000107 0.000342 -0.000748 -0.001359 -0.000474 0.000694 -0.000390 -0.001267 -0.000947 -0.000329 0.000929 -0.000934 -0.004059 -0.001618 0.000183 0.001737 0.001414 0.010869 0.005642 0.002396 0.001511 0.008281 -0.004396 0.009570 0.006820 0.002038 -0.005172 0.008141 0.003054 -0.006349 0.000845 -0.009518 0.001496 -0.004391 0.003387 -0.001651 -0.003294 -0.000617 0.003465 -0.003709 -0.000182 0.000601 0.001840 0.000409 0.001349 0.000326 -0.001505 0.004977 0.000000 0.000000 0.000000 0.000000 0.000000 0.000000 0.000000 0.000000 0.000000 0.000000 
0.000171 0.000324 0.000589 0.001347 0.000227 -0.000748 -0.001227 0.000198 0.002561 0.003501 0.000411 -0.001448 -0.003396 -0.000053 -0.000554 -0.001805 -0.000496 0.000109 -0.000985 0.004740 0.002645 0.005894 0.006866 0.005781 0.010846 0.006266 -0.004224 -0.002509 0.008681 -0.006030 0.000521 0.004601 0.006957 0.001417 -0.008436 -0.007239 -0.000539 -0.001109 -0.005447 -0.003709 -0.002010 0.005658 -0.003933 0.000409 0.001349 -0.003046 -0.001505 0.004977 0.000000 0.000000 0.000000 0.000000 0.000000 0.000000 0.000000 0.000000 0.000000 0.000000 0.000000 0.000000 
-0.000435 -0.000211 -0.000428 -0.000398 0.000190 0.000523 -0.000426 -0.003519 -0.002136 -0.001725 -0.000404 -0.002607 -0.000613 -0.000557 -0.002536 0.002093 -0.001758 -0.000398 0.000294 0.001901 -0.002418 0.006278 -0.001480 0.006205 0.003933 0.002550 -0.004322 0.005425 0.000312 -0.003131 0.004801 -0.001164 -0.000209 -0.006820 -0.001102 0.002189 0.000549 -0.004226 -0.002010 0.005658 -0.003933 -0.002066 -0.004805 -0.003046 -0.001505 0.004977 0.000000 0.000000 0.000000 0.000000 0.000000 0.000000 0.000000 0.000000 0.000000 0.000000 0.000000 0.000000 0.000000 0.000000 
-0.000157 0.000869 0.000120 -0.002878 0.000355 0.000000 -0.005802 -0.000420 -0.000326 0.000469 -0.002834 -0.004535 0.001776 0.000603 -0.003697 0.001752 -0.000065 -0.000530 -0.000815 -0.003426 -0.001538 0.000314 0.001793 -0.000362 0.003855 -0.000674 0.001386 -0.005879 0.006879 -0.000575 -0.003090 -0.001319 -0.002457 0.004805 0.000758 0.002160 -0.005659 0.005269 -0.002567 -0.002066 -0.004805 -0.003046 -0.001505 0.004977 0.000000 0.000000 0.000000 0.000000 0.000000 0.000000 0.000000 0.000000 0.000000 0.000000 0.000000 0.000000 0.000000 0.000000 0.000000 0.000000 
-0.003182 0.001247 0.000739 0.000068 0.000648 0.000220 -0.002479 -0.000120 0.000122 -0.000692 -0.000883 -0.002637 -0.003669 -0.000975 -0.001298 -0.002468 -0.004917 -0.001114 -0.000121 -0.000346 0.000433 0.002696 -0.002769 0.000418 0.002728 0.004859 0.008150 0.008945 0.009545 0.001264 0.001000 0.002204 0.013240 0.001716 0.001807 0.003240 -0.004523 -0.002290 -0.006957 0.006497 -0.003944 -0.002926 -0.004805 -0.003046 -0.001505 0.004977 0.000000 0.000000 0.000000 0.000000 0.000000 0.000000 0.000000 0.000000 0.000000 0.000000 0.000000 0.000000 0.000000 0.000000 
-0.000047 -0.000258 -0.001875 -0.001174 0.002986 -0.004181 0.000550 -0.001017 0.000000 0.000115 -0.000068 0.000110 0.000000 0.001593 0.000853 0.001028 -0.000770 -0.001866 -0.001269 -0.000751 0.000299 0.002223 0.000029 -0.000080 -0.000509 -0.001626 -0.001103 -0.000802 -0.000222 0.000865 -0.000548 -0.006434 0.014467 0.006568 0.003916 0.000927 -0.004650 -0.000071 -0.000469 0.001646 -0.007164 0.002546 0.016282 -0.003944 -0.002926 0.001994 0.000171 -0.001505 0.004977 0.000000 0.000000 0.000000 0.000000 0.000000 0.000000 0.000000 0.000000 0.000000 0.000000 0.000000 
-0.000178 -0.001762 -0.001414 -0.003347 0.000558 -0.001717 -0.004418 -0.004950 -0.001832 -0.005025 -0.000414 -0.001502 -0.000639 -0.002225 -0.002178 -0.000634 -0.000139 0.001038 0.000192 -0.004974 0.000193 -0.001558 -0.000312 -0.003023 0.000057 -0.001090 -0.000809 -0.001126 -0.001523 -0.001235 -0.002227 -0.000301 0.002498 0.001631 -0.000257 0.005878 0.002674 0.001132 -0.000239 0.003548 -0.000469 -0.001465 -0.009067 0.002546 0.016282 0.005556 -0.002926 0.001994 0.000171 -0.001505 0.004977 0.000000 0.000000 0.000000 0.000000 0.000000 0.000000 0.000000 0.000000 0.000000 
0.002174 0.001954 0.000097 -0.002637 -0.000993 -0.003461 -0.002585 0.000126 -0.003310 -0.002952 0.000712 0.000436 0.000820 -0.000225 0.000721 0.000128 0.000417 -0.001776 -0.001954 -0.001778 0.000265 -0.001984 -0.004489 -0.003186 -0.000450 -0.003357 0.000057 0.000560 -0.000328 -0.001196 -0.001196 -0.003083 -0.003463 0.000853 0.003875 0.008992 0.004850 0.008879 -0.000411 0.002243 0.004293 -0.000092 -0.008943 -0.008696 -0.009067 0.005901 0.010201 0.005556 0.005700 0.001994 0.000171 -0.001505 0.004977 0.000000 0.000000 0.000000 0.000000 0.000000 0.000000 0.000000 
-0.002856 0.001792 0.000592 -0.000757 0.000123 0.000111 0.001700 -0.002072 -0.001515 -0.002427 -0.004550 -0.000074 0.000833 -0.001558 -0.001338 -0.000087 -0.001149 -0.000126 -0.000187 -0.000505 -0.000579 -0.001822 0.003107 -0.001824 0.000323 -0.000351 0.000265 -0.000311 -0.002960 -0.003793 -0.001097 -0.000451 -0.000693 0.000325 -0.001667 -0.000846 0.000659 -0.004959 -0.009649 0.000820 0.001524 0.002431 0.002334 -0.007027 -0.010313 -0.001954 0.002030 -0.001377 0.010201 0.011099 0.005700 -0.000323 0.000171 0.002877 0.004977 0.000000 0.000000 0.000000 0.000000 0.000000 
-0.000829 -0.001374 -0.001666 -0.000255 0.003575 -0.001587 -0.001390 -0.004287 -0.003919 -0.002679 0.000762 0.002053 -0.001112 -0.000502 -0.001523 -0.001039 0.001219 0.000543 0.000618 -0.000068 0.000186 0.000644 0.000148 -0.003564 -0.002741 -0.000385 -0.000112 0.002313 0.000085 -0.000033 0.000936 0.000831 -0.000153 0.001095 0.000625 0.000314 -0.003187 -0.001550 -0.004340 0.000155 0.000702 0.001811 -0.007132 -0.002180 -0.007027 -0.005134 -0.001954 -0.000144 -0.001377 0.010201 0.011099 0.005700 -0.000323 0.000171 0.002877 0.004977 0.000000 0.000000 0.000000 0.000000 
-0.000702 0.001966 -0.003722 0.000116 -0.000267 -0.000171 -0.000644 -0.000863 -0.000549 -0.000193 0.001763 -0.002219 -0.003209 0.000341 -0.002197 -0.002918 -0.000669 -0.003408 -0.000682 -0.000064 -0.000057 -0.000081 -0.001208 -0.000594 0.000315 -0.000819 -0.004444 -0.007298 0.000262 -0.000619 0.002554 -0.002100 -0.001095 0.000453 0.000000 -0.001009 -0.000353 -0.002585 0.000176 -0.000831 -0.002165 -0.002519 0.002079 -0.002955 -0.007132 0.005658 0.000168 -0.005134 0.002380 -0.000144 -0.001457 0.007821 0.011099 -0.004150 -0.000323 0.000171 0.002877 0.004977 0.000000 0.000000 
-0.000584 -0.001338 0.000473 -0.000770 -0.000289 -0.000537 0.000061 -0.001572 -0.004302 -0.000994 0.000561 -0.001387 0.000942 0.000781 0.001766 0.003548 0.002240 -0.000464 -0.001648 0.001521 -0.001303 -0.001275 -0.001638 -0.001201 -0.000814 -0.000655 -0.002027 -0.001192 -0.000714 -0.000321 -0.000734 -0.004646 -0.002696 -0.001383 -0.000349 -0.000345 0.001337 0.000993 0.000379 -0.000706 -0.000820 -0.001298 0.003138 0.000347 0.004912 0.002446 -0.003766 -0.003488 -0.002645 -0.006068 -0.003511 -0.001457 0.007821 -0.002413 -0.004150 -0.000323 0.000171 0.002877 0.004977 0.000000 
-0.000940 -0.000414 0.002587 -0.000608 -0.000427 -0.000807 0.000759 0.001419 -0.001810 -0.000802 0.001839 0.000683 0.000281 0.000206 -0.000863 -0.000933 -0.001343 0.000000 -0.002805 -0.001797 -0.000552 -0.002709 -0.000314 -0.000333 -0.002997 -0.003290 -0.001680 0.000145 -0.001364 -0.001622 -0.002568 -0.003703 -0.001565 0.002720 0.000933 -0.002401 -0.002073 -0.001583 -0.001711 -0.001577 0.001429 0.000283 0.002616 0.000037 -0.004232 0.001997 0.000639 0.002800 -0.004211 -0.009195 -0.006068 -0.003511 -0.005024 -0.002898 -0.002413 -0.004150 -0.000323 0.000544 0.002877 0.004977 
-0.001506 0.000315 0.002837 0.008597 -0.001763 -0.003379 -0.003193 0.000254 0.001524 0.001977 -0.002755 -0.002986 -0.002779 -0.001477 0.002230 -0.002851 -0.000216 0.003623 0.003325 0.002666 0.000109 -0.001419 0.000764 -0.001613 -0.000080 0.001482 0.000000 -0.000404 0.000018 -0.000135 0.004052 0.001189 -0.000492 -0.002034 -0.004211 0.000622 -0.000112 0.000758 -0.000094 -0.000512 0.001225 0.003282 0.002616 -0.000469 -0.003348 -0.003910 -0.001716 0.002800 -0.004211 -0.009195 0.002655 0.009932 -0.005024 -0.002898 -0.002413 -0.004150 -0.002916 0.000544 0.002877 0.004977 
-0.000130 0.000104 0.000482 0.000593 -0.000729 -0.000782 -0.000837 -0.000155 -0.000274 -0.001171 -0.002639 0.000636 0.002206 -0.000259 -0.001742 0.000294 0.003332 -0.000436 -0.001179 -0.000660 0.004325 0.001242 0.000032 0.000211 -0.001752 -0.001658 0.000212 0.000249 0.000730 0.000730 0.000551 0.002046 -0.000865 -0.006077 -0.011814 -0.003484 0.002069 -0.000730 -0.001305 -0.000575 0.000384 -0.002476 -0.000052 -0.000563 0.004674 0.012933 0.003857 0.000315 0.000983 0.005724 0.001612 0.002655 0.009932 -0.005024 0.001473 0.000750 0.000000 -0.002916 0.000544 0.002877 
0.000179 -0.002891 -0.001310 -0.000536 0.000165 0.002046 0.002121 0.001213 0.001883 -0.000900 -0.000978 -0.001553 0.000869 0.001495 -0.000940 -0.000875 -0.000869 0.000396 0.000599 0.000932 -0.000036 0.000474 0.000050 -0.000024 0.002360 0.001031 -0.001355 -0.001443 -0.000974 -0.000559 0.000209 0.000384 -0.000158 0.000328 0.001073 -0.002610 -0.001183 0.000000 0.000136 0.000397 0.000105 -0.001594 -0.000158 0.000167 -0.002100 -0.004615 -0.003542 0.000705 0.003209 0.000777 0.000271 0.002291 0.004959 0.001011 0.001473 0.000750 0.000000 -0.002916 0.000544 0.002877 
-0.002931 -0.000217 0.000153 0.000109 -0.000046 -0.000567 0.001447 0.000482 -0.001101 0.001343 -0.000084 0.000622 0.000802 0.002320 0.000415 -0.001818 -0.001278 -0.002988 -0.000615 0.001044 0.000190 0.002612 0.002085 0.001496 -0.000337 -0.000303 -0.000105 -0.000183 -0.000439 -0.000948 -0.000379 0.000197 0.001798 0.001261 -0.000279 -0.001753 -0.004261 -0.000636 -0.000637 0.000065 -0.000653 -0.000714 -0.000172 -0.002109 0.001093 -0.000689 -0.006752 -0.001213 0.002523 -0.003838 0.000271 0.002291 0.004959 0.001011 0.001473 0.000750 0.000000 -0.002916 0.000544 0.002877 
-0.001047 -0.001203 0.000312 -0.000105 -0.000941 -0.001758 -0.002864 -0.004233 -0.003498 -0.005072 -0.035354 -0.041990 -0.012474 -0.002668 -0.001461 -0.004720 -0.004789 -0.000249 -0.000101 -0.001157 0.001170 -0.000682 -0.003350 -0.000669 -0.004018 -0.001779 0.000313 -0.000950 0.000456 0.000802 -0.001010 -0.000328 0.000602 -0.000636 -0.000388 -0.000985 -0.001565 -0.000561 -0.001478 -0.000922 -0.001155 0.000136 -0.002832 -0.002408 -0.002343 0.001700 0.003716 0.004127 0.002523 -0.003838 -0.006127 -0.005675 -0.002384 -0.005645 0.003782 0.004713 0.000000 -0.002916 0.000544 0.002877 
0.000000 0.000123 -0.000027 -0.000042 -0.000423 -0.001103 -0.000917 0.001458 0.000917 -0.003216 0.002714 0.002271 -0.000857 0.000964 0.000650 -0.002726 -0.000910 -0.002211 -0.002544 0.000553 0.000772 -0.003567 -0.003043 -0.001054 -0.001625 -0.000811 -0.001041 -0.000955 -0.000782 -0.000117 -0.000150 -0.001068 0.001975 -0.000892 -0.001426 -0.001593 -0.000385 -0.000231 -0.000338 -0.000358 -0.000551 -0.001577 0.001750 0.001462 -0.001373 0.003716 0.004127 -0.006900 -0.004043 0.000323 0.000438 -0.002384 -0.005645 0.003782 0.004713 0.003423 -0.000149 0.000544 0.002877 0.004977 
0.001208 0.000317 0.000168 -0.000194 -0.000439 0.000000 -0.000033 -0.001229 -0.001373 -0.000652 -0.001064 0.000043 0.002068 -0.000451 -0.007186 -0.000797 -0.004522 -0.003418 -0.000434 -0.000773 -0.001554 -0.001910 -0.000252 -0.005319 -0.000608 -0.000846 -0.001090 -0.000842 -0.000494 -0.000645 -0.000603 -0.000945 -0.000062 -0.002563 -0.000990 -0.000567 0.000922 -0.000826 -0.000283 -0.000258 -0.000150 -0.002328 -0.004960 -0.003280 -0.002089 -0.004279 -0.002333 -0.003376 0.000323 0.000438 0.003081 -0.002618 0.003782 0.004713 0.003423 -0.000149 0.000544 0.002877 0.004977 0.000000 
-0.001356 -0.003910 -0.002645 -0.002057 -0.001466 0.000279 -0.000376 -0.000481 -0.012403 -0.173259 -0.196959 -0.014319 0.002151 -0.003584 -0.001403 0.001226 -0.000175 0.000743 -0.000612 -0.001556 -0.001559 0.000819 -0.002747 -0.001031 -0.000456 0.000386 0.000650 -0.000921 -0.000664 0.000190 -0.000029 -0.004843 -0.001040 0.002523 -0.001492 -0.000442 0.000000 0.001055 0.000489 -0.000516 -0.000552 -0.001325 -0.004980 0.000823 -0.000920 0.002465 -0.003376 0.001369 0.010354 0.000428 -0.002618 -0.000556 0.003948 0.003423 -0.000149 -0.005111 0.002877 0.004977 0.000000 0.000000 
-0.000833 -0.002743 0.000259 -0.001461 -0.001492 -0.000718 -0.002214 -0.002490 0.000409 0.000130 0.000658 0.000794 -0.003531 -0.004855 -0.003224 0.000519 -0.001057 -0.002635 0.003224 0.000825 -0.000390 0.000554 -0.002143 -0.002578 0.000144 -0.000281 0.000941 0.000570 -0.001093 -0.001288 -0.000614 0.000934 -0.001726 -0.001618 -0.000736 0.000451 0.000881 -0.000362 -0.000444 -0.000706 -0.002487 -0.003078 -0.001225 -0.001163 0.002465 -0.000761 0.001186 0.010354 0.000428 0.003255 -0.000556 0.003948 0.003423 -0.000149 -0.005111 0.002877 0.004977 0.000000 0.000000 0.000000 
-0.001685 -0.004721 0.001701 0.001030 -0.002592 -0.002557 -0.001418 -0.002218 -0.001125 0.000763 -0.001415 -0.003427 0.000276 0.001291 0.001022 0.002167 -0.004553 0.000488 -0.000600 -0.004200 -0.002486 0.000632 -0.000400 -0.004302 0.000583 -0.000034 0.000322 -0.001475 -0.000184 -0.000033 0.001052 0.001403 -0.000797 -0.002297 -0.000294 0.000491 -0.000087 0.000196 -0.000636 -0.007487 -0.000789 0.002683 -0.003961 -0.007123 -0.005038 -0.002156 0.003077 -0.001984 0.003255 0.005072 0.003948 0.008138 -0.000149 -0.005111 0.002877 0.004977 0.000000 0.000000 0.000000 0.000000 
0.000143 -0.004590 -0.005627 0.004652 -0.001839 0.000614 -0.003125 -0.000671 0.000521 0.001036 0.000099 0.003033 0.000606 0.002631 0.000479 -0.000224 -0.000659 -0.002936 -0.000606 -0.000477 0.000102 -0.001209 -0.005044 -0.002957 -0.000422 0.000311 -0.000102 -0.001152 -0.001214 -0.000453 -0.002783 -0.002270 -0.001202 -0.000490 -0.002740 -0.001330 -0.000198 -0.002588 -0.002334 0.000645 -0.001417 -0.002668 -0.001941 -0.002156 0.013470 -0.001984 -0.006418 0.005072 -0.000704 0.008138 0.001866 -0.005111 -0.000853 0.004977 0.000000 0.000000 0.000000 0.000000 0.000000 0.000000 
0.000541 -0.001274 -0.000071 -0.003847 -0.000852 0.002240 -0.000291 -0.002278 0.001154 -0.002228 -0.003186 -0.000040 0.001005 0.000350 0.002188 -0.000983 -0.000849 0.001742 -0.001035 0.000231 -0.003644 -0.003718 -0.000954 0.000117 0.000723 0.000023 -0.000601 0.000205 0.000370 -0.000699 -0.003108 -0.002543 -0.002162 -0.000624 -0.000464 -0.000128 0.000682 0.002160 -0.008059 -0.002430 -0.000200 -0.001623 -0.001035 0.003323 -0.006418 -0.000513 -0.000704 -0.004420 0.001866 -0.005111 -0.000853 0.004977 0.000000 0.000000 0.000000 0.000000 0.000000 0.000000 0.000000 0.000000 
-0.002512 -0.001636 -0.000699 0.001186 -0.001500 -0.004950 -0.002682 -0.004197 0.000345 0.000046 0.001326 -0.000037 -0.002831 0.000000 0.002339 -0.000446 0.000700 -0.000425 -0.001647 -0.000211 0.001980 0.000847 0.000783 0.000208 -0.000505 0.000650 0.002699 -0.002110 -0.001838 -0.006684 -0.000398 -0.000935 -0.000664 -0.001109 -0.003525 0.001712 -0.003656 -0.004891 0.002701 0.002790 -0.001035 -0.000651 -0.003770 -0.000513 0.002736 -0.004420 0.001866 -0.005111 -0.000853 0.004977 0.000000 0.000000 0.000000 0.000000 0.000000 0.000000 0.000000 0.000000 0.000000 0.000000 
-0.001707 -0.000841 0.000933 0.000929 0.000351 -0.002007 -0.002060 -0.000530 -0.001223 -0.001787 -0.000768 -0.002488 0.002135 -0.000231 -0.000790 -0.004526 -0.001095 -0.000231 0.000837 -0.000587 -0.000078 -0.001909 -0.000685 -0.000245 0.000000 0.000711 -0.000622 -0.000061 -0.004473 -0.001200 -0.000329 -0.000800 -0.002984 0.001007 -0.001218 -0.005061 0.003689 0.005115 -0.002835 -0.000651 -0.001414 0.001085 0.002736 -0.004420 0.001866 -0.008021 -0.000853 0.004977 0.000000 0.000000 0.000000 0.000000 0.000000 0.000000 0.000000 0.000000 0.000000 0.000000 0.000000 0.000000 
-0.003133 -0.004910 -0.001242 0.000173 -0.001344 0.002430 -0.000131 -0.001439 0.000166 -0.003604 0.000456 0.001090 -0.002931 -0.001865 -0.001500 -0.001112 -0.000362 -0.001115 0.000552 0.000318 0.000864 0.000000 -0.000627 0.000976 -0.001333 0.000634 -0.000792 -0.000262 -0.001847 -0.003839 -0.001338 -0.001613 -0.002693 -0.002468 0.008957 0.026077 -0.003387 -0.007481 -0.007958 -0.005459 0.001918 -0.007433 -0.008021 -0.000853 0.004977 0.000000 0.000000 0.000000 0.000000 0.000000 0.000000 0.000000 0.000000 0.000000 0.000000 0.000000 0.000000 0.000000 0.000000 0.000000 
0.004977 -0.000853 -0.008021 -0.007433 0.001918 -0.005459 -0.007958 -0.007481 0.007719 -0.003463 0.005577 0.007307 0.003977 0.004269 -0.004030 -0.001228 0.001882 -0.000727 0.000324 0.000223 -0.000217 -0.000563 -0.004189 -0.000657 -0.002360 -0.000239 -0.000391 -0.001658 -0.002428 -0.002847 -0.000434 -0.002356 0.004216 0.000626 -0.006801 -0.000700 -0.001209 -0.000184 0.000460 -0.005806 -0.000337 -0.003026 -0.002457 0.001020 0.000000 0.000000 0.000000 0.000000 0.000000 0.000000 0.000000 0.000000 0.000000 0.000000 0.000000 0.000000 0.000000 0.000000 0.000000 0.000000 
0.004977 -0.000853 -0.008021 -0.007433 0.000649 0.000591 -0.005225 -0.006766 0.000401 -0.002918 -0.000840 0.004403 0.007285 0.002131 0.001300 -0.001906 0.002151 0.002465 0.000797 0.000277 -0.000326 -0.001388 0.000765 -0.002848 -0.001873 -0.000603 -0.001786 -0.000099 -0.002034 -0.000369 0.000619 -0.002744 -0.000895 -0.001659 -0.000174 0.000845 -0.003147 0.001160 -0.000491 0.001473 0.000070 -0.001165 0.002236 -0.001689 0.001448 0.004124 -0.001221 0.000000 0.000000 0.000000 0.000000 0.000000 0.000000 0.000000 0.000000 0.000000 0.000000 0.000000 0.000000 0.000000 
0.004977 -0.000853 -0.008021 -0.008719 0.000649 0.000591 -0.005225 0.003057 0.006297 -0.002069 -0.000840 0.003097 0.003203 -0.002645 0.003671 -0.002677 -0.002603 0.000142 -0.000258 -0.000939 0.000212 0.000599 -0.000032 0.000761 -0.002536 0.000493 -0.002834 0.000390 0.000988 -0.000910 -0.000801 0.000527 0.000938 -0.000332 -0.001431 -0.003456 0.000671 -0.001325 0.001282 -0.002732 0.000729 -0.005858 -0.004731 0.000640 0.002286 -0.003714 0.002437 -0.002947 0.001641 0.000000 0.000000 0.000000 0.000000 0.000000 0.000000 0.000000 0.000000 0.000000 0.000000 0.000000 
0.004977 -0.000853 -0.011413 -0.008719 0.000649 0.002645 -0.003774 -0.002350 0.003427 -0.003093 0.001194 0.000502 0.000657 0.001604 0.000837 -0.005596 0.002642 -0.003847 -0.000045 -0.003977 -0.001976 -0.000823 -0.000267 0.000634 -0.000453 0.000426 0.000093 0.001501 -0.003545 -0.001362 0.000175 -0.000052 0.000186 0.000765 -0.001641 0.000341 -0.000124 -0.001380 -0.000041 -0.000302 -0.000243 0.000229 -0.001236 -0.000265 0.001242 -0.004272 0.004280 0.007704 -0.003439 -0.007595 0.000848 0.000000 0.000000 0.000000 0.000000 0.000000 0.000000 0.000000 0.000000 0.000000 
0.004977 -0.000853 -0.011413 -0.008719 0.001443 0.002645 -0.002055 -0.002350 0.004447 0.005667 0.001194 0.000237 0.001589 -0.000974 0.010029 0.000138 -0.001530 0.003782 0.007115 -0.001445 -0.000737 -0.004120 0.000085 0.000112 0.001906 -0.000176 0.000505 0.000581 -0.001037 -0.001682 0.002464 -0.000363 0.004964 -0.003062 0.004069 -0.001861 -0.000672 0.001169 0.000718 0.000597 0.006123 -0.002380 0.003235 -0.006273 -0.003999 0.012751 0.001451 -0.001015 0.002255 0.007653 -0.000632 0.005638 0.000069 0.000000 0.000000 0.000000 0.000000 0.000000 0.000000 0.000000 
0.004977 0.001553 -0.011413 -0.005859 0.001443 -0.000158 -0.002055 0.006238 0.004447 0.007097 -0.002123 0.012323 0.003196 0.001631 0.003294 0.007740 -0.002746 0.005776 0.006622 0.005927 0.004923 -0.003386 -0.000710 -0.002560 0.000077 0.000039 -0.001033 0.000057 -0.000692 -0.001787 -0.000368 -0.000488 0.001819 -0.002814 0.000422 0.000453 -0.002398 -0.002023 -0.002394 -0.001615 -0.001395 0.002897 0.003226 -0.006101 -0.005781 0.002255 -0.009079 -0.012462 0.004131 -0.000673 0.000000 -0.001296 0.002798 -0.007306 0.000000 0.000000 0.000000 0.000000 0.000000 0.000000 
0.004977 0.001553 -0.011413 -0.005859 0.001443 -0.000158 -0.003953 0.006238 0.003203 0.007097 -0.004412 0.009381 0.002713 0.001729 -0.001411 0.001736 0.005558 0.003705 0.010989 0.011382 -0.004228 0.002007 -0.008331 0.000710 0.000625 -0.002511 -0.000157 -0.001674 -0.003098 -0.000394 -0.000378 -0.000725 0.000325 -0.000778 -0.002529 -0.002858 -0.001165 -0.000492 0.000082 -0.001123 -0.003433 -0.001699 -0.001186 0.003111 0.005115 -0.000143 0.009518 -0.000607 0.006645 -0.002112 -0.002915 -0.003582 0.002733 0.006700 -0.010997 -0.000244 -0.000581 0.000000 0.000000 0.000000 
0.004977 0.001553 -0.011413 -0.005859 -0.003532 -0.000158 -0.003953 0.009831 0.003203 0.001960 0.008099 0.009381 0.005579 0.005628 -0.003588 0.000566 0.001380 0.003848 -0.005580 0.002710 -0.002626 0.005962 -0.000211 0.004298 -0.000219 0.004838 -0.001244 -0.001587 0.000205 -0.003707 -0.001773 0.002866 0.000039 -0.000242 -0.000275 -0.000070 0.000311 -0.000041 -0.000074 -0.001592 0.000105 0.001946 0.000919 -0.002635 -0.001301 -0.002122 0.005301 -0.001020 0.000245 0.008010 0.001770 0.003342 0.002028 -0.002055 0.008544 -0.000144 0.000434 -0.015957 0.000000 0.000000 
0.004977 0.001553 -0.011413 -0.005859 -0.003532 -0.002083 -0.003953 0.009831 -0.005702 -0.007528 0.008099 0.009731 0.006344 0.001648 0.004077 0.002903 -0.001468 0.002485 -0.010128 -0.002611 0.000000 -0.002511 0.010416 -0.011269 -0.003509 0.003249 0.007120 0.013670 0.005301 -0.000702 -0.001710 0.000620 -0.002749 -0.000759 0.001203 -0.000337 -0.000333 -0.001042 0.000358 -0.000231 -0.000546 -0.000132 0.000190 -0.000585 0.000802 0.000000 -0.000122 -0.000278 0.000127 -0.000736 -0.000348 -0.000142 0.000839 -0.002883 -0.000572 0.003631 -0.001652 -0.005180 0.009552 0.000000 
0.004977 0.001553 -0.000409 -0.005859 -0.003532 -0.002083 -0.008021 0.008723 0.001294 -0.007528 0.010031 -0.001314 -0.000169 -0.001143 0.009114 0.000513 -0.006803 -0.000779 -0.005355 0.001564 0.000000 0.002505 0.010730 -0.001753 -0.003679 0.004976 0.008874 0.002877 -0.001667 0.000955 0.002690 0.000392 -0.000976 0.000552 -0.000182 -0.000495 0.000406 0.000132 -0.000889 -0.001043 0.000000 -0.002692 -0.000595 -0.001282 -0.000285 -0.001048 0.000110 0.000372 0.000615 0.000106 -0.001291 -0.000322 -0.001497 -0.000155 -0.000439 -0.001192 0.000246 -0.000134 -0.003039 0.000910 
0.004977 0.001553 -0.000409 0.000182 -0.003532 -0.002083 -0.008021 0.008723 0.001294 0.004282 0.005962 -0.008441 -0.000169 -0.001143 -0.000684 -0.004061 -0.001457 0.001486 0.004774 0.001048 -0.006207 0.001934 0.012715 0.006820 -0.006563 -0.005824 -0.000276 0.006360 0.006466 0.000694 -0.003197 0.005278 0.001079 -0.001335 0.001233 0.000281 0.000597 -0.001093 0.000728 0.000989 -0.000492 0.000587 -0.000071 0.000738 -0.000871 -0.002050 0.001015 -0.000269 0.000072 -0.001600 0.000046 0.001049 -0.000041 0.001108 0.001051 0.000297 -0.000556 0.001011 -0.000670 -0.000801 
0.004977 0.001553 -0.000409 0.000182 -0.000272 -0.001816 -0.003938 0.006250 0.001294 0.004282 0.005962 -0.008441 0.002023 -0.001112 -0.002286 0.007019 -0.000251 0.003639 0.004750 0.003645 0.002910 0.001598 0.000000 0.007843 -0.002668 -0.002889 0.000539 0.000000 0.004422 0.001387 0.001831 -0.000743 0.000427 -0.001953 0.002085 -0.000458 -0.004557 0.001617 -0.001078 -0.000402 -0.000075 -0.000567 -0.000261 -0.000404 -0.001983 -0.004270 -0.000223 -0.000305 -0.000109 -0.000712 -0.000962 -0.001396 0.000490 -0.000932 -0.000265 0.000073 -0.001721 0.000388 -0.002003 -0.000795 
0.004977 0.001553 -0.000409 0.000182 -0.000272 -0.001816 -0.003938 0.006250 0.000458 0.000602 0.002896 -0.003829 0.003581 0.002780 -0.000500 0.004272 0.003794 0.000322 0.002030 -0.001371 0.002149 0.001392 0.003231 -0.001500 0.002172 -0.001418 0.003034 -0.000583 -0.003458 0.002401 -0.000757 0.001044 -0.001279 0.000220 -0.000188 0.000687 -0.000024 -0.000339 0.000149 -0.000249 -0.001465 -0.000068 -0.002466 -0.000323 -0.000154 0.001046 -0.000842 -0.000268 -0.000799 0.000000 -0.000346 -0.000829 -0.000053 0.000101 -0.000358 -0.000772 0.000717 -0.000374 -0.000030 -0.000497 
