0.000707 -0.000391 -0.001054 -0.000190 0.000333 0.001010 -0.001036 0.000588 0.001802 0.004997 0.001766 0.002415 0.002008 0.000020 -0.000970 0.003278 -0.000219 -0.000885 0.003390 0.001830 -0.001764 0.001684 0.024355 -0.004599 0.006277 -0.000459 -0.014269 -0.009087 -0.016311 -0.028989 0.005013 0.027173 0.047721 0.008057 -0.005359 -0.009717 0.033449 0.035552 -0.018061 -0.011246 
0.000707 -0.000391 -0.001054 -0.000190 0.000333 0.001010 -0.001036 0.002403 0.001021 0.000383 0.000813 0.005185 0.000073 0.000104 -0.000608 0.004377 0.001257 -0.004109 0.005384 0.002303 -0.004658 0.010762 -0.017235 -0.064264 0.012890 0.025592 0.009900 -0.025793 0.118048 0.012026 -0.005224 0.005885 -0.049014 0.012310 0.022901 -0.005952 -0.010414 0.000000 0.021706 0.020316 
0.000707 -0.000391 -0.001054 -0.000190 0.002406 0.001515 -0.002876 0.002403 0.001021 0.000383 0.000813 0.005185 0.001409 0.001042 -0.003571 0.006790 -0.000427 -0.003270 0.000255 0.000968 0.002166 0.003613 -0.007394 -0.084487 0.049986 0.036018 0.016403 0.008374 -0.004868 -0.010051 -0.006650 0.000828 0.017317 -0.006988 0.082893 0.016986 0.016851 0.043584 -0.008491 -0.003311 
0.000707 -0.000391 -0.001054 0.002633 0.002406 0.001515 -0.002876 0.002403 0.005246 0.000252 -0.001082 0.001504 0.001409 -0.000170 -0.003997 0.003771 -0.003755 -0.001373 -0.050292 0.016414 0.055816 0.022309 -0.011208 -0.018255 -0.028291 0.038791 0.027295 0.004569 -0.002705 -0.008625 0.006278 0.001665 0.005010 0.015619 -0.010147 0.007257 0.003299 0.007676 0.061931 0.016171 
0.000707 -0.000391 -0.001961 0.002633 0.002406 0.001515 -0.001752 0.014772 0.005246 0.000252 0.000053 -0.000294 0.001946 -0.000170 0.004149 -0.001025 -0.000770 -0.000142 -0.046164 0.022843 -0.003168 0.036171 -0.012030 0.015867 -0.005075 -0.006586 0.002416 -0.007497 -0.001949 -0.007278 0.001390 0.012466 0.014435 0.012289 0.019231 -0.014838 0.004961 -0.036817 -0.044376 0.002708 
0.000707 -0.000391 -0.001961 0.002633 0.002406 0.002058 -0.001752 0.014772 -0.000313 0.002175 0.000053 -0.000294 -0.001863 0.007616 0.004149 -0.001944 0.012992 0.018644 0.051404 0.007206 -0.013675 0.044805 -0.008947 0.004871 0.005159 0.002899 0.004854 0.001314 -0.001241 -0.003422 0.001015 0.072500 0.005666 -0.009756 -0.024515 0.001628 -0.003547 0.049862 0.001173 0.000000 
0.000707 -0.000391 -0.001961 0.002633 0.016471 0.002058 -0.001752 0.005154 -0.000313 0.001466 0.000237 -0.006503 -0.004933 0.047419 0.031435 0.018120 0.039328 0.031193 0.062598 -0.015666 0.084015 0.032370 -0.020096 -0.008437 -0.008970 -0.000855 0.005271 -0.005335 -0.000975 -0.012206 0.032503 -0.007349 -0.005212 -0.009949 0.044980 -0.022566 -0.006537 0.005448 0.000000 0.000000 
0.000707 -0.000391 -0.001961 0.002633 0.016471 0.002058 0.001185 0.005154 0.000726 0.001466 -0.005660 -0.003914 0.017840 0.113902 0.055002 0.080753 0.010658 0.031309 -0.022135 0.009901 -0.005382 0.011895 -0.036002 -0.032607 0.004601 0.000169 0.010411 -0.041192 -0.027302 -0.058387 0.023433 -0.008913 -0.068534 0.012581 -0.006545 0.017143 -0.004479 0.000000 0.000000 0.000000 
0.000707 -0.001787 -0.001961 -0.000537 0.016471 0.000203 0.001185 0.000609 0.000726 0.000425 -0.005660 0.001011 0.033799 0.061179 0.024245 0.021783 0.004773 0.043628 -0.035248 0.003087 0.009875 -0.004674 0.006869 -0.007803 0.002853 0.030014 -0.022607 -0.004421 -0.021636 0.017673 -0.002044 -0.001874 0.016378 -0.021690 -0.019141 0.026738 0.000000 0.000000 0.000000 0.000000 
0.000707 -0.001787 -0.001961 -0.000537 0.015779 0.000203 -0.004695 0.000250 0.000522 -0.000018 -0.003939 0.017148 0.005920 -0.005479 -0.011325 -0.018942 0.031878 -0.002779 -0.005352 0.019519 0.021157 -0.016086 0.035293 -0.028385 0.068397 0.006746 -0.020337 0.007975 0.000000 0.003838 0.000899 0.005826 0.011234 0.002539 -0.009171 0.000000 0.000000 0.000000 0.000000 0.000000 
0.000707 -0.001787 -0.002099 -0.000537 0.015779 -0.000624 0.001314 0.000250 -0.004930 0.000240 -0.064180 0.000221 0.005316 0.024860 -0.014767 -0.025469 -0.004473 0.041727 0.013090 -0.025362 0.002802 -0.000379 -0.004488 -0.025271 -0.001516 -0.001958 -0.012061 0.010785 0.015525 -0.004244 -0.005705 0.012493 -0.019997 0.000000 0.000000 0.000000 0.000000 0.000000 0.000000 0.000000 
0.000707 -0.001787 -0.002099 0.001997 0.015779 -0.000624 0.001314 -0.001300 0.003083 -0.009245 -0.064180 -0.012956 0.041291 0.026555 -0.008987 -0.028666 -0.007397 0.024701 0.006469 -0.049992 0.002093 -0.007998 -0.002543 0.010745 -0.002051 -0.000361 0.003741 -0.002955 -0.006757 0.018798 0.016345 0.005216 0.000000 0.000000 0.000000 0.000000 0.000000 0.000000 0.000000 0.000000 
0.000707 -0.001787 -0.002099 0.001997 0.000927 0.002758 0.000739 0.004894 0.016168 0.013569 -0.000718 0.014436 -0.007457 0.000613 -0.010267 -0.042968 0.029109 -0.001747 -0.005347 -0.037774 -0.012801 -0.001505 -0.003116 0.006439 0.004508 -0.018318 0.034869 0.042285 0.002879 0.018522 0.000000 0.000000 0.000000 0.000000 0.000000 0.000000 0.000000 0.000000 0.000000 0.000000 
0.000707 -0.001787 -0.002099 0.001997 0.000927 0.002758 0.000739 0.004894 0.003811 0.021218 0.058351 -0.004974 -0.006262 -0.002757 -0.001151 0.016531 0.050187 -0.040503 0.017523 -0.003513 -0.013815 0.018843 0.002468 -0.004515 0.000530 0.006393 -0.031649 0.002953 -0.019643 -0.016104 0.000000 0.000000 0.000000 0.000000 0.000000 0.000000 0.000000 0.000000 0.000000 0.000000 
0.000707 -0.001787 -0.002099 -0.002469 0.000470 0.000161 0.006871 -0.002887 -0.004289 0.024004 0.032433 0.004472 -0.011961 -0.031519 -0.001765 0.021388 0.020720 0.067766 -0.004141 0.063077 -0.000749 -0.002611 0.004433 -0.009994 0.001493 -0.001595 0.016673 0.001995 0.016628 0.012157 -0.009035 0.087252 0.000000 0.000000 0.000000 0.000000 0.000000 0.000000 0.000000 0.000000 
0.000707 -0.001787 -0.001344 -0.002469 0.000470 -0.000041 0.002139 0.007657 -0.004289 0.008753 0.061398 0.020676 -0.004177 -0.015412 0.000275 0.029403 0.001294 -0.018016 -0.021960 0.006392 0.005676 0.009472 -0.016140 0.002705 -0.028981 -0.005944 0.097517 0.001142 -0.002318 -0.006596 -0.017140 -0.037162 -0.001045 0.004312 0.000000 0.000000 0.000000 0.000000 0.000000 0.000000 
0.000707 -0.001787 -0.001344 -0.002469 -0.001574 -0.000041 0.002139 0.003150 -0.000859 0.008753 -0.005839 0.037334 -0.001433 -0.006971 -0.017794 0.019052 0.015242 -0.008782 -0.001489 0.013870 0.092441 0.005803 0.029830 0.000955 -0.016186 -0.007801 -0.002988 0.004859 -0.011736 0.015719 0.010873 0.004126 0.017921 0.005444 0.000117 0.000000 0.000000 0.000000 0.000000 0.000000 
0.000707 -0.001787 -0.001344 -0.002469 -0.001574 -0.000041 0.001837 0.003150 -0.001828 0.008120 0.037284 0.030758 -0.001433 -0.002222 -0.002023 -0.014948 0.007177 0.003648 -0.014587 -0.016092 0.062377 0.025270 0.047713 -0.013216 -0.005419 0.018115 -0.012976 -0.006220 -0.013781 0.000307 -0.010867 0.016376 -0.024940 0.022606 0.015037 -0.001611 0.000000 0.000000 0.000000 0.000000 
0.000707 0.004890 -0.001344 -0.000359 -0.001574 -0.000709 0.001837 0.002149 -0.001828 -0.002462 0.037284 0.011320 0.027740 0.003901 -0.001328 -0.017489 0.006213 0.013964 0.016186 -0.000528 -0.036583 -0.010478 -0.019843 -0.004551 -0.001744 -0.007520 0.005160 -0.004223 0.001848 0.000430 0.020940 0.008071 -0.025218 -0.005002 -0.006464 -0.011745 0.001550 0.000000 0.000000 0.000000 
0.000707 0.004890 -0.001344 -0.000359 -0.001574 -0.000709 0.000684 0.002149 -0.001502 -0.002425 -0.035984 -0.075163 0.005093 -0.007414 0.018321 -0.001188 0.041302 0.062798 0.008815 -0.005055 0.037181 0.015948 -0.012541 -0.014606 -0.018859 0.012114 -0.006893 -0.008765 0.005072 0.003065 -0.016525 -0.097193 0.002501 0.008291 -0.003088 -0.003398 -0.006193 0.017151 0.000000 0.000000 
0.000707 0.004890 -0.001344 -0.000359 0.002939 -0.000709 0.000684 0.000503 -0.001502 -0.002425 0.005796 -0.004696 -0.054985 -0.043647 -0.012246 0.000657 -0.002141 0.057602 0.032671 0.016295 0.028753 -0.000865 0.020047 0.005800 -0.036381 -0.038591 0.013149 0.002916 0.008009 0.003079 -0.002888 -0.004315 -0.004487 0.066639 0.045776 0.038807 -0.006549 0.002482 0.025688 0.000000 
0.000707 0.004890 -0.001740 -0.000359 0.002939 0.003277 -0.000182 0.000503 -0.001434 0.001801 0.000274 -0.004696 -0.012169 -0.011613 0.000000 -0.002717 0.028794 0.091232 0.011065 -0.000423 0.040705 0.030819 0.020467 0.020513 -0.008812 0.023333 -0.010929 -0.007874 0.006065 -0.016590 -0.009780 -0.014994 -0.021984 0.051384 -0.001182 0.006013 0.008008 0.000000 -0.029446 -0.020231 
0.000707 0.004890 -0.001740 -0.000359 0.002939 0.003277 -0.000182 0.000494 0.000321 0.001801 0.000274 -0.017084 0.014658 0.030085 0.000000 -0.002717 -0.008267 -0.034760 0.000504 0.001120 -0.005306 0.014440 0.030143 0.007426 0.021810 0.012468 -0.011867 -0.001615 0.006740 -0.002772 -0.002194 0.021335 0.010214 -0.003225 -0.056302 -0.016210 0.015317 0.008133 0.041727 0.046069 
0.000707 0.004890 -0.001740 0.001664 0.001639 0.003277 -0.000182 0.000494 0.000321 0.001453 -0.001259 -0.004507 -0.005800 0.004753 0.002941 -0.012432 0.009602 0.002584 -0.049857 -0.028677 0.008892 -0.006134 0.005974 0.005366 -0.057014 0.024702 0.029009 -0.018285 -0.015644 -0.006900 0.001317 0.009223 -0.007354 -0.065249 0.034853 0.002827 0.004849 0.000772 0.017663 0.003577 
0.000707 0.004890 -0.001740 0.001664 0.001639 -0.000137 -0.000812 0.002017 0.005081 -0.002642 -0.001259 -0.004507 -0.005800 0.004753 0.002941 0.003988 0.106183 0.152148 0.055197 0.008617 0.009376 0.002138 0.006027 -0.018797 -0.020379 0.019240 -0.012653 -0.013901 -0.001429 0.000757 -0.010457 -0.031299 0.004490 0.020335 0.008436 0.000783 -0.008898 0.016701 0.022793 0.051324 
0.000707 0.004890 -0.001740 0.001664 0.001639 -0.000137 -0.000812 0.002017 0.005081 -0.002642 0.001215 0.003335 -0.001655 -0.006555 -0.020514 -0.000627 0.047534 0.016052 0.021517 0.013981 -0.024186 0.002063 0.001935 -0.015799 -0.007742 0.010305 0.008545 -0.030510 -0.002639 -0.009089 -0.020076 0.007510 0.018505 -0.038663 -0.013603 -0.000425 -0.006160 0.030993 0.118968 0.059459 
0.000707 0.004890 -0.001740 0.001664 0.001639 -0.000137 -0.000812 0.001127 0.002010 0.005505 0.006251 0.004968 -0.007084 0.008186 0.063110 0.115414 0.088613 0.049886 -0.009927 -0.030628 -0.011138 0.000717 0.015060 0.044938 0.050625 0.017866 0.005805 -0.017729 -0.044356 -0.055072 -0.050467 0.024545 0.016415 -0.002938 0.003840 0.005537 0.004414 0.010726 0.041058 0.014411 
0.000707 0.004890 -0.001740 0.001664 0.003118 -0.000400 -0.001722 0.001127 0.002010 0.005505 0.004738 0.011010 0.022702 0.017855 0.005605 0.008336 -0.014867 -0.030238 -0.018202 -0.007795 -0.013093 -0.002892 -0.022705 -0.012487 0.022383 -0.031011 -0.040745 -0.003970 0.035307 0.025097 -0.011632 -0.005857 -0.004839 0.008974 0.031027 0.016304 0.007333 0.022690 -0.011375 -0.171354 
0.000707 0.004890 -0.001740 0.002230 0.003118 -0.000400 -0.001722 0.001127 -0.000191 -0.001877 0.004738 0.011010 0.022702 -0.002170 -0.010203 -0.015602 -0.030048 -0.030238 0.028551 0.011221 0.001864 0.010128 -0.003023 0.026305 0.065813 0.066922 0.041923 -0.001041 0.004223 0.002008 -0.010554 -0.006280 -0.004881 -0.010088 0.000827 0.011995 0.013133 -0.001099 0.031400 0.081118 
0.000707 0.004890 -0.000290 0.002230 0.003118 -0.000400 -0.000175 0.001466 -0.000191 -0.000771 0.007300 0.014548 0.027213 0.011296 -0.004858 0.003328 0.039599 0.059392 0.039911 0.012806 0.054205 0.063435 0.000000 0.038780 0.003386 0.019306 0.032850 0.022017 -0.001151 0.006802 -0.024031 0.053401 0.046096 0.022904 0.039390 0.018920 0.001566 0.000803 0.019984 0.085831 
0.000707 0.004890 -0.000290 0.002230 0.003118 0.001177 -0.000175 0.001466 -0.001543 -0.000771 0.007300 -0.003486 0.002083 0.011296 -0.000650 0.011163 0.039599 0.021017 -0.022353 0.001334 0.008373 -0.005238 0.011468 0.006882 -0.005152 -0.007795 0.005526 0.002025 0.049243 0.016475 -0.006459 0.002684 -0.013136 0.000484 0.004190 0.005891 0.003994 0.000786 0.007681 0.000000 
0.000707 0.004890 -0.000290 0.002230 0.000323 0.001177 -0.000175 -0.000264 -0.001543 0.001197 -0.000761 -0.003486 0.000077 0.012342 -0.007565 -0.009764 -0.011184 0.035510 0.026567 -0.004504 0.002983 -0.028609 0.001919 -0.007457 -0.016387 0.011618 -0.017914 0.007471 0.004773 -0.031523 -0.002380 -0.008763 0.009563 0.023525 0.013303 0.005565 -0.000397 -0.010411 0.000000 0.000000 
0.000707 0.000812 -0.000290 0.000650 0.000323 -0.002107 -0.000383 0.000267 0.002032 0.004516 0.009038 -0.000743 -0.000154 -0.000970 -0.006098 0.008421 -0.007870 0.005763 0.007171 -0.010364 0.011277 0.005525 -0.014008 -0.001654 -0.000591 -0.000457 -0.000162 0.018724 0.024319 -0.013096 -0.037705 -0.025581 -0.014243 -0.001345 -0.013776 -0.008050 -0.000513 0.000000 0.000000 0.000000 
0.000707 0.000812 -0.000290 0.000650 0.000323 -0.002107 -0.000383 0.000267 0.001364 0.004516 -0.000953 -0.000743 0.004558 -0.000970 0.001132 0.008157 -0.000563 0.035798 -0.010394 -0.012317 -0.002369 -0.015067 0.027147 0.006203 -0.000227 0.000000 -0.001589 0.000516 0.014155 0.009102 0.008734 0.025078 0.002893 -0.013397 0.005797 -0.010326 0.000000 0.000000 0.000000 0.000000 
0.000707 0.000812 -0.000290 0.000650 0.000379 -0.002107 -0.003832 -0.002742 0.001364 0.002678 0.002452 0.005099 -0.005866 0.006595 0.000881 -0.005068 0.016770 0.019415 0.000904 0.014555 0.021312 0.010704 0.006338 -0.018904 -0.058570 0.011347 0.005586 0.008203 0.000706 -0.009870 -0.012214 0.026656 0.005437 0.012568 0.000000 0.000000 0.000000 0.000000 0.000000 0.000000 
0.000707 0.000812 -0.000446 0.000650 0.000379 -0.000938 0.002244 -0.002742 0.003208 0.001866 0.005987 -0.004559 0.006412 0.000359 0.001546 -0.001063 0.063739 0.004022 -0.009999 -0.036183 0.044366 0.017348 -0.026568 0.003900 0.002858 0.028066 0.007332 0.010838 0.035073 0.010397 0.015476 -0.008689 -0.027160 0.000000 0.000000 0.000000 0.000000 0.000000 0.000000 0.000000 
0.000707 0.000812 -0.000446 0.004404 0.000379 -0.000938 0.002244 0.001609 0.001082 0.005663 -0.002024 -0.002877 0.001449 -0.000721 0.051276 -0.000932 0.001497 -0.000158 -0.000122 0.008550 -0.002184 -0.028326 0.016549 0.001805 -0.001331 -0.007789 0.012110 0.000000 0.000708 -0.003549 0.001991 0.000000 0.000000 0.000000 0.000000 0.000000 0.000000 0.000000 0.000000 0.000000 
0.000707 0.000812 -0.000446 0.004404 -0.002265 -0.002437 -0.002356 0.000387 0.003090 -0.001693 0.007081 -0.001738 0.002497 0.008988 -0.004710 0.000419 0.003404 0.004659 -0.028260 0.001026 0.051492 -0.024500 0.000819 -0.004237 0.001003 0.000644 0.004157 0.007471 0.021123 0.019210 0.000000 0.000000 0.000000 0.000000 0.000000 0.000000 0.000000 0.000000 0.000000 0.000000 
0.003633 0.009440 0.009802 -0.018554 0.000735 0.000000 0.004474 0.041697 -0.014822 0.007280 0.002643 0.010299 -0.005933 -0.004813 0.000681 0.009681 -0.000115 0.000989 0.000743 0.002649 0.000337 -0.000680 0.001669 -0.000790 -0.000304 -0.000944 -0.002265 0.004404 -0.000446 0.000812 0.000707 0.000000 0.000000 0.000000 0.000000 0.000000 0.000000 0.000000 0.000000 0.000000 
-0.001182 -0.002545 -0.029372 0.011633 -0.004409 -0.006727 -0.051136 0.027783 0.012434 -0.002289 0.010912 0.019287 -0.007315 0.010957 -0.001861 -0.005917 0.003930 -0.000978 0.002526 0.001513 0.002059 0.001371 0.001620 0.000945 -0.000790 -0.000304 -0.000944 0.000319 0.002419 -0.000446 0.000812 0.000707 0.000000 0.000000 0.000000 0.000000 0.000000 0.000000 0.000000 0.000000 
0.014016 0.091323 -0.006064 0.018572 -0.005937 -0.001592 0.085276 0.033450 -0.001520 0.058879 0.017567 -0.004340 0.013761 -0.021408 0.016403 0.017494 0.002152 -0.000670 0.000113 0.001363 0.005565 0.000048 0.001252 0.002930 0.003421 0.000945 -0.003329 0.004079 0.001324 0.000319 0.002419 0.000249 0.000812 0.000707 0.000000 0.000000 0.000000 0.000000 0.000000 0.000000 
-0.016004 -0.007135 0.091670 -0.030812 0.000798 -0.003813 -0.014685 0.000994 0.002936 -0.004274 0.008554 -0.000472 0.006127 0.025443 0.019815 -0.017571 0.013325 0.000563 0.000730 -0.001686 -0.001233 0.003227 0.001502 0.000490 0.002059 0.003421 0.000769 0.003293 0.004079 0.001324 -0.000460 0.002419 0.000249 0.000812 0.000707 0.000000 0.000000 0.000000 0.000000 0.000000 
0.005775 0.003248 0.011902 0.004740 -0.013443 0.009253 0.005120 -0.005033 0.000241 -0.031701 0.008868 -0.032810 0.004069 -0.023633 0.001915 0.001708 0.008174 0.002196 -0.000237 -0.000696 -0.000987 -0.000481 0.002061 -0.002020 0.000236 -0.000340 0.000434 -0.002289 0.001408 0.005018 0.003022 0.000506 -0.000460 -0.001112 0.000249 0.000879 0.000707 0.000000 0.000000 0.000000 
-0.015309 -0.009328 0.007624 0.018466 0.031972 -0.011914 -0.030074 0.019798 -0.003666 -0.008286 0.043970 -0.080764 -0.010021 0.020123 -0.045501 -0.033039 -0.002780 0.004592 0.001028 -0.001990 -0.000041 -0.000427 0.000985 -0.000677 -0.002020 0.000865 -0.000340 0.000449 -0.002289 0.000307 0.005018 0.003022 0.000506 -0.000460 -0.001112 0.000249 0.000879 0.000707 0.000000 0.000000 
0.020131 -0.002236 -0.007463 -0.005692 -0.027542 -0.003069 0.023070 0.023200 -0.031189 -0.023718 0.006904 0.008410 0.006197 -0.031486 -0.012665 0.007450 0.011642 -0.000057 0.001968 -0.001770 -0.001113 0.000018 0.000342 0.000985 0.001300 -0.002539 0.000069 -0.001416 0.000449 0.001153 0.000307 0.005018 -0.000818 0.000506 0.001716 -0.001112 0.000249 0.000879 0.000707 0.000000 
0.048228 0.003638 -0.038143 0.007742 0.007301 0.006048 0.015588 -0.000415 0.006016 -0.000273 0.003368 0.000071 0.009890 -0.002930 -0.024621 -0.000358 0.003828 0.002617 0.000174 0.003045 -0.000129 0.000636 0.001728 0.000152 0.004652 0.000063 -0.000788 -0.000299 -0.001764 0.001153 0.001624 -0.001178 -0.000818 0.001414 0.001716 -0.001112 0.000249 0.000879 0.000707 0.000000 
0.006270 0.006482 0.000000 0.001492 0.002770 0.002584 0.000969 -0.003727 -0.004221 0.001184 -0.001158 0.002925 0.000307 0.006662 -0.005560 -0.004224 0.026252 0.027102 0.001138 -0.000213 0.002448 0.000383 0.001126 0.001325 0.001345 0.001712 -0.000707 -0.000788 -0.000299 -0.000563 0.003623 0.001624 -0.001178 0.002261 0.001414 0.001716 -0.001112 0.002465 0.000879 0.000707 
0.003020 0.019048 -0.002105 -0.000282 -0.004071 0.004762 0.009604 0.004168 -0.000212 -0.000570 0.001124 0.002633 -0.014933 0.009531 0.034953 0.000129 0.022890 -0.000458 0.002774 0.000969 0.001918 -0.000563 -0.002601 0.001048 -0.000578 -0.000121 0.000249 -0.001900 0.000591 -0.000563 0.000172 0.000044 -0.000301 0.002261 0.001414 0.001716 0.002040 0.002465 0.000879 0.000707 
-0.008936 -0.018824 0.005638 0.009963 -0.001007 -0.001345 -0.009294 0.002398 0.021435 0.003407 -0.002682 0.005662 -0.017750 -0.042511 0.088017 -0.039395 0.005366 -0.029513 0.003613 0.000090 -0.002314 0.000455 -0.001434 -0.003977 0.001048 0.001973 0.009937 0.006631 -0.000267 0.000678 -0.001740 0.000172 0.000044 -0.000301 0.002261 0.001278 0.001267 0.002040 0.002465 0.000879 
-0.017570 -0.009146 0.045775 0.023688 -0.032611 0.055689 0.018541 0.014795 0.012662 -0.010281 0.020845 0.006471 -0.003910 0.004718 0.015045 -0.012517 0.024473 -0.040190 0.001444 0.002844 0.004206 0.001913 -0.000934 0.000085 0.000427 0.000893 0.011682 0.009915 0.000478 -0.002548 0.002922 0.000343 -0.002253 0.024190 0.001529 0.001278 0.001267 0.002040 0.002465 0.000879 
-0.006256 -0.010539 0.003536 -0.004507 0.037287 0.026402 -0.003721 -0.029722 0.005612 0.012117 -0.010848 -0.013307 0.006675 -0.013344 0.037724 0.031007 0.037856 -0.038056 0.012702 0.015586 0.004206 0.001913 -0.000934 0.000085 0.000427 0.000893 0.011682 0.009915 0.000478 -0.002548 0.002922 0.000343 -0.002253 0.024190 0.001529 0.001278 0.001267 0.002040 0.002465 0.000879 
0.020559 0.002090 0.018756 -0.006736 0.003652 0.002604 -0.004888 0.009837 -0.059698 0.010011 0.055440 0.030468 -0.005357 -0.010772 -0.009766 -0.009574 0.008356 -0.012105 0.047511 0.023044 0.014658 0.000184 -0.001161 -0.000947 0.000968 0.000470 0.001410 0.000944 0.000076 -0.003617 0.000336 -0.001548 -0.000496 0.023938 0.001392 0.001278 0.001267 0.002040 0.002465 0.000879 
0.004114 -0.029480 0.004794 -0.003596 0.005725 0.002534 0.056672 0.003286 0.017643 0.006592 0.034380 0.000000 0.002832 0.009570 -0.001125 0.013134 -0.013781 0.055831 0.005499 0.062548 -0.008990 -0.012807 0.001975 0.000968 0.005017 0.000169 0.001425 0.001097 -0.003456 -0.004354 -0.001548 -0.000496 0.023938 0.001392 0.000575 0.000793 0.002040 0.002465 0.000879 0.000707 
-0.014025 0.096714 -0.000806 0.024694 0.016097 0.022283 -0.041675 -0.011976 -0.007338 -0.030868 0.045600 -0.039056 0.044026 -0.021115 -0.003673 0.005294 -0.008757 0.004534 0.015673 -0.011300 -0.034772 -0.027575 -0.010303 -0.002738 -0.000112 0.000988 0.008326 0.000513 -0.002948 -0.004354 0.002285 0.002077 0.000695 0.001392 0.000575 0.000793 0.001224 0.002465 0.000879 0.000707 
0.014292 -0.000106 0.050801 -0.010513 0.004241 -0.010787 0.000778 0.002506 -0.000207 0.005582 -0.027956 0.012588 -0.021052 -0.022856 0.023369 -0.002723 -0.017361 0.001844 -0.023826 0.001264 0.061839 -0.009415 -0.031266 0.000337 0.000234 0.009752 0.000513 -0.002948 0.000946 0.007485 0.002077 0.000695 -0.000088 0.000575 0.000793 0.001224 0.003492 0.000879 0.000707 0.000000 
0.000518 0.001235 0.001324 0.000667 0.018765 -0.003443 -0.016809 -0.002242 0.005499 -0.009466 -0.008322 0.003631 -0.014899 0.070854 0.041301 -0.016784 0.001773 -0.003639 -0.025226 -0.005789 -0.021735 0.011015 -0.017844 -0.018152 0.000585 -0.010423 -0.001095 -0.002381 0.005776 0.007485 0.005632 0.004557 -0.000088 0.000524 0.000793 0.001224 0.003492 0.000879 0.000707 0.000000 
-0.000181 0.001550 0.001061 -0.001353 -0.001521 -0.002809 -0.010500 -0.013479 0.029441 0.003334 0.002149 0.005092 0.005633 -0.008988 0.039091 -0.018625 -0.003516 0.021045 0.008982 -0.040512 0.031387 -0.013794 -0.018152 -0.008994 0.007071 0.004320 0.000818 0.005776 0.005788 0.005632 0.004557 0.001015 0.000524 -0.001452 0.001224 0.003492 0.000879 0.000707 0.000000 0.000000 
0.002951 0.002885 -0.001393 0.004541 0.004064 0.001056 0.005426 0.013239 0.010234 0.019404 0.010849 0.000635 0.000775 0.018745 -0.006178 -0.024574 0.036307 0.010094 0.005145 0.014569 0.041087 -0.037618 -0.040501 0.007071 -0.017835 0.000818 0.004826 0.005788 0.004382 0.004557 0.001015 0.000524 -0.001452 0.001224 0.003492 0.000879 0.000707 0.000000 0.000000 0.000000 
-0.006961 -0.003441 0.011010 0.004031 0.003388 -0.000243 -0.002641 -0.000846 0.027072 0.006102 0.002442 0.003393 0.002640 0.019019 0.017029 0.003294 -0.097145 -0.022156 -0.003713 -0.105427 -0.062699 -0.001502 -0.021163 -0.012129 0.001570 0.001027 0.004041 -0.001824 0.001194 0.004048 -0.001452 -0.000455 0.003492 0.002790 0.000707 0.000000 0.000000 0.000000 0.000000 0.000000 
0.000232 -0.006317 -0.001075 -0.007713 0.000211 -0.005846 0.017134 0.001507 0.021099 0.015961 0.010632 -0.002808 -0.018269 -0.015130 0.015493 0.008641 0.013398 -0.001679 -0.035874 -0.003953 -0.000995 0.001956 0.000579 -0.005278 0.001027 0.008081 0.014021 0.001194 0.004048 0.000176 -0.000455 0.003492 0.002790 0.000707 0.000000 0.000000 0.000000 0.000000 0.000000 0.000000 
0.017713 -0.000416 -0.005273 -0.007054 -0.015098 -0.003764 0.003952 -0.001021 0.042670 -0.004149 -0.007689 0.019358 0.013158 -0.001012 0.006886 0.008585 0.009188 0.008989 0.001386 -0.000488 0.002385 -0.004642 -0.000814 0.008081 0.002139 0.000952 0.002061 0.000176 -0.000455 0.000033 0.002790 0.000707 0.000000 0.000000 0.000000 0.000000 0.000000 0.000000 0.000000 0.000000 
0.003511 0.020024 -0.016691 -0.014935 -0.006023 0.042852 -0.003122 -0.005155 -0.003982 -0.002492 0.024549 -0.010968 0.003393 0.007490 -0.005208 0.002719 0.030016 -0.003321 -0.004315 -0.052856 -0.042670 0.007409 0.002115 0.002139 0.000952 0.002061 0.000885 0.000979 0.000033 0.002790 0.000707 0.000000 0.000000 0.000000 0.000000 0.000000 0.000000 0.000000 0.000000 0.000000 
0.029607 0.020140 -0.015435 0.006486 0.008051 0.004585 0.024520 -0.001619 0.004062 0.010525 0.108786 -0.007507 -0.010775 0.005267 0.039567 0.045013 0.000620 -0.003003 -0.043420 -0.082637 0.016633 0.009350 0.000261 -0.000681 -0.002069 0.000885 0.000979 0.000033 0.002790 0.000707 0.000000 0.000000 0.000000 0.000000 0.000000 0.000000 0.000000 0.000000 0.000000 0.000000 
0.006013 -0.033400 0.004906 0.000471 -0.008101 0.015520 -0.000685 -0.027246 -0.003029 0.011758 -0.020037 -0.021484 -0.011731 0.013201 0.003973 -0.037109 -0.004446 -0.005068 0.001753 -0.015973 0.002087 0.041688 0.008496 -0.002402 -0.001569 -0.000058 0.003891 0.000979 0.000033 0.002790 0.000707 0.000000 0.000000 0.000000 0.000000 0.000000 0.000000 0.000000 0.000000 0.000000 
-0.006343 -0.004648 0.033017 -0.004927 0.001036 0.006065 0.036901 0.037948 0.022802 0.057116 -0.006911 -0.014174 0.002786 0.005849 -0.002238 -0.003534 0.024025 0.000000 -0.037721 0.013760 0.020442 0.028671 0.025476 0.033050 -0.000477 0.000960 -0.004199 -0.000058 0.003891 0.004105 -0.002018 0.002790 0.000707 0.000000 0.000000 0.000000 0.000000 0.000000 0.000000 0.000000 
-0.000204 -0.001357 -0.007413 0.022507 -0.000283 0.002441 0.011162 -0.020562 0.029085 -0.015730 -0.000171 -0.009597 -0.057463 0.018771 0.006514 0.000000 0.086679 0.043868 -0.020535 0.021586 0.030530 0.011370 0.041478 0.025476 0.000000 -0.000978 0.000960 -0.004199 0.000000 0.003891 0.004105 -0.002018 0.002790 0.000707 0.000000 0.000000 0.000000 0.000000 0.000000 0.000000 
-0.007870 0.001263 0.001010 -0.000085 -0.000370 -0.000613 -0.000868 0.001590 -0.000085 0.000718 0.000642 0.001242 0.001062 0.012958 -0.022733 0.017411 0.037374 -0.027201 -0.032743 0.017291 0.012058 -0.005058 0.003652 0.002750 -0.030416 -0.003877 -0.005601 -0.000978 0.000075 -0.001221 0.000000 0.007872 0.004105 -0.002018 0.002790 0.000707 0.000000 0.000000 0.000000 0.000000 
-0.000624 -0.000604 -0.000404 -0.000036 -0.000187 -0.000847 -0.002001 -0.002026 0.000818 -0.001043 0.000027 0.000957 0.000489 -0.007891 -0.045096 0.000428 0.003234 -0.010962 -0.005534 -0.000188 0.008200 -0.010525 -0.002682 -0.009058 -0.038885 -0.032503 -0.006876 0.001341 0.007576 -0.001562 -0.001221 0.002450 0.007872 0.001157 -0.002018 -0.000160 0.000707 0.000000 0.000000 0.000000 
0.008677 0.004783 -0.003707 -0.000815 0.000823 0.001641 -0.000031 0.000244 0.001248 -0.000240 0.000701 0.000303 0.014156 0.039434 -0.012458 -0.032697 0.002727 -0.005822 0.005120 -0.037835 0.010680 -0.007065 0.006075 0.000894 0.043973 -0.019473 -0.004716 0.002124 0.001341 -0.001129 -0.001562 -0.012905 0.002450 0.007872 0.001157 -0.002018 -0.000160 0.000707 0.000000 0.000000 
-0.004163 -0.001777 0.000080 -0.004347 0.000430 -0.000074 -0.001159 0.000138 0.001711 0.002578 0.001984 0.002264 -0.002294 -0.002791 0.035180 0.014919 -0.005761 0.012247 0.017916 0.028585 0.000336 0.008373 0.009902 0.003801 0.033941 0.017747 -0.023790 -0.004716 -0.029038 -0.010378 -0.001129 -0.029569 -0.012905 0.002450 0.000638 0.001157 -0.002018 -0.000160 0.000707 0.000000 
0.035903 0.017428 0.007064 0.000913 0.003786 0.000276 -0.001449 0.000000 0.000056 -0.000805 -0.001203 -0.000167 0.001846 0.002592 -0.016568 0.001647 -0.006893 0.014245 0.015726 0.013649 0.014707 0.003561 0.007359 0.009902 0.011254 0.028273 0.017747 0.036954 0.015722 -0.029038 -0.010378 -0.010867 -0.029569 -0.012905 0.001772 0.000638 0.001157 -0.002018 -0.000160 0.000707 
0.040848 -0.004066 0.002899 0.004515 0.001321 0.000250 0.002615 0.001436 0.001124 0.002015 -0.000024 0.005208 0.014954 -0.006087 -0.002427 0.000969 -0.010775 0.011666 0.008196 -0.008111 0.008034 0.004756 0.043811 0.108083 0.058874 0.026621 0.031173 0.029704 -0.007771 -0.003928 -0.002353 -0.010867 -0.002633 -0.000445 0.001772 0.000638 0.001157 -0.000150 -0.000160 0.000707 
-0.017072 -0.003979 -0.016314 -0.005005 -0.002062 0.007319 0.002684 -0.000463 0.000444 0.000369 0.032836 -0.016205 -0.023510 0.004691 0.012181 -0.010493 0.006650 -0.010745 -0.013304 0.002565 -0.004496 -0.002984 0.004603 0.043811 -0.001585 -0.022619 0.025204 0.005544 0.029704 -0.007771 -0.007645 -0.002489 -0.000102 -0.002633 -0.000445 0.001772 0.000638 0.003260 -0.000150 -0.000160 
0.014369 0.021262 0.020048 -0.004394 -0.001766 0.000691 -0.002703 0.003594 0.002051 0.022947 0.054967 0.016857 -0.027123 -0.006782 0.009272 0.003677 0.002164 -0.020258 -0.026982 0.009260 0.002103 -0.003646 -0.017665 0.013626 -0.006792 -0.044063 0.003907 -0.004779 0.009874 -0.004576 -0.007645 -0.002489 -0.000102 -0.002633 -0.000911 0.002368 -0.002792 0.003260 -0.000150 -0.000160 
-0.001924 -0.008971 -0.008261 0.000000 -0.002375 0.000349 0.002049 -0.005078 -0.001427 0.002707 -0.004558 0.005507 -0.015182 -0.000498 -0.002644 -0.007591 0.007648 -0.000956 0.002032 0.002386 0.000641 0.001975 0.015016 0.040558 0.005942 0.005439 -0.004689 0.017109 0.001920 -0.006754 -0.006462 -0.000885 0.000080 0.000527 -0.000911 0.002368 -0.002792 0.003260 -0.000150 -0.000160 
0.040791 0.009998 0.007480 0.013913 0.003249 0.027129 0.004432 -0.027834 -0.030833 0.030738 -0.034832 0.013659 0.014694 -0.001143 0.009155 0.013904 0.004764 0.001613 0.000272 -0.002002 0.000645 0.000338 0.004419 0.033252 0.025985 -0.043189 -0.011372 -0.018090 -0.008386 0.008015 -0.006462 -0.000885 0.000080 0.000527 -0.000911 0.002368 -0.002792 0.003260 -0.000150 -0.000160 
-0.056629 -0.043741 -0.022635 0.002639 0.012823 -0.030731 -0.000451 -0.009028 0.022730 0.006202 -0.022024 -0.007249 0.000465 -0.003041 -0.018871 0.017459 0.000335 -0.005732 0.000000 0.000644 0.000047 0.000455 -0.002940 -0.011521 -0.015429 -0.043189 -0.011372 -0.018090 -0.008386 0.008015 0.000449 -0.002402 0.000781 0.004556 0.003188 0.002368 -0.002792 0.003260 -0.000150 -0.000160 
-0.032991 -0.012876 0.011768 -0.017906 -0.023633 0.028701 -0.008105 -0.001758 0.003674 -0.001739 0.008680 -0.001230 -0.006390 -0.022014 -0.011017 -0.005460 -0.003242 -0.006755 -0.000045 -0.000132 0.000112 -0.006960 -0.050835 -0.054136 0.026738 -0.044714 -0.003984 0.004559 0.003067 -0.001725 -0.007336 0.000781 0.004556 0.003188 -0.001132 -0.003383 -0.000836 -0.000150 -0.000160 0.000707 
0.007511 -0.005948 -0.022520 0.010057 0.010667 0.018472 -0.002886 0.008471 0.009758 0.003696 0.003354 0.003901 0.030853 0.022086 0.006687 0.011225 0.003490 -0.000848 -0.001275 0.000183 -0.003180 0.007790 -0.017496 -0.093169 0.026738 -0.044714 -0.023481 -0.003902 -0.000864 -0.001725 -0.007336 -0.003790 -0.000084 0.003188 -0.001132 -0.003383 -0.000836 -0.000150 -0.000160 0.000707 
0.014480 0.004493 0.000761 0.005846 0.009785 0.004722 0.031644 0.020664 -0.000841 0.018175 0.037844 0.014433 0.004331 0.000826 -0.001737 0.000732 -0.001198 0.000565 0.003307 0.008352 0.019417 -0.000908 -0.023641 -0.028488 0.001822 -0.000490 0.004016 -0.000864 -0.002289 0.000129 0.000848 -0.000084 0.002010 -0.000173 -0.003383 -0.000836 0.003054 -0.000160 0.000707 0.000000 
0.015515 -0.001443 0.003003 0.045335 -0.018682 -0.001625 0.003939 -0.015841 0.004467 0.008577 0.014582 0.015708 -0.000250 -0.000575 0.000813 -0.000162 0.000358 0.000721 0.000568 0.009171 0.022301 0.005583 0.052150 0.001614 0.000537 0.000940 -0.001688 -0.001945 0.000129 0.000848 0.005612 0.002010 -0.000173 -0.002256 -0.000836 0.003054 -0.000160 0.000707 0.000000 0.000000 
0.023789 0.003323 0.000453 0.021061 -0.006100 0.007704 -0.035642 -0.036005 -0.006776 -0.003869 0.001112 -0.001562 0.000125 0.002744 -0.004135 -0.014294 0.003755 -0.012133 0.019760 0.014031 -0.048814 0.009529 0.009011 -0.005721 -0.007625 -0.000244 0.000300 0.000878 -0.004240 0.005612 0.000905 -0.000173 -0.002256 -0.000836 0.003054 -0.000160 0.000707 0.000000 0.000000 0.000000 
-0.009706 0.003553 0.003338 -0.003487 -0.011157 0.004861 0.012312 0.009343 0.016499 -0.001711 -0.013593 0.010777 0.002016 0.009601 0.006899 -0.031640 -0.060570 -0.075739 0.016507 -0.013132 -0.017652 -0.000879 0.002476 0.000046 -0.002748 0.000300 0.000382 -0.004240 0.000401 0.000905 -0.001697 -0.002256 0.004596 0.003054 -0.000155 0.000707 0.000000 0.000000 0.000000 0.000000 
0.009307 0.000105 0.010984 -0.010583 -0.003367 0.007220 0.000292 0.004131 0.004792 0.011939 -0.003635 0.067105 -0.001014 0.007510 -0.057365 -0.011998 -0.002918 -0.055211 -0.001904 -0.001968 0.003981 -0.003384 0.000046 -0.003264 -0.003745 -0.001395 -0.004623 0.000401 0.002201 -0.001697 -0.002256 0.004596 0.003054 -0.000155 0.000707 0.000000 0.000000 0.000000 0.000000 0.000000 
-0.026497 0.024387 -0.001281 0.002464 -0.008576 -0.013995 0.002749 -0.001343 -0.008146 0.020663 -0.009732 0.016754 0.002515 -0.004671 0.005354 0.013111 0.015442 -0.000453 -0.000484 -0.003588 0.000516 -0.003531 -0.000155 -0.011597 -0.001395 -0.001508 -0.000184 0.002201 -0.001697 -0.001271 0.004596 0.003054 -0.000155 0.000707 0.000000 0.000000 0.000000 0.000000 0.000000 0.000000 
0.002799 -0.002873 -0.002755 0.004430 -0.004779 -0.002817 0.003237 0.000766 0.009910 0.001371 0.022412 0.001985 0.023579 0.014631 0.007166 0.002000 -0.000825 -0.003585 -0.003251 0.003925 0.000757 0.000216 -0.007171 -0.001508 -0.000258 0.001209 -0.002551 -0.001271 0.004596 -0.000723 -0.000155 0.000707 0.000000 0.000000 0.000000 0.000000 0.000000 0.000000 0.000000 0.000000 
-0.002302 0.004940 0.007720 0.003482 0.000355 -0.001059 0.008438 -0.006661 -0.029863 0.036687 -0.005489 0.018678 0.005379 0.003313 -0.000508 0.000582 0.004855 0.006495 0.004772 -0.003016 0.000703 -0.000847 0.000596 -0.000342 0.010233 -0.001325 0.000848 -0.000723 -0.000155 0.000707 0.000000 0.000000 0.000000 0.000000 0.000000 0.000000 0.000000 0.000000 0.000000 0.000000 
0.000707 -0.000155 -0.000723 0.000848 -0.001325 0.010233 -0.000342 0.000596 -0.000023 0.001238 0.005089 0.003121 0.018175 0.001394 -0.000562 0.000496 0.008347 -0.039181 0.018732 0.036032 0.009980 -0.009279 0.020117 0.016218 -0.001922 -0.003099 -0.001104 0.008676 -0.019599 0.022819 0.000000 0.000000 0.000000 0.000000 0.000000 0.000000 0.000000 0.000000 0.000000 0.000000 
0.000707 -0.000155 -0.000723 0.000848 0.002009 0.004577 -0.002275 0.000963 0.002833 0.007431 0.000800 0.000991 -0.000892 0.000808 -0.001012 -0.000885 -0.000036 -0.003032 0.000592 -0.011287 0.004735 -0.006559 0.020992 -0.010703 -0.035477 -0.002569 -0.005710 0.013939 0.001626 0.002953 0.001858 0.011587 0.000000 0.000000 0.000000 0.000000 0.000000 0.000000 0.000000 0.000000 
0.000707 -0.000155 -0.000723 0.000421 0.002009 0.004577 -0.002275 0.001577 -0.000608 0.003496 0.000800 -0.000569 0.001121 -0.001348 -0.000614 0.001271 -0.001571 -0.001148 -0.004721 -0.012090 -0.016941 -0.001113 0.012715 -0.014451 0.031566 -0.016098 -0.020957 -0.050581 0.009542 -0.011529 0.004629 -0.002077 0.001184 0.000000 0.000000 0.000000 0.000000 0.000000 0.000000 0.000000 
0.000707 -0.000155 -0.001467 0.000421 0.002009 0.001394 -0.001240 0.001577 -0.000827 0.000288 -0.000475 -0.000186 0.001688 -0.001622 0.003639 -0.000959 0.002444 0.001265 0.007483 0.001144 -0.002296 -0.008803 -0.008010 -0.005005 0.004687 -0.004303 -0.005978 -0.024632 0.048789 -0.114449 -0.012368 0.049442 0.077468 -0.005481 0.000740 0.000000 0.000000 0.000000 0.000000 0.000000 
0.000707 -0.000155 -0.001467 0.000421 0.000494 0.001394 -0.001469 0.000234 0.001851 0.001003 -0.000026 -0.001897 -0.000803 -0.005210 0.005608 0.000403 0.000118 0.000035 0.002374 -0.000291 -0.007703 0.004124 -0.003658 -0.001892 0.015510 0.036579 0.009204 0.004942 0.015185 -0.001980 -0.006624 0.018249 0.018442 0.024077 0.025244 0.097520 0.000000 0.000000 0.000000 0.000000 
0.000707 -0.000391 -0.001467 -0.002537 0.000494 0.006316 -0.001469 -0.000684 0.001851 -0.000543 -0.000026 0.000462 0.001139 0.000070 0.001090 0.001238 0.000657 0.000309 -0.001443 0.000999 0.001366 0.002486 0.000418 -0.001467 0.005828 0.006079 -0.001436 -0.025808 0.019791 0.001746 -0.037666 0.002815 0.010027 0.003651 0.000000 -0.026274 -0.018170 0.000000 0.000000 0.000000 
0.000707 -0.000391 -0.001467 -0.002537 0.000494 0.006316 0.000419 -0.000684 -0.000069 -0.000543 -0.000312 0.001761 0.000193 -0.001510 -0.000436 0.001836 0.000861 0.001874 0.000279 0.003761 0.003431 0.001524 0.000000 0.010210 0.006853 0.003418 0.006220 0.012324 -0.005933 -0.041701 0.037687 0.007050 -0.003953 -0.013698 -0.018459 -0.017691 0.006040 -0.006616 0.000000 0.000000 
0.000707 -0.000391 -0.001467 -0.002537 -0.000174 0.006316 0.000419 -0.000088 -0.000069 0.000483 0.002068 -0.004249 -0.000538 -0.002311 -0.000083 0.002631 -0.000172 0.002019 0.000086 0.000825 -0.000880 0.000917 -0.002851 -0.002037 -0.003299 0.001101 0.000278 -0.015003 -0.001182 0.006691 0.023463 -0.037995 -0.024721 0.002166 0.001783 -0.007098 -0.023478 0.016974 0.008303 0.000000 
0.000707 -0.000391 -0.001467 -0.002537 -0.000174 0.004786 0.000419 -0.000088 0.000237 0.000930 0.002068 -0.004249 -0.001061 -0.003467 -0.000083 0.000612 -0.000343 0.000128 0.001297 0.001102 0.001673 0.002753 -0.002617 -0.000958 0.013369 0.043810 -0.049473 -0.001969 0.021548 -0.025316 0.012636 0.006553 -0.001544 -0.013962 0.001810 -0.007652 0.005654 -0.005528 0.000675 -0.009064 
0.000707 -0.000391 -0.001054 -0.002537 -0.000174 0.004786 0.001569 0.000719 0.000237 0.000930 -0.000308 -0.003014 -0.000059 -0.003467 -0.000835 0.000822 0.004643 -0.001082 0.000439 -0.000065 -0.000292 0.000479 -0.005277 -0.011209 0.014552 0.016148 0.057197 0.002288 0.020775 -0.015122 0.001144 0.004186 -0.000300 -0.003180 -0.013373 -0.027898 0.016970 -0.010289 -0.004577 0.007542 
0.000707 -0.000391 -0.001054 -0.000190 -0.000174 0.004786 0.001569 0.000719 0.003443 0.003344 -0.000288 -0.001109 -0.000059 -0.001781 -0.001994 0.000867 0.002488 0.002745 0.003958 -0.000404 -0.002798 0.000478 -0.002679 0.016442 0.041327 -0.006762 0.002814 0.002780 0.003616 -0.000891 0.006949 0.000726 -0.000810 0.002691 -0.003658 0.001494 0.000877 0.004350 0.003246 0.000284 
0.000707 -0.000391 -0.001054 -0.000190 0.000333 0.001010 -0.001036 0.000719 0.003443 0.003344 -0.000288 -0.001109 0.003347 -0.000462 0.001535 0.000749 -0.000983 0.001792 0.000841 -0.001268 -0.000690 0.000547 -0.005021 0.020136 0.010502 -0.003077 -0.005090 0.000535 0.004025 -0.002717 -0.002992 -0.001513 -0.020440 0.014583 0.006511 -0.002651 0.011783 0.025404 -0.022577 -0.030762 
0.000707 -0.000391 -0.001054 -0.000190 0.000333 0.001010 -0.001036 0.000588 0.001802 0.004997 0.001766 0.002415 0.002008 0.000020 -0.000970 0.003278 -0.000219 -0.000885 0.003390 0.001830 -0.001764 0.001684 0.024355 -0.004599 0.006277 -0.000459 -0.014269 -0.009087 -0.016311 -0.028989 0.005013 0.027173 0.047721 0.008057 -0.005359 -0.009717 0.033449 0.035552 -0.018061 -0.011246 
