-0.003460 0.001360 -0.000168 -0.000077 -0.001661 0.000471 0.000905 -0.001427 -0.001969 0.001106 -0.002218 0.002665 -0.002053 0.000143 0.001339 -0.000572 0.000353 0.000596 -0.002374 0.000081 -0.000876 0.003905 0.020709 -0.020480 0.028724 0.001456 0.028719 0.040881 0.000804 0.019916 0.006763 0.102275 -0.044914 -0.018127 -0.007689 -0.012814 0.003752 -0.004607 -0.005696 -0.005113 
-0.003460 0.001360 -0.000168 -0.000077 -0.001661 0.000471 0.000905 0.002552 0.002601 0.004614 0.000509 -0.000432 0.000645 0.000807 0.000255 -0.002259 0.000583 -0.002934 -0.000969 0.000020 0.000797 -0.000917 0.007335 0.064348 -0.018411 0.065540 0.102872 0.017685 0.020867 -0.027326 -0.040244 -0.004700 0.022660 0.032531 0.027015 0.048217 0.002603 -0.069596 -0.053921 -0.027281 
-0.003460 0.001360 -0.000168 -0.000077 -0.003183 -0.001559 -0.000709 0.002552 0.002601 0.004614 0.000509 -0.000432 -0.002476 0.000119 0.000767 -0.001134 -0.000752 0.002172 0.001314 0.000907 -0.019206 -0.000387 0.047975 0.039655 0.021595 0.041894 0.022916 0.001068 0.034935 -0.006035 -0.008984 -0.005390 -0.005523 0.011075 0.144876 0.063240 -0.040159 0.008446 -0.005540 0.002236 
-0.003460 0.001360 -0.000168 -0.001239 -0.003183 -0.001559 -0.000709 0.002552 -0.001888 0.001951 0.000000 -0.001664 -0.002476 0.003711 0.009307 -0.002218 -0.007704 0.000803 0.005899 -0.078020 0.005410 -0.023320 -0.014754 0.030864 -0.015200 0.021347 0.001801 -0.001322 0.001159 -0.000950 -0.009983 0.001175 -0.008516 -0.000939 -0.021520 0.000500 0.002353 0.011553 -0.023666 0.026936 
-0.003460 0.001360 -0.001085 -0.001239 -0.003183 -0.001559 0.003243 -0.002317 -0.001888 0.001951 -0.003921 -0.000043 -0.000355 0.003711 0.000715 0.002385 -0.002593 -0.001552 0.057802 -0.069284 0.051730 0.020848 -0.000954 0.003370 -0.008901 0.018672 -0.000513 0.002805 -0.008092 -0.000593 -0.001659 -0.001096 -0.014906 -0.000360 0.018839 -0.033059 0.000560 0.034748 -0.010183 0.038718 
-0.003460 0.001360 -0.001085 -0.001239 -0.003183 0.001162 0.003243 -0.002317 -0.001542 -0.002981 -0.003921 -0.000043 0.002336 -0.004933 0.000715 0.023575 -0.038992 0.008077 0.055045 -0.028918 0.069484 0.023540 0.012554 -0.003407 0.000728 -0.001473 0.000635 0.003278 0.000924 -0.001915 0.003263 -0.023358 -0.014226 -0.003193 -0.007519 0.004067 0.004112 0.005474 -0.089336 0.000000 
-0.003460 0.001360 -0.001085 -0.001239 -0.000248 0.001162 0.003243 -0.001160 -0.001542 -0.000434 -0.000290 0.002843 -0.010436 -0.012121 0.073812 -0.007448 -0.043996 0.002263 0.075932 0.042117 -0.026622 0.006069 0.000189 0.014654 0.004228 0.001916 0.023705 0.043032 0.000860 -0.004225 -0.031100 0.002673 0.001978 -0.002486 0.004152 0.009034 -0.010848 0.012478 0.000000 0.000000 
-0.003460 0.001360 -0.001085 -0.001239 -0.000248 0.001162 0.002227 -0.001160 0.000763 -0.000434 -0.005434 -0.001544 -0.042371 0.041053 -0.005706 -0.091755 -0.004376 -0.002299 0.008831 0.022402 -0.012352 0.000497 -0.002129 0.006861 -0.002853 -0.004910 0.002554 -0.029165 -0.034578 0.019992 -0.015546 -0.014059 0.007058 0.025250 0.005129 -0.002237 -0.004463 0.000000 0.000000 0.000000 
-0.003460 -0.000308 -0.001085 -0.001329 -0.000248 -0.002513 0.002227 -0.000861 0.000763 -0.002897 -0.005434 -0.023233 -0.045813 0.064433 0.046259 0.005735 0.021711 -0.018861 0.003613 0.010591 0.006892 -0.008783 -0.008652 0.001801 -0.002456 0.014609 0.014533 0.000991 0.007863 -0.008663 -0.004738 0.005750 0.014071 0.020752 0.002777 -0.016198 0.000000 0.000000 0.000000 0.000000 
-0.003460 -0.000308 -0.001085 -0.001329 -0.000197 -0.002513 0.000551 0.000493 -0.002010 -0.002592 -0.000155 -0.019099 -0.023073 -0.007158 0.048592 0.003644 0.006622 -0.005622 0.014812 0.009186 -0.048426 -0.024298 0.032302 -0.034945 0.044100 -0.009358 0.012160 0.003211 0.006322 0.011088 0.001520 -0.015099 0.000000 -0.000591 -0.003367 0.000000 0.000000 0.000000 0.000000 0.000000 
-0.003460 -0.000308 -0.002781 -0.001329 -0.000197 -0.001201 -0.001077 0.000493 -0.003310 0.000393 0.010686 0.012597 0.011363 0.018879 0.013176 -0.023329 0.006647 -0.031137 -0.010704 -0.024891 0.012002 0.000510 -0.002798 -0.031924 -0.022178 -0.035879 -0.032789 0.003685 -0.016072 0.030908 0.011732 0.021965 0.044034 0.000000 0.000000 0.000000 0.000000 0.000000 0.000000 0.000000 
-0.003460 -0.000308 -0.002781 -0.001252 -0.000197 -0.001201 -0.001077 -0.001416 0.001017 -0.005262 0.010686 0.021375 0.015324 -0.014722 0.007651 0.034154 0.005294 -0.042974 -0.025904 0.039694 -0.003436 0.010041 0.004813 0.024092 -0.011929 0.000678 -0.016078 0.008568 -0.006740 0.027750 -0.011447 -0.019382 0.000000 0.000000 0.000000 0.000000 0.000000 0.000000 0.000000 0.000000 
-0.003460 -0.000308 -0.002781 -0.001252 0.001717 0.001851 -0.001018 -0.004226 0.002759 -0.003173 -0.021102 0.031271 -0.009476 -0.014391 0.008068 0.049453 0.029851 0.016582 -0.013061 -0.041124 0.007173 -0.002479 0.026000 -0.010481 -0.004241 0.000248 -0.011456 0.030606 0.033782 0.007741 0.000000 0.000000 0.000000 0.000000 0.000000 0.000000 0.000000 0.000000 0.000000 0.000000 
-0.003460 -0.000308 -0.002781 -0.001252 0.001717 0.001851 -0.001018 -0.004226 -0.012337 -0.021456 -0.009251 0.026906 -0.004221 0.003812 -0.005702 0.009610 0.151575 0.030204 -0.007131 -0.019742 0.025140 -0.007623 -0.004230 -0.004657 0.005788 0.009957 0.045730 0.002839 -0.005514 -0.000934 0.000000 0.000000 0.000000 0.000000 0.000000 0.000000 0.000000 0.000000 0.000000 0.000000 
-0.003460 -0.000308 -0.002781 -0.000552 -0.003127 -0.001648 0.003931 -0.005488 -0.003576 -0.029748 -0.020236 -0.013961 -0.002220 -0.032571 -0.010763 -0.063434 -0.006891 -0.015410 0.009218 0.036050 0.002471 0.026445 0.008913 0.004881 -0.011655 0.032480 -0.079604 -0.001374 0.000427 0.011400 0.029740 0.041843 0.000000 0.000000 0.000000 0.000000 0.000000 0.000000 0.000000 0.000000 
-0.003460 -0.000308 -0.000693 -0.000552 -0.003127 -0.001718 -0.000961 -0.006204 -0.003576 -0.028324 -0.020265 -0.017736 0.007749 -0.019151 -0.003835 -0.001972 -0.040137 -0.083526 0.013549 0.010239 -0.008444 -0.011534 -0.002208 0.000779 -0.007439 -0.012565 -0.000770 0.031172 -0.017427 0.001732 0.022650 -0.015578 -0.017252 0.004790 0.000000 0.000000 0.000000 0.000000 0.000000 0.000000 
-0.003460 -0.000308 -0.000693 -0.000552 -0.000092 -0.001718 -0.000961 -0.000479 -0.002637 -0.028324 -0.009673 0.024376 -0.009943 0.062247 -0.039235 0.000000 -0.010325 -0.006504 0.007384 0.025127 0.017397 0.008666 0.018054 -0.021087 -0.021446 0.025325 0.001762 -0.024097 -0.008564 -0.004806 0.015592 -0.004511 -0.032372 -0.001787 0.001513 0.000000 0.000000 0.000000 0.000000 0.000000 
-0.003460 -0.000308 -0.000693 -0.000552 -0.000092 -0.001718 -0.003610 -0.000479 -0.000555 0.001203 0.047662 0.001413 -0.009943 -0.023210 0.059079 0.016345 0.012152 0.003110 0.017162 0.012201 -0.015811 -0.000728 -0.013922 -0.016167 0.001805 0.018321 0.018968 -0.012071 0.005123 -0.001788 0.011622 -0.003322 -0.004481 -0.013216 -0.007095 0.004932 0.000000 0.000000 0.000000 0.000000 
-0.003460 -0.001396 -0.000693 -0.001833 -0.000092 -0.000711 -0.003610 0.000082 -0.000555 0.000613 0.047662 -0.002744 -0.002157 0.020569 0.019022 -0.002581 -0.025403 -0.012268 -0.018600 -0.046807 -0.041481 0.047810 0.107786 -0.016906 -0.002619 0.003988 0.008153 -0.002657 0.001876 -0.004161 -0.018878 0.015857 0.000322 0.003871 -0.020606 -0.000115 -0.041916 0.000000 0.000000 0.000000 
-0.003460 -0.001396 -0.000693 -0.001833 -0.000092 -0.000711 -0.002167 0.000082 -0.015172 -0.003530 -0.012987 -0.064511 -0.029304 0.009778 0.003047 -0.006517 -0.037229 -0.027141 -0.005632 0.012246 -0.001804 -0.014367 -0.000751 0.006788 0.000215 -0.011277 0.015396 0.008709 -0.002985 -0.003881 -0.016219 0.059239 0.028035 -0.047122 -0.000322 0.002850 0.002660 -0.014470 0.000000 0.000000 
-0.003460 -0.001396 -0.000693 -0.001833 -0.003440 -0.000711 -0.002167 0.001942 -0.015172 -0.003530 0.000571 -0.003472 -0.005309 0.013598 0.004253 0.025492 0.019372 -0.027728 0.002782 -0.000685 0.014166 -0.003118 -0.016624 0.019556 0.023543 0.042408 0.031872 0.006301 -0.005866 0.006337 0.021679 0.011853 -0.002918 0.013235 -0.007275 -0.011635 0.001286 0.000841 -0.013318 0.000000 
-0.003460 -0.001396 -0.001555 -0.001833 -0.003440 -0.002471 0.000637 0.001942 0.008170 -0.003365 0.005782 -0.003472 0.002477 0.009858 0.002105 -0.011145 -0.015369 -0.028461 -0.030966 0.002039 -0.048396 -0.013806 -0.019898 0.017380 0.022287 0.029727 -0.014520 -0.031559 -0.007831 -0.002199 0.026382 -0.036219 -0.025835 -0.020219 0.003903 0.006162 -0.000753 0.019899 0.014817 -0.020154 
-0.003460 -0.001396 -0.001555 -0.001833 -0.003440 -0.002471 0.000637 0.002530 -0.002616 -0.003365 0.005782 0.012336 -0.003345 0.003103 0.002105 -0.011145 -0.014113 -0.093846 -0.113509 0.025290 0.004501 0.058087 0.033598 0.011164 0.000867 0.006812 -0.029807 -0.002121 -0.005551 0.007726 -0.012360 -0.043958 0.000497 0.007924 0.019878 -0.026633 -0.011736 0.019937 -0.027587 0.091757 
-0.003460 -0.001396 -0.001555 -0.004295 -0.000323 -0.002471 0.000637 0.002530 -0.002616 -0.004769 -0.000847 -0.002865 -0.024053 -0.023679 0.000527 -0.008682 -0.003746 0.031890 -0.022329 -0.058836 0.005012 0.005896 0.034612 0.010480 -0.003878 0.007820 0.003931 -0.033288 -0.012295 -0.005251 0.004689 0.000876 0.054579 0.154945 0.121740 0.023921 -0.003771 -0.003416 -0.005607 -0.009206 
-0.003460 -0.001396 -0.001555 -0.004295 -0.000323 0.000833 0.000232 0.003631 -0.004313 -0.002551 -0.000847 -0.002865 -0.024053 -0.023679 0.000527 0.001583 -0.042349 -0.040859 -0.029340 -0.007324 -0.006886 -0.002143 0.000632 -0.006375 0.049801 -0.021251 -0.058948 -0.022778 -0.016940 -0.007929 -0.000727 0.012709 0.017793 -0.013002 0.010489 0.006470 0.004013 0.057842 0.105676 0.011454 
-0.003460 -0.001396 -0.001555 -0.004295 -0.000323 0.000833 0.000232 0.003631 -0.004313 -0.002551 -0.002561 0.004173 0.010467 0.003838 -0.043112 -0.105388 -0.015961 -0.025340 -0.023431 -0.008727 0.031385 0.045843 0.002144 -0.008573 -0.013761 -0.060581 -0.025645 0.026206 0.033487 0.011764 0.020472 0.005480 -0.003069 -0.012599 0.004532 0.001340 -0.002117 0.026971 0.038908 -0.015679 
-0.003460 -0.001396 -0.001555 -0.004295 -0.000323 0.000833 0.000232 0.002500 0.000110 -0.000557 0.000247 -0.000716 0.008292 0.008103 -0.030529 -0.007031 -0.052576 -0.042398 0.050519 0.039590 0.007363 0.027045 0.098549 -0.027644 -0.008051 0.032430 0.007969 0.027231 0.000927 -0.015590 0.038223 0.008940 0.005583 -0.000688 -0.009486 -0.006901 0.001074 -0.002432 0.028660 -0.018704 
-0.003460 -0.001396 -0.001555 -0.004295 -0.001555 -0.001735 -0.001414 0.002500 0.000110 -0.000557 -0.005721 -0.002914 -0.004624 -0.013785 -0.001965 0.020500 0.041881 0.001250 0.004320 -0.009015 -0.006023 0.002410 0.006453 0.018284 -0.031462 -0.065901 -0.007331 -0.000375 -0.001514 -0.010052 0.003206 -0.006164 0.001106 0.032590 0.021658 -0.013665 -0.016614 0.002413 -0.010285 0.024100 
-0.003460 -0.001396 -0.001555 -0.000212 -0.001555 -0.001735 -0.001414 0.002500 -0.001336 -0.002037 -0.005721 -0.002914 -0.004624 0.015085 0.003405 0.043813 0.053917 0.001250 0.001371 0.002804 -0.007094 -0.023678 -0.008855 -0.043488 -0.022055 -0.032451 -0.048997 0.002310 0.017789 0.011421 0.002590 0.030020 0.003983 0.001016 0.016088 -0.002177 -0.006998 0.008428 0.014726 0.070201 
-0.003460 -0.001396 -0.000454 -0.000212 -0.001555 -0.001735 0.002572 0.001752 -0.001336 -0.001549 -0.010133 -0.028258 -0.017535 -0.005662 -0.007436 0.014429 -0.002640 0.031917 0.007769 -0.015922 0.012822 0.026148 0.019120 -0.011333 0.013886 0.011104 0.001282 0.041088 -0.005254 0.000975 -0.015340 -0.026214 -0.035942 -0.007508 0.008123 0.002023 -0.015119 -0.009210 -0.014696 -0.332174 
-0.003460 -0.001396 -0.000454 -0.000212 -0.001555 -0.001380 0.002572 0.001752 0.002076 -0.001549 -0.010133 -0.001801 -0.005149 -0.005662 -0.015928 0.001557 -0.002640 -0.018972 -0.002751 0.002277 0.001595 0.002631 -0.001878 0.000277 0.014014 -0.003323 0.019798 0.019827 -0.032464 0.004443 -0.024763 -0.058886 -0.021443 0.002222 0.002848 0.006010 0.012087 -0.002400 -0.009733 0.000000 
-0.003460 -0.001396 -0.000454 -0.000212 0.000423 -0.001380 0.002572 0.005795 0.002076 -0.001319 -0.001356 -0.001801 -0.000488 -0.000946 -0.004208 -0.014492 -0.015728 -0.060873 -0.020034 -0.006093 0.006778 0.006683 -0.013912 -0.017773 0.016295 -0.007699 0.002871 0.014811 -0.003589 -0.077041 -0.034249 0.009340 -0.000590 -0.026220 -0.013309 -0.010532 0.007962 0.003698 0.000000 0.000000 
-0.003460 0.001205 -0.000454 -0.000215 0.000423 0.000889 -0.001683 -0.005568 -0.000734 0.004437 -0.001207 -0.002215 -0.003298 -0.001208 0.006030 0.005513 -0.001855 -0.002974 -0.000725 0.001325 -0.006989 0.009242 0.021783 -0.008185 0.000021 -0.001209 0.001982 -0.012604 -0.017122 -0.010481 -0.014219 0.031761 0.007321 0.001614 0.010371 0.042289 0.001336 0.000000 0.000000 0.000000 
-0.003460 0.001205 -0.000454 -0.000215 0.000423 0.000889 -0.001683 -0.005568 0.000481 0.004437 -0.004109 -0.002215 -0.002881 -0.001208 -0.003569 0.018053 0.006398 0.002140 0.013985 -0.004747 -0.013371 -0.009808 -0.018242 -0.000961 -0.003682 -0.002861 0.005520 0.003315 -0.014401 0.006942 0.037280 0.000715 -0.021337 0.027717 0.001948 0.003487 0.000000 0.000000 0.000000 0.000000 
-0.003460 0.001205 -0.000454 -0.000215 0.001989 0.000889 -0.006107 0.000956 0.000481 -0.002308 0.001647 0.004838 -0.002320 -0.001588 0.002392 0.008215 0.001546 -0.025622 -0.001779 -0.011560 -0.028308 -0.025639 0.010070 0.015821 -0.019023 0.009033 -0.012345 0.005787 -0.029486 -0.027284 0.005243 0.020887 0.062663 -0.005817 0.000000 0.000000 0.000000 0.000000 0.000000 0.000000 
-0.003460 0.001205 0.000019 -0.000215 0.001989 -0.001423 -0.001590 0.000956 -0.000631 -0.003651 0.000055 -0.000580 -0.000436 0.003614 0.001309 -0.000567 0.001110 -0.032725 -0.055118 -0.007504 0.018557 0.013409 -0.013551 0.005759 0.011072 0.033648 -0.010068 0.034684 -0.017476 0.021103 -0.005401 0.001334 -0.022454 0.000000 0.000000 0.000000 0.000000 0.000000 0.000000 0.000000 
-0.003460 0.001205 0.000019 0.001054 0.001989 -0.001423 -0.001590 -0.001570 -0.001515 -0.000677 0.000661 -0.002744 0.002808 0.000965 -0.053741 -0.000402 -0.000295 -0.004354 0.004973 0.036146 -0.012961 0.013121 0.003428 -0.000114 -0.021421 -0.015363 0.018544 0.020817 -0.006219 -0.007149 -0.001637 0.000000 0.000000 0.000000 0.000000 0.000000 0.000000 0.000000 0.000000 0.000000 
-0.003460 0.001205 0.000019 0.001054 -0.000553 -0.004401 -0.000254 -0.000362 -0.001148 -0.001863 -0.019189 0.003321 0.000499 -0.005834 -0.000584 -0.001658 -0.005080 -0.003915 0.014958 0.004377 0.032336 0.060908 0.052939 0.020659 0.004141 0.005212 0.007290 0.006144 0.011412 0.001212 0.000000 0.000000 0.000000 0.000000 0.000000 0.000000 0.000000 0.000000 0.000000 0.000000 
0.003600 0.012426 0.008922 -0.022834 0.003877 -0.019035 -0.003264 -0.017158 0.008765 0.001362 0.018421 -0.006405 -0.006170 0.010074 -0.000243 0.009361 -0.001940 0.000665 0.000297 0.001787 -0.001804 -0.001386 -0.000074 -0.000645 0.001644 -0.001917 -0.000553 0.001054 0.000019 0.001205 -0.003460 0.000000 0.000000 0.000000 0.000000 0.000000 0.000000 0.000000 0.000000 0.000000 
0.007174 -0.012566 -0.004451 -0.016248 -0.024784 -0.039823 -0.014387 -0.001386 -0.012562 0.000891 0.015075 -0.026100 0.010249 0.020947 0.000780 0.001276 0.004956 -0.001183 -0.001785 -0.001697 -0.001304 0.000673 -0.000992 -0.000053 -0.000645 0.001644 -0.001917 -0.001260 0.000065 0.000019 0.001205 -0.003460 0.000000 0.000000 0.000000 0.000000 0.000000 0.000000 0.000000 0.000000 
0.000510 0.015803 -0.008659 -0.004725 -0.012461 -0.000864 -0.005987 0.020521 0.039932 -0.046280 -0.023530 -0.005094 -0.024542 0.008766 -0.010052 -0.010141 0.002352 0.002169 0.000467 -0.000418 -0.004071 0.001365 -0.002546 0.001762 -0.002198 -0.000053 0.004186 0.002509 0.000992 -0.001260 0.000065 0.000492 0.001205 -0.003460 0.000000 0.000000 0.000000 0.000000 0.000000 0.000000 
-0.012839 -0.004093 0.078143 0.002400 0.004804 0.028413 -0.036020 0.010207 0.008319 -0.000952 -0.004936 0.005832 0.006855 0.012442 -0.004243 0.005375 0.016835 -0.000950 0.001295 0.000149 -0.000978 -0.002824 0.003771 0.000415 -0.001977 -0.002198 -0.000838 0.010908 0.002509 0.000992 -0.000934 0.000065 0.000492 0.001205 -0.003460 0.000000 0.000000 0.000000 0.000000 0.000000 
0.010283 -0.000393 0.012691 -0.000173 -0.002112 -0.006049 0.010247 0.001363 -0.016394 -0.028902 -0.010816 0.020582 0.017904 0.020407 -0.006429 -0.006778 0.009431 0.000907 0.000590 0.002705 -0.000141 -0.000723 0.002635 -0.000245 0.002502 0.000858 0.000968 -0.000347 -0.000302 0.004255 -0.000375 -0.003958 -0.000934 0.001224 0.000492 0.000240 -0.003460 0.000000 0.000000 0.000000 
0.038010 -0.015035 -0.004090 -0.008172 0.045746 0.012535 0.037029 0.000272 -0.008681 -0.007791 -0.097381 0.003407 0.045427 -0.028955 0.005243 -0.010452 -0.002857 -0.000706 0.000071 0.001501 -0.000179 -0.000763 -0.002095 0.000307 -0.000245 0.000029 0.000858 0.001976 -0.000347 0.000369 0.004255 -0.000375 -0.003958 -0.000934 0.001224 0.000492 0.000240 -0.003460 0.000000 0.000000 
-0.031130 0.001145 0.045580 0.011720 0.066244 -0.002900 0.012573 -0.012724 0.038866 -0.004474 0.009465 0.013592 0.002118 0.004300 -0.002525 0.007818 0.081003 -0.001665 -0.001377 0.001102 -0.001046 0.001426 -0.001945 -0.002095 0.000807 -0.001255 0.000257 0.000638 0.001976 0.001551 0.000369 0.004255 -0.002428 -0.003958 -0.001334 0.001224 0.000492 0.000240 -0.003460 0.000000 
0.013134 -0.030555 -0.026934 -0.011432 -0.003338 0.004090 0.047893 -0.000259 0.007360 -0.007056 0.002170 0.001684 -0.013236 0.011721 -0.010325 0.020817 0.004074 -0.000872 -0.001793 -0.000567 0.000836 0.000639 0.000266 0.000198 0.000508 -0.001038 -0.002918 -0.000071 0.002960 0.001551 -0.000471 0.003221 -0.002428 -0.007820 -0.001334 0.001224 0.000492 0.000240 -0.003460 0.000000 
-0.015831 0.005039 0.006311 0.002674 -0.001147 0.001407 0.000892 -0.002405 -0.002556 0.001664 -0.003763 -0.001540 0.001414 -0.020987 -0.007284 0.001894 -0.015290 -0.002802 -0.000092 -0.004336 -0.001778 0.000097 0.001302 0.000189 -0.001316 -0.000563 -0.002271 -0.002918 -0.000071 0.001791 -0.001539 -0.000471 0.003221 -0.003061 -0.007820 -0.001334 0.001224 -0.001131 0.000240 -0.003460 
-0.000618 -0.002216 0.003849 -0.001772 -0.000903 -0.002290 -0.000756 -0.000038 -0.001971 0.000741 0.004703 0.002409 -0.011369 0.014132 0.014661 0.004165 0.004446 0.001346 -0.001567 0.003531 -0.000962 -0.000481 -0.004634 -0.001944 -0.002065 0.001504 -0.001299 -0.001107 -0.000482 0.001791 -0.001728 -0.000236 -0.000454 -0.003061 -0.007820 -0.001334 0.000535 -0.001131 0.000240 -0.003460 
0.006407 0.006439 -0.002351 -0.004540 -0.003805 -0.006362 -0.031831 -0.020300 -0.003019 -0.003243 -0.002618 0.014711 0.011166 0.025945 0.000000 0.013362 0.001814 -0.001610 -0.001090 -0.001496 -0.001256 -0.005293 0.002419 -0.001341 -0.001944 -0.001515 -0.001611 -0.000439 -0.000176 -0.001777 0.000679 -0.001728 -0.000236 -0.000454 -0.003061 -0.001073 -0.001009 0.000535 -0.001131 0.000240 
0.009857 -0.013736 -0.050733 -0.014442 0.028112 0.028133 -0.036768 0.037395 0.064303 0.003180 0.000808 -0.024239 0.019328 0.000641 -0.001772 0.002355 -0.009299 0.022458 0.008563 -0.005437 0.002946 -0.011153 -0.002304 0.001938 0.001355 -0.002287 -0.003137 -0.000671 -0.000471 0.000000 0.001191 -0.000189 0.000483 -0.027537 -0.002533 -0.001073 -0.001009 0.000535 -0.001131 0.000240 
-0.008455 0.007343 -0.012791 0.005620 -0.002137 0.008978 -0.003814 0.001937 -0.001555 0.031483 0.011484 0.017644 -0.006411 0.015639 0.004637 -0.002228 -0.002466 -0.032775 0.000869 0.016215 0.002946 -0.011153 -0.002304 0.001938 0.001355 -0.002287 -0.003137 -0.000671 -0.000471 0.000000 0.001191 -0.000189 0.000483 -0.027537 -0.002533 -0.001073 -0.001009 0.000535 -0.001131 0.000240 
0.026342 0.009902 -0.019591 0.006327 -0.002110 -0.006723 -0.003422 -0.001361 -0.038068 -0.001505 0.053730 0.008333 -0.049822 -0.022627 -0.004524 0.016815 0.020242 0.025184 -0.041513 -0.005856 0.006667 0.000865 -0.000467 -0.000295 0.006239 -0.001654 0.001403 0.003396 -0.001022 0.002584 0.003784 -0.003688 -0.000555 -0.016660 0.000666 -0.001073 -0.001009 0.000535 -0.001131 0.000240 
0.000591 0.089952 -0.051072 0.025281 0.003861 0.006324 0.067872 -0.091121 0.034052 -0.007887 -0.011301 0.029177 -0.031645 -0.020848 -0.001150 0.005555 -0.012129 0.011973 -0.053983 0.005453 -0.018122 -0.002321 0.000414 0.006239 -0.004143 -0.002220 0.000787 -0.004826 0.001030 0.001967 -0.003688 -0.000555 -0.016660 0.000666 0.000443 0.002449 0.000535 -0.001131 0.000240 -0.003460 
0.002832 0.081137 0.011671 -0.005608 -0.011531 0.048158 0.008738 -0.007660 -0.032585 0.020737 0.008039 0.007380 -0.011964 -0.057694 0.033966 -0.005660 -0.018476 0.007889 0.037621 0.019181 -0.026112 0.039678 0.014504 0.002878 0.000338 -0.003399 -0.006977 -0.008523 -0.009545 0.001967 -0.000575 0.000614 -0.001482 0.000666 0.000443 0.002449 0.002479 -0.001131 0.000240 -0.003460 
0.008192 -0.000338 -0.038364 0.001780 0.007228 0.004604 0.012491 -0.016196 0.040996 -0.004757 0.031319 -0.011067 -0.022200 0.018939 -0.010065 0.001777 -0.013207 -0.000541 -0.021753 -0.004347 0.063955 0.008773 0.008447 0.003938 0.001013 -0.015370 -0.008523 -0.009545 -0.000880 -0.003151 0.000614 -0.001482 0.001664 0.000443 0.002449 0.002479 -0.001552 0.000240 -0.003460 0.000000 
-0.004807 0.005017 -0.003821 0.004881 -0.000529 0.002238 -0.004476 0.009214 -0.017717 0.006516 -0.004924 -0.009681 -0.015616 -0.066079 0.019536 -0.042100 -0.007470 -0.000613 -0.003076 -0.002317 -0.016394 -0.005839 0.003706 -0.009474 0.002842 0.003458 0.000455 -0.006655 -0.004107 -0.003151 -0.001478 -0.001783 0.001664 -0.002171 0.002449 0.002479 -0.001552 0.000240 -0.003460 0.000000 
-0.000694 -0.004311 -0.001700 0.001092 0.000748 -0.006058 0.001826 -0.008871 0.034240 -0.012450 -0.001479 -0.006230 -0.031187 -0.009811 -0.045983 -0.036492 -0.002470 0.003923 -0.005468 -0.022533 -0.046290 -0.001843 -0.009474 -0.000507 -0.003472 -0.002737 0.004606 -0.004107 -0.005783 -0.001478 -0.001783 0.000817 -0.002171 -0.000902 0.002479 -0.001552 0.000240 -0.003460 0.000000 0.000000 
-0.001459 -0.001071 0.002925 0.001067 0.003788 -0.000061 0.000061 0.012382 -0.002924 0.016118 0.006106 -0.015081 -0.003204 -0.005452 0.011343 -0.013590 -0.005818 -0.015182 0.010744 -0.055403 0.016135 0.006368 0.007769 -0.003472 -0.009546 0.004606 -0.004188 -0.005783 -0.001562 -0.001783 0.000817 -0.002171 -0.000902 0.002479 -0.001552 0.000240 -0.003460 0.000000 0.000000 0.000000 
-0.003881 0.000307 0.003788 0.002459 -0.000382 -0.000868 0.000716 -0.002143 -0.005274 -0.011329 0.007746 0.007400 -0.003688 0.000219 -0.012204 -0.027466 0.100255 -0.011756 -0.003664 -0.110037 0.011880 -0.003796 -0.001676 0.012032 -0.002281 -0.002234 -0.001927 0.000897 -0.001143 -0.004059 -0.000902 0.002341 -0.001552 -0.003531 -0.003460 0.000000 0.000000 0.000000 0.000000 0.000000 
0.024494 0.014408 -0.013613 0.004153 -0.003171 -0.000722 -0.013617 -0.004131 0.011886 -0.006331 -0.030698 -0.014654 -0.019800 -0.023113 0.003828 -0.006865 0.031100 -0.001240 -0.001842 -0.015037 -0.006246 -0.002800 -0.001425 -0.003454 -0.002234 0.003425 -0.001067 -0.001143 -0.004059 -0.002539 0.002341 -0.001552 -0.003531 -0.003460 0.000000 0.000000 0.000000 0.000000 0.000000 0.000000 
0.021065 0.015030 -0.034330 -0.013474 0.007357 0.002046 -0.017712 0.009346 0.014627 0.009094 -0.011035 -0.001077 -0.057253 -0.000288 -0.001042 -0.014734 -0.032325 -0.040075 -0.021147 -0.001947 -0.000502 0.006557 -0.005307 0.003425 -0.004939 0.000296 -0.000611 -0.002539 0.002341 0.000878 -0.003531 -0.003460 0.000000 0.000000 0.000000 0.000000 0.000000 0.000000 0.000000 0.000000 
0.018368 -0.000236 -0.020257 0.011591 -0.013815 0.008022 -0.047919 -0.047829 0.005704 -0.024649 -0.001817 0.029679 0.001560 0.003341 -0.004893 -0.010038 0.005586 0.001467 0.006240 -0.024589 0.038498 -0.005716 -0.002161 -0.004939 0.000296 -0.000611 0.001195 0.001600 0.000878 -0.003531 -0.003460 0.000000 0.000000 0.000000 0.000000 0.000000 0.000000 0.000000 0.000000 0.000000 
0.015320 -0.049913 0.009928 -0.009298 -0.013794 -0.005981 0.009451 0.001561 0.006911 0.018197 0.034728 0.004162 0.012682 0.000807 -0.041390 -0.019839 0.004795 0.000472 -0.009318 0.111984 0.034504 -0.001714 0.000308 -0.009551 -0.006493 0.001195 0.001600 0.000878 -0.003531 -0.003460 0.000000 0.000000 0.000000 0.000000 0.000000 0.000000 0.000000 0.000000 0.000000 0.000000 
0.047048 -0.031554 0.016712 0.004039 0.026836 -0.001267 -0.007011 0.018382 -0.002278 -0.024003 0.014946 -0.021626 -0.003233 0.002382 -0.038280 0.004610 -0.047785 0.001026 0.007746 0.061116 -0.011806 -0.025426 -0.003681 0.001170 -0.003274 0.000183 -0.000349 0.001600 0.000878 -0.003531 -0.003460 0.000000 0.000000 0.000000 0.000000 0.000000 0.000000 0.000000 0.000000 0.000000 
0.007147 -0.001307 -0.031425 -0.033305 -0.000803 0.011037 -0.008667 -0.007663 -0.004012 0.010349 0.006149 0.016051 0.010573 -0.007975 0.005594 0.004605 -0.065569 0.034039 0.027443 0.019489 0.004745 0.007050 0.000000 -0.025706 0.001695 0.000474 -0.003716 0.000183 -0.000349 -0.002102 -0.001993 -0.003531 -0.003460 0.000000 0.000000 0.000000 0.000000 0.000000 0.000000 0.000000 
0.002984 -0.006387 -0.001513 -0.023026 0.003517 -0.001510 0.001120 -0.017152 -0.054116 -0.034784 0.000189 -0.003595 0.026112 -0.012512 0.019017 0.007171 0.064243 0.073372 0.007976 0.030067 0.017186 0.018043 0.045827 0.000000 -0.014057 -0.002242 0.000474 -0.003716 -0.002101 -0.000349 -0.002102 -0.001993 -0.003531 -0.003460 0.000000 0.000000 0.000000 0.000000 0.000000 0.000000 
-0.004025 0.001034 0.003435 -0.000857 0.000053 -0.000653 0.002605 -0.000443 0.000047 0.000717 0.000131 -0.000578 -0.001062 -0.001934 0.021424 0.011340 0.057966 0.003008 0.024296 0.003801 0.007278 -0.010644 0.006470 0.002835 -0.017378 -0.010753 0.002412 -0.002242 -0.001567 0.000519 -0.002101 -0.000947 -0.002102 -0.001993 -0.003531 -0.003460 0.000000 0.000000 0.000000 0.000000 
-0.002281 0.000090 -0.000809 -0.000779 0.001477 0.000631 -0.002184 0.000735 0.000241 -0.001588 -0.002124 0.001964 0.002365 0.000173 -0.049326 0.005305 0.002502 -0.002726 -0.026099 0.012081 0.013976 0.013807 0.037757 -0.006165 -0.002297 -0.059550 -0.009692 0.001355 0.004271 -0.004596 0.000519 -0.002426 -0.000947 -0.003416 -0.001993 -0.000771 -0.003460 0.000000 0.000000 0.000000 
-0.016511 0.000351 -0.001965 -0.000290 -0.000545 -0.001114 -0.001454 -0.001333 0.001551 0.002382 0.000287 -0.000047 0.007574 -0.016370 -0.001538 0.009448 0.004155 -0.058420 -0.029580 -0.101054 -0.029513 0.020673 0.011892 -0.005980 0.067027 -0.019516 0.001442 -0.002690 0.001355 0.003323 -0.004596 -0.007943 -0.002426 -0.000947 -0.003416 -0.001993 -0.000771 -0.003460 0.000000 0.000000 
0.004195 0.001994 0.007286 0.003433 0.000563 -0.001367 -0.000750 0.000745 0.000309 -0.002160 -0.000691 -0.000590 -0.004497 -0.002528 0.019777 -0.048548 -0.035040 -0.024956 -0.030118 -0.005717 -0.027498 0.011790 -0.054151 -0.012772 0.052521 -0.006077 0.020347 0.001442 -0.024012 0.003643 0.003323 -0.033955 -0.007943 -0.002426 -0.001968 -0.003416 -0.001993 -0.000771 -0.003460 0.000000 
-0.004118 -0.002704 0.006482 -0.001966 0.002840 -0.001122 -0.001707 -0.002695 -0.001979 0.000696 -0.000961 -0.001498 0.001335 -0.013177 0.014224 0.003314 0.009388 -0.036993 -0.005779 0.018259 -0.000444 0.004629 -0.006735 -0.054151 0.006178 0.002854 -0.006077 0.056605 0.019497 -0.024012 0.003643 -0.009965 -0.033955 -0.007943 -0.002002 -0.001968 -0.003416 -0.001993 -0.000771 -0.003460 
0.011246 -0.010388 -0.003098 0.003951 -0.001171 -0.000247 -0.000945 0.000680 0.000000 -0.000380 0.000163 -0.000834 0.009877 -0.008308 -0.003662 0.020009 0.026061 0.018663 0.012031 -0.026221 -0.026278 -0.002981 0.053572 0.000000 -0.069054 -0.043272 0.013101 0.049980 0.039117 0.007259 -0.011626 -0.009965 0.000889 -0.002083 -0.002002 -0.001968 -0.003416 -0.005213 -0.000771 -0.003460 
-0.013887 -0.007119 -0.004029 -0.004959 0.005372 0.002426 -0.003408 -0.002943 0.000375 0.000597 0.030744 0.041969 0.003530 -0.007778 -0.014495 -0.007211 -0.011778 -0.002474 -0.004926 0.002962 0.001347 0.002635 0.011728 0.053572 -0.022118 0.057115 0.010922 -0.018191 0.049980 0.039117 -0.009255 0.000705 0.003004 0.000889 -0.002083 -0.002002 -0.001968 -0.002163 -0.005213 -0.000771 
-0.022776 0.017174 -0.013073 -0.009389 -0.001855 -0.001904 0.000940 -0.001006 -0.001833 -0.006815 -0.009249 -0.000320 0.025055 0.007796 -0.012860 0.000000 -0.016580 -0.014345 -0.054328 -0.016792 0.001407 0.001720 0.010151 -0.007700 -0.015584 0.020345 0.017786 0.016155 0.017371 -0.004522 -0.009255 0.000705 0.003004 0.000889 0.000534 -0.001676 -0.001998 -0.002163 -0.005213 -0.000771 
0.000000 0.014264 0.006084 0.001625 0.002403 0.003125 0.001745 0.002263 0.004450 -0.001201 0.014671 0.007686 0.014866 0.006265 0.000428 0.000773 0.001119 -0.009388 -0.001336 0.001320 -0.001078 0.003088 0.015956 0.016691 0.001545 -0.018522 -0.007607 -0.016912 -0.026591 -0.004888 -0.002144 -0.003168 0.000893 0.001446 0.000534 -0.001676 -0.001998 -0.002163 -0.005213 -0.000771 
0.052356 0.010417 -0.001427 -0.010269 -0.009627 0.030827 0.003542 0.025539 -0.007568 0.005353 0.033397 0.037369 0.030683 -0.005889 -0.002926 0.001696 0.001100 0.000599 0.005575 0.000343 -0.002627 -0.000662 0.028104 0.009165 0.013662 -0.118929 -0.113915 -0.020011 0.003015 0.010679 -0.002144 -0.003168 0.000893 0.001446 0.000534 -0.001676 -0.001998 -0.002163 -0.005213 -0.000771 
0.003266 0.001148 -0.008565 -0.008245 -0.013007 0.002791 -0.042082 -0.016448 -0.004707 0.010301 0.001296 -0.006673 -0.004719 -0.000866 -0.011936 -0.007287 0.005533 -0.000268 0.000856 -0.000034 -0.000839 0.002836 0.009348 -0.008622 0.009852 -0.118929 -0.113915 -0.020011 0.003015 0.010679 0.003898 0.000626 0.002692 0.003048 0.001243 -0.001676 -0.001998 -0.002163 -0.005213 -0.000771 
0.009727 -0.011991 -0.015958 0.000000 -0.065391 -0.034214 0.012208 -0.003355 0.013749 -0.005618 -0.006347 0.000373 0.015525 0.013597 -0.002328 -0.000833 0.000039 -0.001674 0.001393 0.000414 -0.000751 -0.014491 -0.026436 0.030920 -0.049419 -0.013490 -0.003543 0.002742 0.009589 -0.007019 -0.007722 0.002692 0.003048 0.001243 0.001033 -0.000253 -0.003697 -0.005213 -0.000771 -0.003460 
-0.002817 -0.003793 0.031633 0.005443 0.014203 0.007890 0.004017 -0.026633 -0.009524 -0.000501 -0.002108 -0.012662 -0.009810 0.011731 -0.001944 -0.000620 0.002098 -0.000206 0.001325 0.000042 0.000348 0.014959 0.017933 -0.015806 -0.049419 -0.013490 0.024963 0.000338 0.001740 -0.007019 -0.007722 -0.001492 -0.000569 0.001243 0.001033 -0.000253 -0.003697 -0.005213 -0.000771 -0.003460 
-0.020995 -0.009965 0.003036 0.005133 -0.003716 0.001804 -0.020813 -0.011206 0.006469 -0.003135 0.019899 -0.002127 0.002257 0.002092 -0.000756 -0.000547 0.000165 0.000578 -0.001248 -0.005144 -0.030642 0.003229 -0.007279 0.017915 0.006475 -0.002965 0.001587 0.001740 -0.003302 -0.006038 -0.002055 -0.000569 -0.000311 0.004105 -0.000253 -0.003697 0.002189 -0.000771 -0.003460 0.000000 
0.003432 0.035249 -0.049767 -0.043147 -0.021175 -0.015446 -0.008259 -0.012660 -0.007442 0.000378 -0.004961 -0.005100 0.001414 0.000328 0.000080 -0.000913 0.002053 -0.001726 0.000062 0.000873 -0.029042 0.011378 0.006971 -0.015900 -0.001587 0.004686 0.001417 -0.000230 -0.006038 -0.002055 0.002304 -0.000311 0.004105 -0.002231 -0.003697 0.002189 -0.000771 -0.003460 0.000000 0.000000 
0.004854 -0.004986 -0.011351 -0.006894 0.014834 0.015941 -0.031548 0.000713 -0.006708 0.002430 0.003857 0.002510 0.001394 0.001903 0.004279 0.000936 0.011797 0.033991 -0.002301 -0.027099 -0.027329 0.018674 -0.005860 0.005259 0.004705 0.005584 0.001077 -0.002055 -0.001241 0.002304 0.001849 0.004105 -0.002231 -0.003697 0.002189 -0.000771 -0.003460 0.000000 0.000000 0.000000 
0.021395 -0.002382 -0.001018 0.002953 0.021290 0.002960 0.006673 0.001236 0.003226 -0.001747 -0.003161 -0.006197 0.014554 0.023091 -0.018739 -0.044929 0.057544 0.014855 -0.015060 -0.009271 -0.014643 -0.007122 0.000738 0.000951 0.000997 0.001077 -0.003890 -0.001241 0.000890 0.001849 -0.000055 -0.002231 -0.001713 0.002189 0.001302 -0.003460 0.000000 0.000000 0.000000 0.000000 
-0.000196 0.000093 0.002095 0.008628 -0.010041 -0.013031 -0.004508 0.001291 -0.003048 0.001743 -0.045858 -0.067971 -0.028705 -0.000332 0.009630 0.001414 -0.069364 -0.012728 -0.001420 -0.009282 -0.001372 0.005391 0.000951 -0.000265 -0.000551 -0.002179 0.000834 0.000890 -0.000155 -0.000055 -0.002231 -0.001713 0.002189 0.001302 -0.003460 0.000000 0.000000 0.000000 0.000000 0.000000 
0.014146 0.006900 0.000623 0.000172 -0.003568 -0.017112 -0.001374 0.001142 -0.003658 0.016148 0.003871 0.005530 0.000696 -0.014410 -0.018232 -0.011423 -0.006167 0.000163 0.002195 -0.004373 -0.002951 0.002532 0.001549 -0.002460 -0.002179 0.000852 0.003805 -0.000155 -0.000055 -0.000301 -0.001713 0.002189 0.001302 -0.003460 0.000000 0.000000 0.000000 0.000000 0.000000 0.000000 
0.016058 -0.002080 -0.000062 -0.002953 0.002562 0.000567 -0.000088 -0.015413 -0.026714 -0.001842 -0.001825 0.000365 -0.013431 -0.022609 -0.002912 0.000574 -0.003455 -0.001673 -0.004069 -0.003549 0.004096 0.002295 0.001680 0.000852 0.001523 -0.001426 0.001099 -0.000301 -0.001713 0.000698 0.001302 -0.003460 0.000000 0.000000 0.000000 0.000000 0.000000 0.000000 0.000000 0.000000 
0.003059 -0.010409 0.008848 0.011571 -0.000699 0.002178 0.039535 -0.001459 0.005088 -0.032185 -0.000365 0.009479 -0.005990 -0.000713 0.000126 0.000710 -0.017540 -0.003829 -0.000346 0.002534 0.002068 -0.000060 -0.000354 0.000800 0.004936 -0.000092 -0.000114 0.000698 0.001302 -0.003460 0.000000 0.000000 0.000000 0.000000 0.000000 0.000000 0.000000 0.000000 0.000000 0.000000 
-0.003460 0.001302 0.000698 -0.000114 -0.000092 0.004936 0.000800 -0.000354 0.000371 -0.000383 -0.001496 0.003498 -0.016172 0.006107 0.002846 0.001588 0.012028 0.012255 -0.004659 0.002649 0.024218 0.013334 0.008334 -0.006338 -0.010608 -0.005841 -0.004234 0.005254 -0.024168 -0.008844 0.000000 0.000000 0.000000 0.000000 0.000000 0.000000 0.000000 0.000000 0.000000 0.000000 
-0.003460 0.001302 0.000698 -0.000114 0.001445 0.004781 0.000930 0.001568 -0.001688 -0.003855 -0.001402 0.002186 -0.001424 0.001466 0.000310 0.000155 0.000649 0.005405 -0.002477 0.005375 -0.018367 0.000710 0.003216 -0.045587 -0.027816 -0.008353 0.032660 -0.003223 -0.000665 0.002074 -0.004318 -0.016376 0.000000 0.000000 0.000000 0.000000 0.000000 0.000000 0.000000 0.000000 
-0.003460 0.001302 0.000698 0.000695 0.001445 0.004781 0.000930 0.000293 -0.003513 0.000379 -0.001402 0.003772 0.000638 -0.004459 0.000536 0.000375 0.000070 -0.003331 0.018781 -0.011107 -0.000975 0.009207 0.008219 0.000987 0.035765 -0.058217 0.024423 0.005621 0.002415 0.006794 0.003354 0.000000 0.003863 0.000000 0.000000 0.000000 0.000000 0.000000 0.000000 0.000000 
-0.003460 0.001302 0.001632 0.000695 0.001445 0.000414 -0.000286 0.000293 0.001477 0.000506 0.000244 0.000829 0.001278 -0.001515 -0.001500 0.001345 0.001328 0.002040 0.005708 0.000190 -0.004780 0.014751 0.020057 -0.002875 -0.001549 0.005337 -0.010962 -0.009310 0.001450 -0.017591 -0.055831 0.062784 0.115803 0.087542 0.019102 0.000000 0.000000 0.000000 0.000000 0.000000 
-0.003460 0.001302 0.001632 0.000695 0.002331 0.000414 -0.001249 0.000437 -0.000707 0.000658 -0.001801 0.000021 0.001686 -0.000466 -0.001558 0.000922 -0.000266 0.001341 -0.003163 -0.000139 -0.001328 0.000451 0.027984 0.008515 0.010080 -0.011656 -0.009777 0.033425 0.012401 0.003558 -0.001382 -0.007055 0.005055 0.010917 0.019655 -0.009831 0.000000 0.000000 0.000000 0.000000 
-0.003460 0.001360 0.001632 0.002146 0.002331 -0.002721 -0.001249 -0.000714 -0.000707 -0.001382 -0.001801 -0.000188 0.000188 0.001668 0.000177 -0.000818 0.001779 0.003829 0.001898 0.004242 0.001803 0.000679 -0.000895 0.000309 0.001770 0.003531 -0.006874 0.000446 -0.011974 -0.001643 0.010145 0.001633 -0.002537 0.009889 0.001551 -0.014602 -0.001684 0.000000 0.000000 0.000000 
-0.003460 0.001360 0.001632 0.002146 0.002331 -0.002721 -0.000508 -0.000714 -0.001141 -0.001382 -0.000311 -0.001492 -0.001695 -0.000860 -0.000204 -0.003176 0.004241 0.000654 0.000096 -0.001044 0.002138 0.002255 -0.000999 0.000953 0.009023 0.002811 0.001828 0.038399 -0.023665 0.022205 0.004357 0.014423 -0.008057 -0.001686 0.013247 -0.035077 0.010889 0.013992 0.000000 0.000000 
-0.003460 0.001360 0.001632 0.002146 0.001312 -0.002721 -0.000508 0.000366 -0.001141 -0.003539 -0.000942 -0.001479 -0.001428 0.000694 -0.000667 0.003357 -0.000132 -0.001231 -0.001776 0.000930 0.002026 0.000763 0.003917 -0.002904 0.003553 -0.001591 0.011971 -0.028917 -0.002243 0.018842 0.006853 0.010900 0.023178 0.023321 0.023297 0.014352 0.012924 -0.020995 0.017315 0.000000 
-0.003460 0.001360 0.001632 0.002146 0.001312 -0.001791 -0.000508 0.000366 0.001173 -0.003473 -0.000942 -0.001479 -0.003831 0.000356 -0.000667 0.001441 -0.000102 0.000749 0.000515 -0.000900 -0.000587 0.000448 0.000820 0.002613 -0.005400 -0.016723 -0.005216 -0.008805 0.012371 -0.017218 0.001851 0.008462 0.001725 -0.013608 0.017273 0.001777 -0.007548 0.006574 0.002518 -0.000472 
-0.003460 0.001360 -0.000168 0.002146 0.001312 -0.001791 -0.000984 -0.000837 0.001173 -0.003473 -0.001429 -0.000877 0.001096 0.000356 0.001826 0.001240 -0.001117 0.001203 0.001220 -0.001121 -0.000227 0.000027 -0.001260 -0.006860 0.002827 -0.023297 -0.027013 0.007429 0.007412 -0.021879 -0.009300 -0.008652 -0.001920 -0.005730 -0.004224 -0.007104 -0.008568 0.007737 0.003037 -0.003630 
-0.003460 0.001360 -0.000168 -0.000077 0.001312 -0.001791 -0.000984 -0.000837 -0.000173 -0.001800 -0.000696 0.000293 0.001096 -0.002788 0.001906 -0.001480 -0.003584 0.001069 -0.001344 0.002095 0.004537 -0.000119 -0.000100 0.008672 -0.023782 -0.003206 -0.005671 0.000465 -0.000472 0.005862 0.005554 -0.004829 0.001318 0.003634 0.003067 0.001072 0.000486 0.004110 0.004716 -0.004991 
-0.003460 0.001360 -0.000168 -0.000077 -0.001661 0.000471 0.000905 -0.000837 -0.000173 -0.001800 -0.000696 0.000293 -0.002692 -0.000330 -0.000881 0.000336 -0.003174 0.000683 -0.000516 0.001467 0.001169 0.001478 0.002324 0.043747 -0.024379 -0.002972 -0.000334 0.000000 0.004498 -0.004330 0.004241 0.000977 0.007273 -0.000768 -0.010003 0.005781 0.041152 0.012283 -0.008192 0.006794 
-0.003460 0.001360 -0.000168 -0.000077 -0.001661 0.000471 0.000905 -0.001427 -0.001969 0.001106 -0.002218 0.002665 -0.002053 0.000143 0.001339 -0.000572 0.000353 0.000596 -0.002374 0.000081 -0.000876 0.003905 0.020709 -0.020480 0.028724 0.001456 0.028719 0.040881 0.000804 0.019916 0.006763 0.102275 -0.044914 -0.018127 -0.007689 -0.012814 0.003752 -0.004607 -0.005696 -0.005113 
