0.003036 0.010538 0.003168 0.017302 0.010480 -0.000727 0.000656 0.002627 0.007171 0.016444 0.021303 0.011981 0.010294 0.011191 0.015496 0.007690 0.016351 0.002091 0.041808 0.007745 0.002948 0.004871 0.009903 0.003651 0.004635 0.000488 0.004973 0.002952 0.007436 0.000757 0.002453 0.002373 0.004735 0.001867 0.000585 0.005424 0.000726 0.002213 0.001701 0.001976 0.003682 0.007894 0.007562 0.007921 0.000458 0.003836 0.001252 0.002930 0.003024 0.007370 0.003041 0.004237 -0.000360 0.002822 0.004086 0.005336 0.005620 0.009093 0.003414 0.001324 
0.003036 0.010538 0.003168 0.017302 0.010480 -0.000727 0.000656 0.002627 0.006123 0.006052 0.008442 0.017952 0.009431 0.033809 0.016266 0.004441 0.029295 0.004284 0.044686 -0.000254 0.012555 0.006165 0.002128 0.015554 0.017453 0.003161 0.019465 0.003276 0.002251 0.000844 0.001739 0.001887 0.004569 0.001500 0.004846 0.002221 0.002685 0.001984 0.004731 0.006360 0.000991 0.003923 0.000470 0.002968 0.005570 0.001350 0.002487 0.000277 0.009960 0.005603 0.006528 0.004810 0.001316 0.003782 0.003356 0.001562 0.004810 0.004097 0.005218 0.005150 
0.003036 0.010538 0.003168 0.017302 0.026522 0.009825 0.012430 0.024366 0.006123 0.006052 0.008442 0.017952 0.000276 0.016621 0.005682 0.006291 0.019649 0.010633 0.024357 0.009244 0.010704 0.004714 0.004354 0.017115 0.010323 0.009390 0.003315 0.011928 0.000376 0.002664 0.007336 0.001114 0.003209 0.005289 0.005400 0.001923 0.003451 0.003024 0.000452 0.002082 0.003432 0.000529 0.002427 0.002213 0.005042 0.002889 0.001561 0.001706 0.002293 0.006975 0.001071 0.000885 0.001917 0.002536 0.004160 0.004744 0.000990 0.001579 0.001366 0.006248 
0.003036 0.010538 0.003168 0.005760 0.026522 0.009825 0.012430 0.024366 0.006123 0.005696 0.008529 0.021076 0.000276 0.016621 0.000639 0.015733 0.003925 0.010333 0.007431 0.012885 0.005476 0.011612 0.003131 0.003342 0.003441 0.006035 0.000524 0.001877 0.001512 0.004710 0.001106 0.003019 0.001057 0.001184 0.009160 0.002535 0.003986 0.000910 0.003081 0.002277 0.002811 0.001490 0.001519 0.001389 0.002583 0.004894 0.002386 0.006125 0.004192 0.001752 0.004186 0.001292 0.001308 0.002764 0.001274 0.001153 0.000100 0.002631 0.001820 0.000498 
0.003036 0.010538 0.005129 0.005760 0.026522 0.009825 0.011429 0.004883 0.001986 0.005696 0.001391 0.007859 0.004679 -0.004230 -0.001495 0.029583 0.016792 0.009906 0.003703 0.023130 0.012006 0.011179 0.001161 0.006893 0.011215 0.010397 -0.000543 0.000716 0.002118 0.003782 0.004795 0.001205 0.002398 0.007115 0.004158 0.003307 0.000699 0.000902 0.004811 0.003273 0.000789 0.004074 0.003121 0.001872 0.003275 0.004111 0.001798 0.000579 0.001480 0.001822 0.002167 0.003599 0.001085 0.002439 0.003829 0.001018 0.000178 0.003717 0.000634 0.000000 
0.003036 0.010538 0.005129 0.005760 0.026522 0.026488 0.011429 0.004883 0.004811 0.007353 0.001391 0.007021 0.006453 -0.001380 0.000211 0.004985 0.005716 0.004381 0.002735 0.015808 0.002652 0.007392 0.013262 0.006434 0.017503 0.003176 0.003315 0.002666 0.003740 0.004080 0.002890 0.002360 0.008402 0.007471 0.001909 0.006574 0.006385 0.000941 0.004039 0.005014 0.008756 0.005595 0.003961 0.003813 0.001614 0.003331 0.003126 0.000672 0.001523 0.003112 0.000611 0.001362 0.005488 0.005747 0.001112 0.002734 0.005812 0.001206 0.000000 0.000000 
0.003036 0.010538 0.005129 0.005760 0.013187 0.026488 0.011429 0.002347 0.004811 0.003476 0.008671 0.007021 0.010957 -0.002585 -0.001785 -0.001331 0.009930 0.008125 0.015811 0.010211 0.008489 0.013125 0.000190 0.005410 0.010370 0.005921 0.004383 0.002133 0.004493 0.003999 0.003873 0.001318 0.002326 0.003416 0.003425 0.004721 0.005730 0.006495 0.001425 0.004755 0.001606 0.004080 0.009030 0.009426 0.002632 0.004072 0.004272 0.004271 0.006709 0.001813 0.010434 0.002842 0.006320 0.014803 0.000052 0.001786 0.007107 0.000000 0.000000 0.000000 
0.003036 0.010538 0.005129 0.005760 0.013187 0.026488 0.005763 0.002347 0.009421 0.003476 0.015004 0.001677 0.002482 0.014775 0.001657 0.004040 0.006314 0.009354 0.003928 0.019336 0.004628 0.000717 0.001744 0.008730 0.015330 0.001631 0.001167 0.002564 0.002041 0.013631 0.010118 0.002799 0.007754 0.010029 0.009529 0.005305 -0.000636 0.004673 0.011963 0.005336 0.018479 0.008725 0.006889 0.014215 0.010269 0.008672 0.027981 0.005289 0.003896 0.006787 0.011230 0.004508 0.004708 0.004616 0.004035 0.000000 0.000000 0.000000 0.000000 0.000000 
0.003036 0.006646 0.005129 0.008552 0.013187 0.012439 0.005763 0.000166 0.009421 0.008081 0.005803 0.011315 0.014694 0.004949 0.008063 0.004510 0.006490 0.009663 0.009239 0.005304 0.006234 0.006653 0.004449 0.005735 0.005323 0.005927 0.002132 0.013904 0.002664 0.005784 0.004252 0.001496 0.001927 0.007022 0.006643 0.000613 0.004863 0.019108 0.002689 0.030036 0.025592 0.023874 0.009465 0.003835 0.032542 0.008101 0.012060 0.006980 0.008835 0.008775 0.013082 0.005581 0.000152 0.000000 0.000000 0.000000 0.000000 0.000000 0.000000 0.000000 
0.003036 0.006646 0.005129 0.008552 0.008780 0.012439 0.005668 0.000166 0.007035 0.005784 0.005803 0.004419 0.016435 0.005270 0.009807 0.006092 0.000899 0.003791 0.005185 0.007240 0.003703 0.002624 0.001581 0.002439 -0.000181 0.000589 0.002067 0.004379 0.008635 0.004126 0.004875 0.002623 0.004579 0.006718 0.006922 0.006731 0.011611 0.002273 0.013173 0.008898 0.028956 0.008133 0.007484 0.038254 0.020652 0.012750 0.013195 0.008192 0.002985 0.001837 0.002697 0.000000 0.000000 0.000000 0.000000 0.000000 0.000000 0.000000 0.000000 0.000000 
0.003036 0.006646 0.004204 0.008552 0.008780 0.017691 0.005506 0.005764 -0.002187 0.001148 0.002952 0.001800 0.006500 0.009546 0.000839 0.002896 -0.000368 0.000831 0.001940 0.000587 0.003907 0.000128 0.004522 0.005458 0.001387 0.006711 -0.001128 0.003992 0.003227 0.006807 0.002452 0.006351 0.007501 0.004810 0.001143 0.005545 0.003091 0.000639 0.004749 0.009363 0.013787 0.063907 0.017753 0.004521 0.007132 0.005969 0.004923 0.004749 0.010138 0.000000 0.000000 0.000000 0.000000 0.000000 0.000000 0.000000 0.000000 0.000000 0.000000 0.000000 
0.003036 0.006646 0.004204 0.020383 0.008780 0.017691 0.005506 0.009256 -0.003225 0.002545 0.002952 0.002854 0.002045 0.003819 0.002076 0.002846 0.004154 0.001292 0.001455 0.004834 0.003136 0.000727 0.008913 0.003819 0.016577 0.006405 0.003890 0.004059 0.009031 0.005585 0.001740 0.000142 0.008100 0.014194 0.010505 0.015541 0.011244 0.003433 0.016614 0.003233 0.010246 0.014097 0.002078 0.007277 0.008974 0.005262 0.006980 0.000000 0.000000 0.000000 0.000000 0.000000 0.000000 0.000000 0.000000 0.000000 0.000000 0.000000 0.000000 0.000000 
0.003036 0.006646 0.004204 0.020383 0.006347 0.010646 0.012404 -0.001091 0.003645 0.000487 0.000634 0.004062 0.012510 0.003743 0.001188 0.002697 0.004333 0.006327 0.005341 0.013769 0.003200 0.004850 0.007303 0.005801 0.003106 0.000981 0.008502 0.017119 0.005267 0.004117 0.004626 0.003978 0.012162 0.016271 0.008409 0.007876 0.003531 0.027259 0.010308 0.008733 0.002003 0.001277 0.009442 0.003216 0.000000 0.000000 0.000000 0.000000 0.000000 0.000000 0.000000 0.000000 0.000000 0.000000 0.000000 0.000000 0.000000 0.000000 0.000000 0.000000 
0.003036 0.006646 0.004204 0.020383 0.006347 0.010646 0.012404 -0.001091 0.000244 0.007003 -0.002862 0.002042 0.004553 0.006618 0.001117 0.000885 0.004260 -0.000093 0.010425 0.001286 0.003880 0.008287 0.004566 0.000679 0.002482 0.009017 0.003257 0.003226 0.006764 0.017531 0.006733 0.003818 0.002681 0.010357 0.016619 0.016147 0.006499 0.004886 0.005944 0.008870 0.005186 0.009971 0.012094 0.005496 0.003369 0.000000 0.000000 0.000000 0.000000 0.000000 0.000000 0.000000 0.000000 0.000000 0.000000 0.000000 0.000000 0.000000 0.000000 0.000000 
0.003036 0.006646 0.004204 0.014932 0.027002 0.001112 0.008812 0.015190 0.017300 0.001099 0.000462 -0.002232 0.001973 0.001884 0.014909 0.005723 0.003441 0.002340 0.004586 0.007744 0.005087 0.003876 -0.000159 0.004277 0.003152 0.001563 0.000174 0.000181 0.006053 -0.001387 0.005715 0.000851 0.003304 0.006771 0.010277 0.008067 0.003237 0.014523 0.004123 0.004912 0.012242 0.002939 0.003803 0.000777 0.008550 0.005777 0.009658 0.004105 0.000000 0.000000 0.000000 0.000000 0.000000 0.000000 0.000000 0.000000 0.000000 0.000000 0.000000 0.000000 
0.003036 0.006646 0.010795 0.014932 0.027002 0.001112 0.009378 0.004970 0.017300 0.022593 0.007016 -0.002840 0.005556 0.004129 0.002718 0.010632 0.003181 0.003448 0.000170 0.002409 0.001571 0.005668 0.000383 0.003419 0.006065 0.008068 0.003444 0.004271 0.008373 0.010403 0.008081 0.003722 0.007236 0.002437 0.009483 0.008553 0.001436 0.001632 0.001613 0.005914 0.007779 0.003309 0.004660 0.002708 0.002538 0.004121 0.007107 0.002048 0.005793 0.007600 0.000000 0.000000 0.000000 0.000000 0.000000 0.000000 0.000000 0.000000 0.000000 0.000000 
0.003036 0.006646 0.010795 0.014932 0.027002 0.016441 0.009378 0.011648 0.003722 0.022593 0.012819 0.013346 0.001443 0.002501 0.011718 0.010214 0.003420 0.007184 0.007706 0.003862 0.001623 0.003952 0.002115 0.001131 0.013009 0.004103 0.007774 0.008858 0.001107 0.000529 0.002032 0.002145 0.008052 0.003803 0.004621 0.009068 0.003056 0.003045 0.004880 0.004177 0.009614 0.005484 0.004651 0.016401 0.004290 0.001964 0.003602 0.002148 0.001478 0.001881 0.003195 0.001548 0.000000 0.000000 0.000000 0.000000 0.000000 0.000000 0.000000 0.000000 
0.003036 0.006646 0.010795 0.014932 0.039426 0.016441 0.017254 0.011648 0.005916 0.011474 0.015578 0.002177 0.015664 0.007944 0.001814 0.002248 0.000502 0.001141 0.002820 0.002172 0.001305 0.003720 0.005236 0.004652 0.000432 0.000829 0.003266 0.005683 0.002752 0.001622 0.001684 0.003943 0.002577 0.001250 0.004268 0.002189 0.006626 0.002197 0.003191 0.012313 0.008887 0.012052 0.003532 0.002227 0.002446 0.004898 0.004172 0.001461 0.004045 0.002474 0.003097 0.000222 -0.000255 0.008605 0.000000 0.000000 0.000000 0.000000 0.000000 0.000000 
0.003036 0.013020 0.010795 -0.000869 0.039426 0.009119 0.017254 0.010050 0.005916 0.009708 0.015578 0.007938 0.000785 0.004720 0.003772 0.002314 0.000109 0.000634 0.000164 0.001512 0.000732 0.001608 0.002337 0.003111 0.002102 0.000833 0.000936 0.002616 0.005032 0.008034 0.001075 0.004162 0.002407 0.004813 0.008023 0.004581 0.001734 0.003561 0.001779 0.007609 0.007124 0.004587 0.001613 0.003558 0.016350 0.005949 0.000627 0.000832 0.000766 0.000916 0.002064 0.001148 0.004576 0.002279 0.002020 0.003834 0.000000 0.000000 0.000000 0.000000 
0.003036 0.013020 0.010795 -0.000869 0.039426 0.009119 0.003894 0.010050 0.000278 0.001707 0.007581 0.001046 0.000785 -0.000162 0.009691 -0.003094 0.015561 0.004557 0.006930 0.002974 0.001716 0.001129 -0.001093 0.005853 0.004994 0.003453 0.001903 0.002930 0.003242 0.003003 0.000396 0.010476 0.000805 0.004149 -0.002071 0.002708 0.001511 0.000990 0.007289 0.014847 0.005335 0.001767 0.007436 0.011435 0.008881 0.002645 0.003489 0.000478 0.000495 -0.000286 0.000648 0.002295 0.002358 0.003193 0.005104 0.001617 0.002589 0.000000 0.000000 0.000000 
0.003036 0.013020 0.010795 -0.000869 0.008512 0.009119 0.003894 0.005460 0.000278 0.001707 0.000915 0.000918 -0.004176 0.003335 0.004656 0.007785 0.011155 0.007682 0.008659 -0.001351 0.002833 0.001509 0.000822 0.002878 0.003154 0.002220 0.003825 0.001698 0.001162 0.003305 0.001730 0.000620 0.000622 0.001460 0.003807 0.010153 0.004630 0.001271 0.000365 0.005588 0.002027 0.000839 0.006771 0.004884 0.003943 0.002544 0.002725 0.002578 0.000976 0.000972 0.003322 0.000255 0.011148 0.008076 0.004420 0.001462 0.008516 0.002416 0.000000 0.000000 
0.003036 0.013020 0.012409 -0.000869 0.008512 0.003016 -0.000360 0.005460 0.005168 0.001322 0.005035 0.000918 0.002301 0.004537 0.001808 0.005451 0.005821 0.009615 0.006561 0.004543 0.007040 0.008788 0.011456 0.003684 0.003776 0.001517 0.001275 0.006739 0.007288 0.002311 0.000642 0.002657 0.004641 0.003195 0.001450 0.001943 0.001180 0.000767 0.000546 -0.000973 0.002220 0.003530 0.005538 0.008636 0.002453 0.001393 0.000881 0.000488 0.003410 0.002579 0.002481 0.004797 0.006851 0.007359 0.001860 0.003084 0.005461 0.004745 0.011389 0.000000 
0.003036 0.013020 0.012409 -0.000869 0.008512 0.003016 -0.000360 0.001026 -0.002652 0.001322 0.005035 0.013369 0.012462 0.007186 0.005844 0.004435 0.008104 -0.000771 0.000000 0.006531 0.001369 0.016057 0.007714 0.003923 0.016914 0.006907 0.001728 0.000026 0.002480 0.003451 0.005302 0.015406 0.008079 0.000223 0.001008 0.000675 -0.000173 0.002364 0.000781 0.002744 -0.000761 0.001191 0.005595 0.002844 0.003255 0.000229 0.000017 0.001294 0.001417 0.003865 0.004553 0.004084 0.004375 0.008432 0.003840 0.004580 0.012804 0.006406 0.006174 0.001022 
0.003036 0.013020 0.012409 0.007765 0.005422 0.003016 -0.000360 0.001026 -0.002652 0.009521 0.007234 0.003303 -0.001471 0.007186 0.005844 0.000035 0.003996 0.006022 -0.003716 -0.002276 0.002158 0.006244 0.004057 0.003892 0.005752 0.006631 0.006517 0.002603 -0.000230 0.002660 0.003714 0.005258 0.003977 0.006131 0.005305 0.003160 0.000650 0.000256 0.002028 0.001446 0.003197 0.001696 0.001176 0.002901 0.004834 0.000884 0.002542 0.004038 0.001156 0.001703 0.000061 0.000088 0.003287 0.007920 0.004416 0.000688 0.010751 0.002528 -0.001300 0.000891 
0.003036 0.013020 0.012409 0.007765 0.005422 0.010453 0.008239 0.014725 0.000504 0.000645 0.007234 0.003303 -0.001471 0.006004 0.013456 -0.000389 0.005066 0.015240 0.016958 0.003868 0.004769 0.014481 0.001585 0.005434 0.006658 0.022417 0.019544 0.006929 0.002817 0.010654 0.003541 -0.000198 0.005507 0.003498 0.007470 0.015323 0.011481 -0.000068 0.000504 0.003325 0.005427 0.001482 0.000777 0.001300 0.000910 0.001195 0.003104 0.003847 0.006319 0.000242 0.003763 0.007026 0.010520 0.004543 0.002467 0.003979 0.003030 0.001771 0.006882 0.013043 
0.003036 0.013020 0.012409 0.007765 0.005422 0.010453 0.008239 0.014725 0.000504 0.000645 -0.000386 0.003626 0.006764 0.001832 0.006857 0.023752 0.013933 0.022042 0.008154 0.013579 0.009559 0.005859 -0.007016 -0.002248 0.008915 0.006070 0.002732 -0.000495 0.010705 0.013057 0.008044 0.020054 0.017121 0.014622 0.030806 0.027470 0.011470 0.002128 0.002769 0.010190 0.010326 0.007033 0.003980 0.001578 0.000132 0.001018 0.002877 0.005025 0.005070 0.000895 0.009790 0.006525 0.004303 0.005932 0.003689 0.005300 0.006350 0.002437 0.004078 0.002741 
0.003036 0.013020 0.012409 0.007765 0.005422 0.010453 0.000597 0.002750 0.009222 0.008975 0.004883 0.004512 0.002434 0.002296 0.001537 -0.001197 0.004348 0.001565 0.014488 0.009476 0.008600 0.001866 0.004990 0.003640 0.009536 0.002664 -0.000144 0.009036 0.004057 0.003786 0.003030 0.005166 0.003442 0.006369 0.001123 0.001086 0.000214 0.007898 0.008632 0.004620 0.003601 -0.000452 0.002225 0.000715 0.005299 0.003924 0.002978 0.004088 0.010143 0.019678 0.013994 0.003316 0.006464 0.004928 0.003746 0.004213 0.011049 0.010121 0.004533 0.010637 
0.003036 0.013020 0.012409 0.007765 0.005519 -0.000711 0.000597 0.002750 0.009222 0.008975 0.002170 0.014329 0.006123 0.002924 0.012952 0.006975 -0.000702 0.009559 0.009290 0.010628 0.001322 0.006591 0.010003 0.002823 0.003989 0.008180 0.005605 0.005805 0.002775 -0.000984 0.008059 0.008037 0.007683 -0.005038 -0.000505 0.007270 0.005776 0.000654 0.000654 0.004077 0.001794 0.002376 0.000304 0.002021 0.000643 0.003501 0.004114 0.001389 0.003446 0.006193 0.009719 0.007895 0.001287 0.004687 0.005139 0.002799 0.008419 0.015641 0.011240 0.006084 
0.003036 0.013020 0.012409 -0.001132 0.005519 -0.000711 0.000597 0.002750 0.005001 0.001216 0.002170 0.014329 0.006123 0.000865 0.003453 0.002017 0.007476 0.009559 0.008544 0.009893 0.021699 0.034953 0.014795 0.001790 0.000588 0.011195 0.016307 0.003631 0.010085 0.014394 0.005579 0.002272 0.013466 0.007211 0.005631 0.011016 0.009729 0.019949 0.006253 0.002946 0.001200 -0.001034 0.001618 0.002223 0.002376 0.006414 0.004933 0.008329 0.005832 0.005331 0.007027 0.006176 0.002446 0.000271 0.006737 0.011274 0.006196 0.001095 0.008702 0.009464 
0.003036 0.013020 -0.002760 -0.001132 0.005519 -0.000711 0.004011 0.005591 0.005001 0.001216 0.008560 0.003255 0.004473 0.014269 0.008059 0.006240 0.001350 0.004893 0.000719 0.008472 -0.000539 0.014870 0.028567 0.030303 0.037308 0.016922 0.008161 -0.001601 0.007285 0.001018 0.003180 -0.002267 0.000365 0.006402 0.013525 0.019520 0.013230 0.003269 0.000437 0.004155 0.002553 0.001569 0.001750 0.001382 0.006843 0.004627 0.005546 0.008828 0.005040 0.004348 0.005704 0.004550 0.001648 0.000856 0.001571 0.006240 0.000159 0.009829 0.004915 0.000000 
0.003036 0.013020 -0.002760 -0.001132 0.005519 -0.001776 0.004011 0.005591 -0.002499 0.002020 0.010539 0.015299 0.022538 0.001124 0.010332 0.001063 0.003581 0.008416 0.002759 0.000539 0.001550 0.000800 0.005001 0.012321 0.007998 0.024325 0.013438 0.006750 0.004057 0.005812 0.009482 0.010609 0.004125 0.012601 0.016583 0.010555 0.002713 0.001027 0.004019 0.001173 0.001124 0.002606 0.003585 0.004604 0.003416 0.006395 0.005060 0.002651 0.004530 0.004426 0.000655 0.000993 0.006578 0.002681 0.003924 0.006999 0.003394 0.003306 0.000000 0.000000 
0.003036 0.013020 -0.002760 -0.001132 0.001462 -0.001776 0.009783 0.009816 -0.002499 0.001666 0.010539 0.024017 0.012028 0.001124 0.005957 0.014732 0.002797 0.005805 0.010791 0.012468 0.013109 0.010626 0.020563 -0.000278 -0.001482 0.010872 0.004897 0.006440 0.005521 0.005579 0.000225 0.003476 -0.000428 0.009545 0.012338 0.003226 0.012249 0.005978 0.006121 0.002834 0.000983 0.001379 0.001154 0.000501 0.000895 0.001725 0.000703 0.000127 0.000745 0.000786 0.000835 0.003472 0.001015 0.000660 0.003767 0.002203 0.000000 0.000000 0.000000 0.000000 
0.003036 0.001625 -0.002760 0.009404 0.001462 0.008069 0.009783 0.005100 0.002866 0.006017 0.012906 0.005145 0.005288 0.003333 0.009460 0.019332 0.006352 0.016519 0.010787 0.002122 0.004064 0.013179 0.019465 -0.000453 0.004780 0.004832 0.007044 0.005256 0.014109 0.005614 0.002467 0.003051 0.010375 -0.000907 -0.004356 0.000156 -0.000819 0.001436 0.000387 0.001531 0.002300 0.004884 0.009254 0.003350 0.004044 0.002793 0.002401 0.005161 0.002447 0.004234 0.006815 0.000973 0.002794 0.001611 0.001362 0.000000 0.000000 0.000000 0.000000 0.000000 
0.003036 0.001625 -0.002760 0.009404 0.001462 0.008069 0.009783 0.005100 0.002542 0.006017 0.012917 0.005145 0.001933 0.013780 0.005546 0.002915 0.008392 -0.000815 0.002568 0.006336 0.001691 0.001398 0.002741 0.011179 -0.000742 0.000934 0.017014 0.006551 0.010491 0.016947 0.014956 0.022494 0.005256 0.014711 0.016663 0.005342 0.000121 0.000279 0.000863 0.000965 0.001523 0.004428 0.001124 0.002694 0.006299 0.001489 0.002658 0.008823 0.004420 0.007759 0.002382 0.005333 0.000009 0.000000 0.000000 0.000000 0.000000 0.000000 0.000000 0.000000 
0.003036 0.001625 -0.002760 0.009404 0.013510 0.008069 0.011965 0.004256 0.002542 0.013136 0.009602 0.006278 0.024385 0.009228 0.001241 0.001203 0.013183 0.005427 -0.003207 0.001680 0.001097 -0.001010 0.008052 0.002306 0.006685 0.002350 0.004486 0.004699 0.002753 0.004764 0.020574 0.022816 0.015134 0.004698 0.006250 0.000596 0.000320 0.003987 0.005895 0.001992 0.000708 0.001413 0.004990 0.008887 0.002458 0.011935 0.006818 0.001099 0.002000 0.004105 0.001286 0.000000 0.000000 0.000000 0.000000 0.000000 0.000000 0.000000 0.000000 0.000000 
0.003036 0.001625 0.005794 0.009404 0.013510 0.012516 0.006469 0.004256 0.009535 0.001608 0.007585 0.008543 0.016183 0.002816 0.006022 0.001736 -0.000583 -0.002016 0.023901 0.009543 0.011988 0.009280 0.012228 0.016566 0.002433 0.008935 0.020030 0.020098 0.010369 0.004449 0.002632 -0.000053 0.004832 0.000330 0.003391 0.000892 -0.000138 0.002589 0.002663 0.002715 0.003676 0.005400 0.010044 0.005395 0.004302 0.006000 0.009648 0.012341 0.003707 0.000000 0.000000 0.000000 0.000000 0.000000 0.000000 0.000000 0.000000 0.000000 0.000000 0.000000 
0.003036 0.001625 0.005794 0.010243 0.013510 0.012516 0.006469 0.006995 0.005336 0.024794 0.021542 0.005705 0.009269 0.024535 -0.000558 -0.002979 -0.000647 0.003676 0.004210 0.000159 0.009425 0.002850 0.004026 0.005369 -0.000639 0.007479 0.010784 0.010936 -0.006380 0.004150 0.009596 0.002332 0.003434 0.001917 0.002937 0.001468 0.006315 0.001776 0.001344 0.008756 0.005493 0.001283 -0.000262 0.005252 0.009355 0.005308 0.000000 0.000000 0.000000 0.000000 0.000000 0.000000 0.000000 0.000000 0.000000 0.000000 0.000000 0.000000 0.000000 0.000000 
0.003036 0.001625 0.005794 0.010243 0.004959 0.003329 0.006270 0.003724 0.000674 0.010240 0.003663 0.001445 0.004930 0.012858 0.001261 0.018083 0.022828 -0.007350 0.001404 0.002175 0.002279 0.002191 -0.006634 0.004790 0.012102 0.010328 0.003757 0.001093 0.002605 0.000981 -0.000151 -0.000298 0.000863 0.000181 0.000620 0.004290 0.002112 0.003006 0.006546 0.000562 0.002108 0.006612 0.001932 0.005682 0.000000 0.000000 0.000000 0.000000 0.000000 0.000000 0.000000 0.000000 0.000000 0.000000 0.000000 0.000000 0.000000 0.000000 0.000000 0.000000 
0.002682 0.002264 0.002737 0.011898 0.002029 0.004878 0.000544 0.003458 0.000363 0.000831 0.000408 0.000416 0.000602 0.001684 0.000326 0.002525 -0.000115 0.001216 0.001881 0.002714 0.001708 0.002601 0.003742 0.009537 0.015988 0.006426 0.009367 0.009187 0.005646 0.008727 0.002643 0.005242 0.016802 0.000216 0.002205 0.007500 0.010312 0.006741 0.002952 0.003675 0.007651 0.004959 0.010243 0.005794 0.001625 0.003036 0.000000 0.000000 0.000000 0.000000 0.000000 0.000000 0.000000 0.000000 0.000000 0.000000 0.000000 0.000000 0.000000 0.000000 
0.001179 0.004924 0.001275 0.004054 0.002375 0.001399 0.002391 0.003267 0.004596 0.000375 -0.000050 0.000111 0.003731 0.002751 0.000818 0.001403 0.001585 0.000951 0.000725 0.000101 0.000325 0.001275 -0.000143 0.002795 0.002468 0.003287 0.004258 0.000690 0.007531 0.009114 0.001238 0.004342 0.008947 0.009950 0.005534 0.020354 0.020507 0.003568 0.006758 0.011177 0.002952 0.003675 0.007651 -0.000589 0.001810 0.005794 0.001625 0.003036 0.000000 0.000000 0.000000 0.000000 0.000000 0.000000 0.000000 0.000000 0.000000 0.000000 0.000000 0.000000 
0.008473 0.003969 0.003924 0.002135 0.001713 0.002167 0.003485 -0.000032 0.000305 0.000327 0.000059 0.000251 0.000292 0.001304 0.000512 0.001682 0.002419 0.002925 0.001225 0.000978 0.000270 0.000234 0.000826 0.005138 0.000552 0.003858 0.004198 0.003325 0.001680 0.000830 0.004120 0.006315 0.002413 0.007625 0.000688 0.002075 0.004368 0.024794 0.010692 -0.001826 0.006568 0.011177 0.003003 0.003760 0.026878 -0.000589 0.001810 0.016402 0.001625 0.003036 0.000000 0.000000 0.000000 0.000000 0.000000 0.000000 0.000000 0.000000 0.000000 0.000000 
0.002731 0.002980 0.003713 0.001668 0.002100 0.001561 0.000462 0.002162 0.002734 0.001241 0.001440 0.001182 0.000729 0.000360 0.000456 0.000019 0.000906 0.000763 0.001206 0.000463 0.000025 0.002273 0.000683 0.002058 0.000802 0.001385 0.000656 0.001431 0.002657 0.000741 0.003250 0.001334 0.004741 0.010138 0.009399 0.002840 0.020574 0.003950 0.010093 0.006240 0.003636 0.001221 0.013649 0.009201 0.007572 0.003760 0.026878 0.011109 0.001810 0.016402 0.001625 0.003036 0.000000 0.000000 0.000000 0.000000 0.000000 0.000000 0.000000 0.000000 
0.002990 0.000876 0.000260 0.000815 0.000344 0.000274 0.000613 0.000471 0.001278 0.000757 0.000490 0.000194 0.000758 0.001451 0.000849 0.001350 0.001483 0.000004 0.001740 0.001531 0.000479 0.003240 0.001465 0.000876 -0.000067 0.000077 0.000181 0.000055 -0.000081 0.000647 0.000863 0.001868 0.003677 0.001071 0.000762 -0.000849 0.012532 0.002708 0.027962 0.001653 0.003086 0.016122 0.021830 0.007123 0.013649 0.021448 0.007572 0.005062 0.026878 0.011109 0.001810 0.016402 0.001625 0.003036 0.000000 0.000000 0.000000 0.000000 0.000000 0.000000 
0.000551 0.000317 0.000319 -0.000114 0.000314 0.000612 0.000813 0.000657 0.000505 0.000035 0.000403 0.001404 0.000260 0.000223 0.001220 0.001821 0.002500 0.000110 0.001296 0.001643 0.001330 0.000331 0.000422 -0.000119 0.000430 0.000403 0.000621 0.003827 0.000799 0.000413 0.000966 0.001075 0.001237 0.001662 0.002181 0.001860 0.001448 0.000661 0.000518 0.005096 0.003262 0.001970 -0.000207 0.016159 0.013142 0.012608 0.017482 0.012572 0.007838 0.005062 0.020489 0.011109 -0.001065 0.016402 0.002937 0.003036 0.000000 0.000000 0.000000 0.000000 
0.001687 0.000433 0.001581 0.000634 0.002986 0.000745 0.000606 0.001390 0.000952 0.000675 0.000777 0.000705 0.000498 0.001106 0.000399 0.001974 0.001131 0.000972 0.000430 0.000381 0.000312 0.000943 0.000100 0.000360 0.000756 0.000086 0.000449 0.000785 0.001112 0.000331 0.000775 0.000472 0.002496 0.000616 0.000960 0.001908 0.000583 0.000928 0.000586 -0.000018 0.001721 0.006988 0.011698 0.007531 0.011704 0.018645 0.012608 0.025856 0.012572 0.007838 0.003950 0.020489 0.015217 -0.001065 0.016402 0.002937 0.003036 0.000000 0.000000 0.000000 
0.000729 0.000570 0.000620 0.000045 0.001047 0.000608 0.000486 0.001381 0.001791 0.000438 0.000877 0.000280 0.001453 0.000642 0.001236 0.002027 0.000624 0.000767 0.000200 0.000596 0.000106 0.000942 0.000668 0.000239 0.001595 0.000728 0.000581 0.000771 0.000757 0.000276 0.000981 0.000727 0.000566 0.001764 0.000565 0.001144 0.001742 0.000740 0.000269 0.001616 0.001463 -0.000180 0.001953 0.002041 0.012865 0.001075 0.011704 0.021627 0.004972 0.025856 0.012203 0.007603 0.003950 0.007115 0.015217 -0.001065 0.016402 0.002937 0.003036 0.000000 
0.001431 0.000886 0.002504 0.001767 0.001295 0.001838 0.000104 0.001164 0.000619 0.000506 0.002774 0.002527 0.000269 0.000104 0.000717 0.000289 0.000852 0.000781 0.000470 0.001172 0.001309 0.000661 0.001068 0.000729 0.000998 0.000896 0.000937 0.000695 0.001126 0.000228 0.000554 0.000161 0.002251 0.001225 0.001231 0.000856 0.002837 0.000991 0.001250 0.000972 0.000758 0.001143 0.000907 0.001322 0.002584 0.024122 0.002849 0.025313 0.007178 0.002163 0.024877 0.012203 0.007603 -0.011604 0.007115 0.015217 -0.001065 0.011789 0.002937 0.003036 
0.002528 0.000893 0.000528 0.002227 0.000857 0.000412 0.000244 0.000807 0.000318 0.000470 0.000838 0.001477 0.001319 0.001826 0.000690 -0.000149 0.000813 0.000312 0.000201 0.000669 0.000663 0.000211 0.000916 0.002756 0.001423 0.001648 0.001409 0.001102 0.000753 0.001211 0.000811 -0.000118 0.000333 0.001711 0.000978 0.000109 0.001729 0.001172 0.000749 0.000690 0.001142 0.004130 0.001733 0.000031 0.001565 0.022426 0.002991 0.021276 0.007178 0.002163 0.010787 0.027416 0.009654 -0.011604 0.007115 0.015217 0.002552 0.011789 0.002937 0.003036 
0.000558 0.000613 0.000820 0.001785 0.000685 0.000352 0.000419 0.002659 0.001314 0.000402 0.000811 0.001592 0.001742 0.001453 0.001820 0.000821 0.001546 0.000792 0.000688 0.000307 0.000831 0.000625 0.000493 0.001522 0.000882 0.000605 0.000797 0.001076 0.000930 0.000954 -0.000026 0.002024 0.000120 0.000846 0.003770 0.001334 0.001020 0.000980 0.000495 0.001957 0.001274 0.001733 0.002231 0.001366 0.000031 0.003061 0.000204 0.000887 0.005768 0.002537 0.003275 0.010787 0.027416 0.009654 -0.011604 -0.001422 0.010605 0.002552 0.011789 0.002937 
0.018736 0.006141 0.000493 0.001232 0.000377 0.000593 0.000428 0.000303 0.000758 0.001954 0.000046 0.000610 0.000464 0.001590 0.000141 0.000170 0.001550 0.000236 0.000495 0.000932 0.001560 0.001394 0.000748 0.000983 0.001402 0.001035 0.000880 0.001087 0.000657 0.000127 0.000723 0.001859 0.001291 0.000775 0.000178 0.000765 0.000767 0.000711 0.000829 0.002219 0.001124 0.002713 0.000600 0.001014 0.004043 0.010424 0.005820 0.006901 -0.003899 0.003165 0.002390 0.010038 0.022543 0.006815 0.002767 -0.001422 0.010605 0.002552 0.011789 0.002937 
0.001955 0.005417 0.004699 0.002601 0.000487 0.000773 0.000330 0.000936 0.001527 0.003876 0.001383 0.000518 0.000644 0.000503 0.000567 0.002349 0.001144 0.000673 0.001162 0.000289 0.001983 0.002778 0.001940 0.000560 0.000797 0.001812 0.001073 0.000874 0.001047 0.000702 0.001031 0.001246 0.000341 0.000732 0.000835 0.003586 0.002094 -0.000658 0.006917 -0.003243 0.002203 0.015275 0.022268 0.004419 0.006644 0.010424 0.005820 0.006901 -0.003899 0.003165 0.002390 0.010038 0.022543 0.006815 0.002767 -0.001422 0.010605 0.002552 0.011789 0.002937 
0.004436 0.005252 0.001873 0.001327 0.001821 0.003270 0.000732 0.000231 0.001285 0.001282 0.000295 0.001778 0.001269 0.000327 0.000417 0.001508 0.001628 0.001019 0.001002 0.001225 0.000353 0.001601 0.000802 0.001625 0.002326 -0.000332 0.000356 0.000451 0.002852 0.004687 0.002062 0.006857 0.007773 0.005990 0.007607 0.011796 0.000250 0.000298 0.009610 -0.001980 0.001417 0.010806 0.018662 0.006978 0.020175 0.004714 0.004953 0.002044 0.006752 0.000284 0.003011 0.008056 0.008266 0.004359 0.015746 -0.001422 0.010605 0.002552 0.011789 0.002937 
0.007545 0.000786 0.003814 0.012594 -0.000032 0.005556 0.001160 0.000854 0.002788 0.004424 0.000978 0.003336 0.003631 0.007319 0.003237 0.011338 0.005388 0.003683 0.009073 0.003317 0.000898 0.005614 0.002330 0.004627 0.009861 0.004826 0.010384 -0.001886 0.016540 0.001853 0.005141 0.000619 0.013156 0.006331 0.015903 0.002373 0.013736 0.005875 0.005057 0.001618 0.001806 0.007283 0.008399 0.020175 0.003735 0.005829 0.007388 0.005481 -0.004644 -0.001265 0.008056 0.008266 0.004359 0.015746 0.003559 0.004502 0.002552 0.011789 0.002937 0.003036 
0.004108 0.005472 0.002442 0.003706 0.004481 0.002434 -0.000251 0.001279 0.000900 0.011935 0.001349 0.017300 0.004247 0.013690 0.032396 0.012647 0.016227 0.012840 0.021881 0.003657 0.005579 -0.003042 0.016414 0.009836 0.013865 0.002196 0.006454 0.011844 0.049906 0.010050 0.026588 0.003815 0.007831 0.019999 0.008925 0.013516 0.011083 0.017868 0.012263 0.015349 0.005715 0.009443 0.006718 0.003296 0.011977 0.003865 0.008895 0.001622 -0.004644 -0.001265 0.007850 0.015098 -0.000441 0.015746 0.003559 0.004502 0.007248 0.011789 0.002937 0.003036 
0.000933 0.001261 0.001500 0.002558 0.004487 0.004661 0.000302 0.004488 0.009291 0.007043 0.005700 0.016021 0.001296 0.004382 0.000243 0.012703 0.003525 0.017836 0.009256 0.000455 0.010796 0.002499 0.000276 0.022390 0.025360 0.008748 0.020355 0.004955 0.007353 0.006359 0.003859 0.000953 0.001389 0.000746 0.007682 0.005157 0.027440 0.009990 0.010481 0.003168 0.007556 0.010688 0.012093 0.003207 -0.002083 -0.001846 0.007046 0.001404 -0.001209 0.012089 0.015098 -0.000441 0.006517 0.003559 0.004502 0.007248 0.002970 0.002937 0.003036 0.000000 
0.001725 0.001929 0.004266 0.004690 0.001732 0.007929 0.001336 0.003178 0.005040 0.021514 0.000593 0.007630 0.003903 0.007726 -0.000070 0.020344 0.005448 0.005072 0.007239 0.038999 0.003974 -0.002232 0.014318 0.003783 0.011182 0.005004 0.001321 -0.000445 0.011924 0.008030 0.034150 0.009677 0.006103 0.005542 0.024216 0.009243 0.011125 0.012425 0.007764 0.009269 0.037245 0.029198 0.022124 -0.001567 0.007046 0.008893 0.005478 0.012089 0.014150 -0.012303 0.006517 0.000079 0.004502 0.007248 0.002970 0.002937 0.003036 0.000000 0.000000 0.000000 
0.002429 0.002809 0.001285 0.006560 0.002357 0.000903 0.005089 0.003124 0.020053 0.005793 0.025054 0.006297 0.004359 0.007362 0.004171 0.007804 0.034953 0.012666 0.006077 0.006388 0.014203 0.007564 0.012410 0.008789 0.004140 0.006337 -0.000042 -0.001302 0.003259 0.017528 0.010965 0.006434 0.006159 0.012554 0.012497 0.005318 0.023007 0.009395 0.005083 0.011713 0.018205 0.022866 0.003267 0.005171 0.001164 0.005478 0.019491 0.014150 -0.012303 0.003938 0.000079 -0.000107 0.007248 0.002970 0.002937 0.003036 0.000000 0.000000 0.000000 0.000000 
0.005491 0.000668 0.002991 0.002450 0.007178 0.004301 0.000385 0.002002 0.026266 0.002318 0.041525 0.019421 0.001565 0.031248 0.014772 0.007445 0.003598 0.001040 0.002061 0.004783 0.010229 0.001895 0.009800 0.000854 0.004779 0.003115 0.014258 -0.010240 -0.002133 0.003155 0.007353 0.013866 -0.001941 0.003807 0.013478 0.012283 0.000212 0.002434 0.014472 0.018767 0.010285 0.003972 0.002053 0.011618 0.022896 0.013868 0.006752 0.003938 0.004855 -0.000107 0.006012 0.002970 0.008594 0.003036 0.000000 0.000000 0.000000 0.000000 0.000000 0.000000 
0.003714 0.001337 0.001519 0.000474 0.002309 0.001423 0.006481 0.005350 0.011239 0.012448 0.006461 0.009924 0.008751 0.011291 0.019565 0.011359 0.024196 0.015452 0.000513 0.010310 0.019407 0.003348 0.011986 0.023283 0.023624 0.016175 -0.002700 0.015594 0.002310 0.003596 0.005303 0.000635 0.006277 0.009835 0.004915 0.012921 0.010408 0.026389 0.000000 0.005002 0.011069 0.000725 0.022896 0.007068 0.006752 0.010286 0.004855 -0.000107 0.006012 0.002970 0.008594 0.003036 0.000000 0.000000 0.000000 0.000000 0.000000 0.000000 0.000000 0.000000 
0.001237 0.002173 0.002977 0.000647 0.001578 0.003208 0.001264 0.006355 0.001868 0.009464 0.001894 0.006144 0.007665 0.006069 0.006088 0.003237 0.005310 0.013027 0.027015 0.007912 0.011114 0.008951 -0.002122 0.004343 0.006753 0.019141 0.004476 0.013058 0.001633 0.013707 0.021730 0.011932 0.012679 0.014610 0.019351 0.006900 -0.001031 0.008804 0.016222 0.001590 0.005198 0.008435 0.011474 0.010286 0.004855 0.001392 0.006012 0.002970 0.008594 0.003036 0.000000 0.000000 0.000000 0.000000 0.000000 0.000000 0.000000 0.000000 0.000000 0.000000 
0.002519 0.000616 -0.000565 0.001495 0.002386 0.000866 0.009074 0.011018 0.018303 0.015418 0.005961 0.003585 0.010785 0.002647 0.002186 0.005139 0.001279 0.012451 0.007580 0.019186 0.024133 0.013072 0.012435 0.007115 0.005649 -0.000522 0.014785 0.001120 0.007109 0.004428 0.004691 0.017704 0.009788 0.001670 0.003465 0.010858 0.010292 0.007365 0.006009 0.008435 0.007036 0.032000 0.010128 0.001392 0.006012 0.005211 0.008594 0.003036 0.000000 0.000000 0.000000 0.000000 0.000000 0.000000 0.000000 0.000000 0.000000 0.000000 0.000000 0.000000 
0.003303 0.005114 0.004626 0.006346 0.001772 0.003030 0.004561 0.013954 0.008117 0.015993 0.006325 0.024064 0.014583 0.005669 0.008088 0.002809 0.010593 0.001159 0.006179 0.004937 0.008649 0.000523 0.001007 0.006670 -0.000702 0.017361 0.004573 0.006665 -0.000750 -0.001618 0.004298 0.004181 -0.000992 0.011453 0.013223 0.010509 0.005081 0.012171 0.007036 0.032000 0.010128 0.008210 0.003486 0.005211 0.008594 0.003036 0.000000 0.000000 0.000000 0.000000 0.000000 0.000000 0.000000 0.000000 0.000000 0.000000 0.000000 0.000000 0.000000 0.000000 
0.009091 0.002666 0.004695 0.000356 0.006944 0.016918 0.009743 0.009833 0.005383 0.014008 0.006332 0.017334 0.011125 0.006171 0.027726 0.007594 0.007145 0.000912 0.010145 0.012685 0.002368 0.006712 0.003944 0.000161 0.015145 0.000562 0.009242 0.028697 0.011019 0.021004 0.001686 0.016933 0.030249 0.006642 -0.000592 0.002160 -0.004552 0.021076 0.005134 0.008210 0.003486 0.005211 0.008594 0.003036 0.000000 0.000000 0.000000 0.000000 0.000000 0.000000 0.000000 0.000000 0.000000 0.000000 0.000000 0.000000 0.000000 0.000000 0.000000 0.000000 
0.010431 0.008775 0.005201 0.001301 0.005690 0.004293 0.003481 0.002745 0.006880 0.009943 0.003482 0.028892 0.017025 0.014740 0.009736 0.004143 0.021855 0.004935 0.007100 0.003432 0.008733 0.005698 0.008419 0.004030 0.006138 0.012001 0.009323 0.009097 0.009707 0.007585 0.020705 -0.002320 0.004694 0.000949 0.006951 0.000486 0.006441 0.002921 0.005743 0.007070 0.020185 0.013092 0.003486 0.005211 0.008594 0.003036 0.000000 0.000000 0.000000 0.000000 0.000000 0.000000 0.000000 0.000000 0.000000 0.000000 0.000000 0.000000 0.000000 0.000000 
0.001604 0.001767 0.006208 0.002128 0.003113 0.003053 0.004893 0.005213 0.004351 0.002352 0.002698 0.006281 0.014196 0.007712 0.007789 0.006922 0.006240 0.009046 0.006789 0.002034 0.006491 0.006768 0.000675 0.004216 0.003033 0.003952 0.002650 0.013117 0.013673 0.008646 0.006845 0.006032 0.011041 0.017488 0.002350 0.002279 0.008961 0.001420 -0.000381 0.001371 0.011116 0.005479 0.029075 0.020185 0.013092 0.011298 0.008355 0.008594 0.003036 0.000000 0.000000 0.000000 0.000000 0.000000 0.000000 0.000000 0.000000 0.000000 0.000000 0.000000 
0.003614 0.004405 0.005728 0.008526 0.005328 0.011513 0.013460 0.008751 0.007823 0.013422 0.003312 0.006845 0.007257 0.005421 0.006768 0.007682 0.007931 0.005793 0.004904 0.011959 0.021784 0.015318 0.008344 0.014987 0.002577 0.011688 0.013978 0.009084 0.004369 0.006608 0.009769 0.016796 0.009622 0.006579 0.010269 0.001004 0.007082 0.004570 0.001052 0.002988 -0.000381 0.009924 0.003423 0.005479 0.029075 0.011739 0.013092 0.011298 0.008355 0.008594 0.003036 0.000000 0.000000 0.000000 0.000000 0.000000 0.000000 0.000000 0.000000 0.000000 
0.004053 0.005831 0.009881 0.003267 0.000798 0.007788 0.005762 0.005982 0.001408 0.000445 0.000761 0.003346 0.002395 0.002314 0.002964 0.002696 0.001895 0.005987 0.003046 0.021687 0.014466 0.014546 0.018999 0.007748 0.018094 0.014026 0.005919 0.008224 0.009277 0.002423 0.012234 0.009706 0.008068 0.020290 0.014493 0.016397 0.003557 0.007513 -0.001232 0.009185 0.002453 -0.000915 0.013940 0.008269 0.003423 0.017608 0.010495 0.011739 0.000000 0.011298 0.008355 0.008594 0.003036 0.000000 0.000000 0.000000 0.000000 0.000000 0.000000 0.000000 
0.006036 0.004516 0.004974 0.004519 0.005352 0.001514 0.003106 0.017609 0.009990 0.004853 0.010600 0.003298 0.003619 0.001103 0.006051 0.003213 0.003277 0.001187 0.002002 0.002891 0.008690 0.005163 0.003757 0.003013 0.002290 0.009556 0.010166 0.003634 0.007365 0.007269 0.006585 0.001721 0.005863 0.005009 0.013562 0.000949 0.012582 0.017782 0.004101 0.004712 0.005011 0.002055 0.006393 0.013514 0.018651 0.004430 0.008776 0.007068 0.010495 0.006036 0.000000 0.002199 0.008355 0.002667 0.003036 0.000000 0.000000 0.000000 0.000000 0.000000 
-0.000114 0.000975 0.002553 0.002277 0.013167 0.007254 0.001594 0.005785 0.004865 0.002009 0.004953 0.005190 0.006429 0.000466 0.002641 0.002518 0.000074 -0.000901 0.002038 0.003590 0.000616 0.002367 0.001633 0.005723 0.008598 0.006899 0.011077 0.010555 0.000985 0.002746 0.008812 0.003323 0.008265 0.011440 0.012184 0.012555 0.022963 0.018678 0.014198 0.007905 0.006953 0.007027 0.015948 0.017547 0.013514 0.008626 0.004430 0.010248 0.007068 0.010495 0.006036 0.000000 0.002199 0.008355 0.002667 0.003036 0.000000 0.000000 0.000000 0.000000 
0.004763 0.003992 0.005584 0.004002 0.004133 0.004325 0.002724 0.001913 0.004015 0.003769 0.009345 0.007117 0.011079 0.004917 0.003884 0.001902 0.007138 0.003461 0.004308 0.001704 0.002506 0.000908 0.006989 0.004673 0.000734 0.001873 0.005925 0.028367 0.014974 0.024761 0.007178 0.015161 0.018540 0.006602 0.015496 0.006560 0.005580 0.007682 0.006828 0.001303 0.002656 0.004691 -0.000983 0.005200 0.015948 0.005445 0.011934 0.008626 0.005035 0.010248 0.000865 0.014111 0.006036 0.012228 0.002199 0.008355 0.002667 0.003036 0.000000 0.000000 
0.005696 0.007792 0.014360 0.006290 0.000567 0.006179 0.007234 0.007502 0.007510 0.002713 0.006453 0.001240 0.004944 0.004738 0.000780 0.006952 0.004579 0.000929 0.002106 0.003408 0.005286 0.004708 0.008117 0.008897 0.001173 0.001020 0.003472 0.003178 0.002158 0.002359 0.007063 0.024920 0.019678 0.018416 0.008326 0.002572 0.005250 0.008196 0.005310 0.000456 0.004052 0.008032 0.003597 0.000087 0.003131 0.015896 0.025779 0.006045 0.004022 0.019890 0.012507 0.000865 0.014111 0.012489 0.012228 0.002199 0.008355 0.002667 0.003036 0.000000 
0.023022 0.007869 0.015261 0.016806 0.009703 0.006788 0.005721 0.000152 0.005979 0.012283 0.005607 0.000748 0.002585 0.006031 0.008867 0.004898 0.004148 0.002526 0.008501 0.003684 0.000086 0.004430 0.005865 0.013311 0.014146 0.016586 0.005018 0.002102 0.002792 0.004844 0.008697 0.007726 0.014083 0.025319 0.012335 0.013718 0.012439 0.003718 0.002880 0.003435 0.005265 0.004722 0.004741 0.002193 -0.000485 0.006544 0.028932 0.011940 0.013881 0.009852 0.019890 0.012507 0.001042 0.004581 0.012489 0.012228 0.002199 0.000919 0.002667 0.003036 
0.009227 0.012584 0.003449 0.028571 0.015733 0.006156 0.006670 0.000166 0.001819 0.007719 0.004876 0.006523 0.004387 0.007941 0.007095 0.012513 0.002769 0.002083 0.008356 0.007688 0.001356 0.001029 0.000022 0.002868 0.003940 0.004328 0.005158 0.004201 0.001547 0.007036 0.008191 0.004137 0.003642 0.010833 0.023262 0.011350 0.005943 0.000616 0.001390 0.006801 0.007792 0.007161 0.004741 0.002579 0.004220 0.003953 0.005024 0.011940 0.013881 0.009852 0.009166 0.012866 0.001042 0.004581 0.012489 0.012228 0.006103 0.000919 0.002667 0.003036 
0.000651 0.006002 0.011808 0.008782 0.006118 0.005303 0.008928 0.005079 0.002570 0.001776 0.004343 0.003669 0.004980 0.014937 0.009305 0.003541 0.008373 0.008893 0.000107 0.000991 0.006115 0.007247 0.002351 0.005557 0.003954 0.005458 0.002421 0.004379 0.002661 0.003118 0.005289 0.013491 0.003783 -0.000760 0.005119 0.003156 0.001755 0.009209 0.003234 0.003049 0.003487 0.005320 0.005623 0.005635 0.005329 0.007156 0.006116 0.003828 0.011448 0.008879 0.006014 0.009166 0.012866 0.001042 0.001637 0.007165 0.009579 0.006103 0.000919 0.002667 
0.003410 0.022042 0.004670 0.001432 0.001007 0.006777 0.010507 0.009424 0.006047 0.001126 0.002125 0.001309 0.002874 0.004094 0.006968 0.005218 0.001705 0.001059 0.002597 0.003172 0.003237 0.002147 0.001812 0.001626 0.004186 0.003786 0.003041 0.001406 0.002191 0.004159 0.002895 0.001003 0.004178 0.018309 0.032335 0.018042 0.002630 0.008179 0.008070 0.003180 0.001569 0.006488 0.004620 0.003154 0.002154 0.004537 0.005813 0.015427 0.008370 -0.001263 -0.001017 0.002708 0.004353 0.005183 0.001637 0.007165 0.009579 0.006103 0.000919 0.002667 
0.009743 0.005050 0.003630 0.001994 0.005117 0.004175 0.004712 0.007960 0.007664 0.007864 0.008320 0.009066 0.005785 0.005655 0.000148 0.001791 0.001190 0.004606 0.009323 0.007642 0.003760 0.005987 0.004692 0.005723 0.005157 0.003018 0.001181 0.001922 0.002359 0.003652 0.002640 0.002086 0.006324 0.009328 0.006224 0.009163 0.009149 0.002581 0.000939 0.000567 0.003525 0.007626 0.002837 0.002542 0.000665 0.005051 0.005511 0.001386 0.005705 0.003495 -0.001017 0.002708 0.004353 0.005183 0.001637 0.007165 0.009579 0.006103 0.000919 0.002667 
0.006694 0.005807 0.003740 0.003535 0.008545 0.011009 0.005642 0.020983 0.017719 0.014942 0.040831 0.026535 -0.000430 0.000321 0.001152 0.008014 0.013016 0.008722 0.011389 0.005253 0.003635 0.001302 0.002424 0.006839 0.011878 0.003942 0.002265 0.002118 0.003811 0.003434 0.005347 0.005600 0.005866 0.003801 0.007501 0.008263 0.003147 0.001589 0.001232 0.003671 0.007386 0.002344 0.007347 0.010400 0.001459 0.000270 0.001047 0.006878 0.005705 0.003495 0.003554 -0.001076 0.000941 0.001273 0.003875 0.010503 0.009579 0.006103 0.000919 0.002667 
0.007992 0.000879 0.002763 0.004707 0.004691 0.007626 0.007216 0.013288 0.002770 -0.003920 -0.001244 0.004246 0.002115 0.000420 0.002941 0.008578 0.002643 0.004303 0.009562 0.005986 0.002872 0.005733 0.000761 -0.000644 0.003158 0.001930 0.003903 0.003710 0.002264 0.001379 0.001415 0.006883 0.012946 0.002133 0.006262 0.007167 0.008356 0.006369 0.002250 0.004140 0.006832 0.004206 0.003041 0.002277 0.007591 0.001047 0.006878 0.003764 0.006219 0.007688 0.007115 0.000941 0.001273 0.003875 0.010503 0.005042 0.004015 0.000919 0.002667 0.003036 
0.006068 0.003315 0.003871 0.002607 0.002417 0.005063 0.002931 0.007857 0.002343 0.003724 0.001842 0.001257 0.004063 0.003736 0.008487 0.004098 0.007914 0.007880 0.006807 0.001078 0.003986 0.011912 0.005825 0.006063 0.000167 0.003665 0.004381 0.001684 0.001118 0.002619 0.006056 0.009091 0.006913 0.005330 0.001827 0.005604 0.006185 0.003241 0.003280 0.001887 0.006051 0.006822 0.012090 0.009045 0.005473 -0.000603 0.006342 0.009613 0.007688 0.007115 0.003273 0.004674 0.003875 0.010503 0.005042 0.004015 0.000919 0.002667 0.003036 0.000000 
0.004487 0.007060 0.009099 0.011171 0.010432 0.005247 0.022834 0.029851 0.019705 0.147835 0.137059 0.003947 0.005341 0.006882 0.008197 0.003935 0.001100 0.004656 0.002960 0.003826 0.002453 0.002214 0.000627 0.002577 0.005323 0.005703 0.002813 0.009136 0.002304 0.001002 0.003272 0.017318 0.021676 0.005663 0.008989 0.001780 0.006701 0.005179 0.001721 0.001744 0.003089 -0.001005 0.000974 0.005394 0.015369 0.009858 0.009613 0.010892 0.021627 0.007868 0.004674 0.004379 0.004367 0.005042 0.004015 0.003326 0.002667 0.003036 0.000000 0.000000 
0.005111 0.003401 0.005468 0.001925 0.007629 0.002166 0.003439 0.014565 0.003360 0.003713 0.000197 0.001776 0.003149 0.003984 0.005671 0.005387 -0.000200 0.001503 0.004103 0.014238 0.001169 0.000380 0.009174 0.001479 0.002273 0.004710 0.003030 0.004712 0.004046 0.011228 0.015164 0.004941 0.013287 0.019414 0.007915 0.001236 0.006038 0.001680 0.001723 0.001912 0.004313 0.002970 0.013393 0.009636 0.009858 -0.004402 0.002372 0.021627 0.007868 0.009521 0.004379 0.004367 0.005042 0.004015 0.003326 0.002667 0.003036 0.000000 0.000000 0.000000 
0.001792 0.009355 0.003703 0.008434 0.005023 0.004111 0.004299 0.005574 0.002219 0.001133 0.002468 0.002107 0.005016 0.000993 0.004357 0.011065 0.006539 0.002238 0.007545 0.004447 0.008316 0.001896 -0.001485 0.002921 0.002978 0.004112 0.003319 0.005847 0.005599 0.003620 0.010188 0.020252 0.005954 0.007023 0.005223 0.008964 0.004725 0.004752 0.001694 0.013436 0.007934 0.009057 0.018289 0.004030 0.026544 0.030344 0.010192 0.012893 0.009521 0.004249 0.004367 0.005371 0.004015 0.003326 0.002667 0.003036 0.000000 0.000000 0.000000 0.000000 
0.016147 0.012418 0.028367 0.008497 -0.000248 0.004543 0.009328 0.000881 0.005407 0.003109 -0.000793 0.004232 0.010049 0.001701 0.000957 0.002376 0.002734 0.005776 0.001488 0.000618 0.004098 0.003441 0.003145 0.004893 0.002855 0.002499 0.003143 0.009328 0.002368 0.003457 0.010621 0.005365 0.001202 0.006526 0.010431 0.004118 0.000642 0.003086 0.005144 0.002755 0.006428 0.012633 0.009545 0.030344 0.004898 0.012893 0.009306 0.004249 -0.000101 0.005371 0.004898 0.003326 0.006309 0.003036 0.000000 0.000000 0.000000 0.000000 0.000000 0.000000 
0.002955 0.006309 0.003548 0.003923 0.002144 0.007543 0.001420 0.003863 0.012217 0.003076 0.007205 0.002410 0.001191 0.002624 0.002783 0.003266 0.000277 0.000563 0.000460 0.004708 0.002915 0.009246 0.003910 0.002718 0.002422 0.002524 0.002584 0.005455 0.005292 0.010186 0.005162 0.004473 0.007226 0.009475 0.002391 0.004667 0.004710 0.003703 0.009945 0.010486 0.000100 0.009249 0.007199 0.008141 0.009306 0.003440 -0.000101 0.006385 0.004898 0.003326 0.006309 0.003036 0.000000 0.000000 0.000000 0.000000 0.000000 0.000000 0.000000 0.000000 
0.012323 0.001580 0.013105 0.000856 0.003568 0.003934 0.008357 0.006415 0.001396 0.000220 0.005764 0.002451 0.007361 0.010694 0.005689 0.002501 0.001982 0.003428 0.004747 0.002940 0.006640 0.003718 0.003607 0.004880 0.003838 0.002940 0.010458 0.022346 0.006832 0.019468 0.016524 0.003103 0.001650 0.006128 0.011321 0.002775 0.007609 0.010079 0.009086 0.011858 0.007199 0.002116 0.003069 0.003440 0.006450 0.006385 0.004898 0.003326 0.006309 0.003036 0.000000 0.000000 0.000000 0.000000 0.000000 0.000000 0.000000 0.000000 0.000000 0.000000 
0.012407 0.006531 0.003631 0.007233 0.001052 0.005985 0.002594 0.003884 0.003767 0.002435 0.000871 0.002876 0.004664 0.002108 0.002676 0.000527 0.002832 0.006585 0.004283 0.003865 0.002897 0.003430 0.001651 0.002990 0.001754 0.004577 0.002446 0.003465 0.013242 0.005741 0.000898 0.005333 0.006069 0.012140 0.008248 0.016121 0.008432 0.005968 0.004703 0.002116 0.000212 0.005735 0.006450 0.006385 0.004898 0.007019 0.006309 0.003036 0.000000 0.000000 0.000000 0.000000 0.000000 0.000000 0.000000 0.000000 0.000000 0.000000 0.000000 0.000000 
0.016306 0.005623 0.002795 0.003336 0.002419 0.002223 0.000262 0.007952 0.007019 0.007395 0.013175 0.002198 0.000733 0.002909 0.001882 0.002469 0.001311 0.003487 0.000896 0.003978 0.002094 0.008784 0.002370 0.002534 0.010613 0.010598 0.005894 0.005290 0.003747 0.007946 0.006338 0.008647 0.004989 0.017658 0.020056 0.018800 0.001694 0.003910 0.005856 0.008350 0.004460 -0.003581 0.007019 0.006309 0.003036 0.000000 0.000000 0.000000 0.000000 0.000000 0.000000 0.000000 0.000000 0.000000 0.000000 0.000000 0.000000 0.000000 0.000000 0.000000 
0.003036 0.006309 0.007019 -0.003581 0.004460 0.008350 0.005856 0.003910 0.030072 0.013617 0.011007 0.018557 0.010289 0.005041 0.005022 0.003908 0.013392 0.002358 0.002526 0.001150 0.003965 0.002814 0.007908 0.006597 0.010114 0.005955 0.002747 0.004803 0.009971 0.003991 0.003251 0.007804 0.012462 0.002684 0.007062 0.003026 0.002883 0.003860 0.003730 0.008597 0.001419 0.006355 0.009986 0.002305 0.000000 0.000000 0.000000 0.000000 0.000000 0.000000 0.000000 0.000000 0.000000 0.000000 0.000000 0.000000 0.000000 0.000000 0.000000 0.000000 
0.003036 0.006309 0.007019 -0.003581 0.011764 0.008687 0.005583 0.006877 0.017145 0.006565 0.010359 0.010714 0.010381 -0.000609 0.008602 0.001330 0.012097 0.008033 0.007506 0.003568 0.002868 0.005794 0.005453 0.006917 0.005914 0.005427 0.008466 0.002892 0.004205 0.001049 0.001333 0.009859 0.004252 0.000929 -0.000377 0.001416 0.003803 0.000992 0.003306 0.001776 0.001034 0.010197 0.008076 0.003133 0.006264 0.007732 0.005115 0.000000 0.000000 0.000000 0.000000 0.000000 0.000000 0.000000 0.000000 0.000000 0.000000 0.000000 0.000000 0.000000 
0.003036 0.006309 0.007019 0.004032 0.011764 0.008687 0.005583 0.000955 0.008501 0.007954 0.010359 0.004966 0.007725 0.003408 0.003375 0.020521 0.005880 0.008224 0.006797 0.004283 0.001806 0.001934 0.003083 0.014150 0.009213 0.000838 0.006809 0.008617 0.004817 0.003074 0.001357 0.003985 0.002491 0.003915 0.003785 0.013346 0.000403 0.003997 0.003456 0.003792 0.013313 0.008087 0.000036 0.002919 0.000831 0.005365 0.004593 0.005449 0.004726 0.000000 0.000000 0.000000 0.000000 0.000000 0.000000 0.000000 0.000000 0.000000 0.000000 0.000000 
0.003036 0.006309 0.021788 0.004032 0.011764 0.001924 0.014556 0.003077 0.005415 -0.000611 0.008660 0.017062 0.010509 0.007269 0.001555 0.030775 0.006678 -0.004197 0.001873 0.007220 0.004458 0.001048 0.000930 0.001893 0.003627 0.000497 0.004976 0.000692 0.009251 0.005122 0.006668 0.005831 0.007161 0.002188 0.006652 0.008025 0.001798 0.005851 0.004686 0.001444 0.002901 0.000476 0.002621 0.007204 0.002439 0.002785 0.002610 0.020222 0.004991 0.008273 0.005935 0.000000 0.000000 0.000000 0.000000 0.000000 0.000000 0.000000 0.000000 0.000000 
0.003036 0.006309 0.021788 0.004032 0.005557 0.001924 0.011154 0.003077 0.007411 0.005013 0.008660 -0.000593 0.011360 0.000406 0.012277 0.008007 0.003767 -0.003191 0.013078 0.003523 0.001651 0.007580 0.002387 0.000619 0.006139 0.000710 0.002089 0.004777 0.011972 0.008192 0.007559 0.014563 0.024096 0.007044 0.014439 0.005364 0.001113 0.003194 0.002674 0.003170 0.005644 0.008501 0.021487 0.009911 0.009498 -0.000850 0.006922 0.021447 0.004276 0.003764 0.005120 0.002937 0.000587 0.000000 0.000000 0.000000 0.000000 0.000000 0.000000 0.000000 
0.003036 0.010538 0.021788 0.004476 0.005557 -0.002891 0.011154 0.006901 0.007411 0.015441 0.006216 0.000616 0.009532 0.008699 0.017292 0.011269 0.004904 -0.002330 0.007583 0.012244 0.002909 0.013092 0.003016 0.005973 0.001579 0.000546 0.003176 0.003151 0.003415 0.012015 0.007445 0.003303 0.003942 0.009207 0.001304 0.004552 0.009191 0.006985 0.003726 0.003168 0.001081 0.009414 -0.000305 0.007986 0.022801 0.004332 0.011143 0.008665 0.005694 0.004134 0.012653 0.006103 0.012148 0.006697 0.018050 0.000000 0.000000 0.000000 0.000000 0.000000 
0.003036 0.010538 0.021788 0.004476 0.005557 -0.002891 0.015229 0.006901 0.005057 0.015441 0.009626 -0.004430 0.003759 0.011981 0.012783 0.015748 -0.002446 0.007738 0.015326 0.013731 0.006244 0.004445 0.009266 -0.003016 0.007561 0.007324 0.001591 0.003646 0.003962 0.003018 0.002478 0.007221 0.001720 0.001398 0.004562 0.010689 0.002883 0.005334 0.002956 0.002881 0.009073 0.005187 0.010894 0.011788 0.000599 0.011398 0.007170 0.009321 0.000131 -0.000430 0.014146 0.008850 0.001690 -0.004852 0.022682 -0.001035 0.007269 0.000000 0.000000 0.000000 
0.003036 0.010538 0.021788 0.004476 0.001689 -0.002891 0.015229 0.003832 0.005057 0.006686 0.013059 -0.004430 0.012594 0.015177 0.000489 0.013649 -0.001841 0.013628 0.013532 0.020145 0.019694 0.012015 0.006743 0.006262 0.015360 0.011435 0.002990 0.002985 -0.000632 0.007329 0.008495 0.000759 0.004066 0.005619 0.000574 0.002279 0.005266 0.004903 0.001355 0.001887 0.005781 0.007159 0.004345 0.007690 0.007615 0.006586 0.008091 0.008274 0.001562 0.011398 0.002499 0.000585 0.009776 0.028473 0.010986 0.005467 0.001899 0.015132 0.000000 0.000000 
0.003036 0.010538 0.021788 0.004476 0.001689 -0.001875 0.015229 0.003832 0.010876 0.016245 0.013059 0.006171 0.008145 0.003845 0.019236 0.006476 0.015777 0.006143 0.010923 0.012045 0.007650 0.012241 0.009440 0.015059 0.004261 0.003325 0.022215 0.006934 0.022460 0.009676 0.005087 -0.000207 0.001940 0.001422 0.003481 0.005663 0.002890 0.005350 0.001642 0.002657 0.000809 0.007207 0.007269 0.003525 0.002947 0.006544 0.001471 0.002128 0.007325 0.004533 0.013341 0.005269 -0.001259 0.005255 0.007545 -0.003502 0.005105 0.003092 0.010705 0.000000 
0.003036 0.010538 0.003168 0.004476 0.001689 -0.001875 0.028074 0.007838 0.011810 0.016245 0.013346 0.027258 0.007796 0.003792 0.007161 -0.001112 0.009499 0.002239 0.003164 0.027362 0.015391 0.021190 0.009521 0.016044 0.020032 0.003006 0.051912 0.004843 0.004463 -0.000350 0.006029 0.004766 0.004698 0.001359 0.003413 0.012085 0.001837 0.002433 0.004187 0.008098 0.008405 0.011009 0.001353 0.004574 0.004237 0.003311 0.003211 0.001779 0.003150 0.003110 0.005337 0.001677 0.009130 0.006127 0.002016 0.002859 0.000854 0.001888 0.005593 0.004416 
0.003036 0.010538 0.003168 0.017302 0.001689 -0.001875 0.028074 0.007838 0.011810 0.027668 0.016132 0.021673 0.007796 0.003792 0.002821 0.003553 0.006511 0.005430 0.000044 0.013096 0.010898 0.025862 0.013351 0.009378 0.004332 0.010597 0.025263 0.002935 0.015002 0.008324 -0.001078 0.006212 0.000474 0.013832 0.006420 0.003719 0.003858 0.002220 0.005827 0.005653 0.008182 0.000725 0.008196 0.006797 0.002811 0.004776 0.001838 0.003463 0.002608 0.002038 0.005154 0.003357 0.004385 0.007362 0.008559 0.011243 0.006485 0.003619 0.004781 0.004741 
0.003036 0.010538 0.003168 0.017302 0.010480 -0.000727 0.000656 0.002627 0.011810 0.027668 0.016132 0.021673 0.007838 0.016523 0.009788 0.019853 0.007464 0.006595 0.017644 0.007082 0.003460 0.007193 0.027091 0.005147 0.002124 0.017574 0.007810 0.016146 0.003468 0.004557 0.003117 0.000433 0.003577 0.004604 0.006077 0.002212 0.010648 0.004284 0.004677 0.005206 0.001641 0.006404 0.003779 0.004773 0.003461 0.011820 0.013677 0.001783 0.002614 0.002734 0.004509 0.015800 0.014583 0.003319 0.002145 0.002497 0.004499 0.001967 0.010017 0.004721 
0.003036 0.010538 0.003168 0.017302 0.010480 -0.000727 0.000656 0.002627 0.007171 0.016444 0.021303 0.011981 0.010294 0.011191 0.015496 0.007690 0.016351 0.002091 0.041808 0.007745 0.002948 0.004871 0.009903 0.003651 0.004635 0.000488 0.004973 0.002952 0.007436 0.000757 0.002453 0.002373 0.004735 0.001867 0.000585 0.005424 0.000726 0.002213 0.001701 0.001976 0.003682 0.007894 0.007562 0.007921 0.000458 0.003836 0.001252 0.002930 0.003024 0.007370 0.003041 0.004237 -0.000360 0.002822 0.004086 0.005336 0.005620 0.009093 0.003414 0.001324 
