0.004928 -0.005497 -0.005632 -0.000548 -0.008295 0.004044 -0.002788 -0.001324 -0.002027 -0.003668 -0.000387 -0.002100 -0.010400 0.000690 0.000435 -0.003517 -0.005649 0.002852 -0.001855 -0.000960 -0.000882 -0.004732 -0.006038 0.001222 -0.002151 0.003734 0.000927 -0.000457 0.000616 0.001190 0.000653 0.000097 0.000077 0.000055 0.000116 0.000355 0.000053 -0.000145 0.000034 -0.000044 -0.000435 -0.001625 0.000008 0.000516 -0.000092 -0.000957 -0.000911 -0.000377 0.000235 -0.001147 0.000035 -0.000483 -0.000209 0.000925 -0.000579 -0.000623 0.000395 0.000013 0.000112 0.000067 
0.004928 -0.005497 -0.005632 -0.000548 -0.008295 0.004044 -0.002788 -0.001324 -0.005438 -0.000018 0.000861 -0.002975 -0.004324 0.008405 0.002332 -0.004350 -0.010606 0.007739 0.002284 0.008325 0.002485 0.001182 0.000820 -0.000616 0.004747 -0.000104 -0.005599 0.003179 0.002096 0.000593 0.000146 -0.000293 0.000171 0.000234 -0.000239 -0.000055 0.000309 0.000025 0.000761 -0.000727 0.000042 -0.000139 0.000298 -0.000208 -0.000201 0.000031 0.000412 0.000084 -0.000433 -0.000628 -0.000440 0.000075 -0.000117 -0.000192 -0.000109 0.000151 -0.000030 0.000067 -0.000153 0.000013 
0.004928 -0.005497 -0.005632 -0.000548 -0.004720 0.001585 -0.005109 -0.003924 -0.005438 -0.000018 0.000861 -0.002975 0.005079 0.004191 0.003866 0.003198 -0.007721 0.003335 -0.000169 -0.002067 -0.001284 -0.003618 0.002972 -0.002806 -0.006664 -0.003328 0.000421 -0.003514 -0.000715 -0.000708 0.001049 -0.000255 -0.000291 -0.000339 0.000126 -0.000392 0.000054 0.000147 0.000085 0.000118 -0.000252 0.000123 -0.000055 -0.000400 -0.000305 -0.000140 0.000448 0.000050 0.000106 0.000222 0.000572 -0.000029 -0.000160 0.000212 0.000297 0.000132 -0.000109 0.000022 -0.000164 -0.000648 
0.004928 -0.005497 -0.005632 0.000062 -0.004720 0.001585 -0.005109 -0.003924 -0.005438 0.003543 -0.000682 -0.000776 0.005079 0.004191 -0.001810 0.013852 0.003124 -0.000915 -0.001662 -0.003191 -0.005549 0.001481 0.003990 -0.000988 0.001333 -0.003193 -0.000803 0.001085 0.000637 0.000259 0.000084 0.000029 0.000114 0.000125 0.000199 0.000041 0.000188 0.000912 0.000371 -0.000223 -0.000339 0.000074 -0.000050 0.000087 0.000104 0.000166 0.000400 -0.000906 -0.000174 -0.000024 0.000400 0.000158 0.000016 0.000160 0.000274 0.000072 -0.000013 0.000562 -0.000074 -0.000144 
0.004928 -0.005497 -0.001781 0.000062 -0.004720 0.001585 0.000809 -0.007100 -0.000111 0.003543 0.000067 -0.003487 0.003588 0.003426 -0.004669 0.013557 0.001799 -0.008735 -0.000488 -0.003657 -0.006251 0.001354 -0.001590 -0.004167 0.005111 -0.001618 0.001264 0.000335 0.000424 -0.000086 0.000247 -0.000032 0.000611 -0.000376 0.000456 -0.000404 0.000151 0.000570 -0.000295 -0.000715 0.000032 -0.000240 -0.000095 0.000218 0.000459 0.001091 0.000143 -0.000071 0.000198 -0.000184 -0.000350 -0.000356 0.000182 -0.000363 -0.000175 -0.000008 0.000034 0.000436 -0.000092 0.000000 
0.004928 -0.005497 -0.001781 0.000062 -0.004720 -0.000419 0.000809 -0.007100 0.004345 0.003760 0.000067 -0.005697 -0.001512 -0.002808 0.000421 0.003546 0.000239 0.001026 -0.000719 -0.011748 -0.000191 0.000614 -0.003450 -0.001652 -0.001891 -0.004734 0.001718 0.000180 0.000268 0.000728 0.000224 0.000915 -0.001035 -0.000773 -0.000035 0.000511 -0.000520 0.000280 -0.000273 0.001304 -0.000144 0.000166 -0.000902 0.000154 0.000238 0.000288 -0.000299 -0.000598 -0.000341 -0.000479 -0.000168 -0.000263 -0.000036 0.000130 -0.000132 -0.000511 0.000060 -0.000049 0.000000 0.000000 
0.004928 -0.005497 -0.001781 0.000062 0.004726 -0.000419 0.000809 0.003176 0.004345 0.006669 -0.002459 -0.005697 0.000751 -0.006561 0.003548 0.001106 0.002702 -0.004892 0.004556 -0.002303 -0.001522 0.001374 0.003366 0.000277 -0.001988 0.000058 0.000530 -0.000273 -0.000909 -0.000414 -0.001319 -0.000346 -0.000006 0.000985 -0.000032 -0.000341 -0.001026 0.000201 0.000275 -0.000214 -0.000340 -0.000851 -0.000613 0.000592 0.000338 -0.000155 0.000000 -0.000305 -0.000273 -0.000114 -0.000850 0.001023 0.000511 -0.001788 -0.000324 0.000119 -0.000384 0.000000 0.000000 0.000000 
0.004928 -0.005497 -0.001781 0.000062 0.004726 -0.000419 -0.002154 0.003176 -0.006283 0.006669 0.000897 0.001146 0.002827 0.000172 0.012126 0.006275 -0.001841 -0.001227 0.001659 -0.005342 -0.002674 0.000903 0.002313 -0.004582 0.001223 0.000458 0.000485 0.000268 -0.000529 -0.001558 -0.000921 -0.001173 -0.003023 0.002108 -0.000038 -0.000484 0.001887 -0.001122 -0.000802 0.000456 0.000027 0.000426 -0.000319 0.000328 -0.001864 -0.000845 -0.003868 -0.001028 0.000015 -0.000284 -0.001653 -0.000097 0.000391 -0.000510 0.000126 0.000000 0.000000 0.000000 0.000000 0.000000 
0.004928 -0.001476 -0.001781 -0.003057 0.004726 0.002686 -0.002154 0.001166 -0.006283 0.000586 0.002601 -0.002983 0.002325 0.001568 0.012159 -0.000461 -0.005473 0.000448 0.001037 -0.003633 0.001055 -0.001337 -0.001622 0.001073 0.000083 -0.000340 0.000281 0.002800 0.000591 -0.000994 0.001495 -0.000029 -0.001247 -0.000583 -0.000799 0.001525 0.000364 -0.002140 -0.000719 -0.004654 -0.002995 -0.001901 0.003335 -0.001144 -0.000271 -0.000621 0.000123 -0.001606 0.000272 -0.001645 -0.001947 -0.002016 0.000075 0.000000 0.000000 0.000000 0.000000 0.000000 0.000000 0.000000 
0.004928 -0.001476 -0.001781 -0.003057 -0.000808 0.002686 0.001463 0.001166 -0.006135 0.002184 0.002601 -0.002036 0.002798 0.007529 -0.000132 -0.003046 0.001580 0.000131 -0.001754 -0.001838 0.002637 -0.000641 0.002535 0.004240 -0.000495 0.000007 -0.000815 0.001160 0.000000 -0.001707 -0.001893 0.002545 0.001184 0.002769 -0.001421 -0.002213 -0.000918 -0.000923 -0.002026 -0.001075 -0.003647 -0.001091 -0.001828 0.000507 -0.000980 -0.000706 -0.000374 -0.001640 0.000159 0.000309 -0.000297 0.000000 0.000000 0.000000 0.000000 0.000000 0.000000 0.000000 0.000000 0.000000 
0.004928 -0.001476 0.002673 -0.003057 -0.000808 -0.001534 -0.001348 0.000404 -0.001166 0.000257 0.000037 -0.002218 -0.001106 0.002274 0.000831 -0.000305 -0.000502 -0.000103 0.001458 0.000548 -0.001690 0.000103 -0.000975 -0.001219 0.000602 0.001238 -0.000838 0.001057 0.000161 -0.001268 0.002829 0.001638 0.002920 0.000810 -0.000297 -0.001905 -0.000625 0.000626 0.000631 -0.001204 -0.001505 -0.002296 -0.003383 -0.000775 -0.000984 -0.001399 -0.001626 -0.001403 -0.000520 0.000000 0.000000 0.000000 0.000000 0.000000 0.000000 0.000000 0.000000 0.000000 0.000000 0.000000 
0.004928 -0.001476 0.002673 0.005416 -0.000808 -0.001534 -0.001348 -0.002280 -0.000600 0.002561 0.000037 -0.000902 0.000901 0.002276 0.001261 -0.001075 0.000793 0.001169 0.000767 -0.000183 -0.000723 0.000239 0.000168 0.000571 -0.005234 0.001241 -0.001565 0.001413 -0.000864 -0.000015 0.001165 0.001145 0.000063 -0.000109 -0.000832 0.001392 -0.001790 0.000507 -0.001396 0.000573 -0.001592 -0.004356 -0.002004 -0.001010 -0.001161 0.000394 -0.000684 0.000000 0.000000 0.000000 0.000000 0.000000 0.000000 0.000000 0.000000 0.000000 0.000000 0.000000 0.000000 0.000000 
0.004928 -0.001476 0.002673 0.005416 0.001300 -0.007572 0.002389 0.001280 -0.001855 0.001202 0.001404 -0.001180 0.000243 0.000493 -0.001225 -0.000278 0.001830 -0.000379 -0.001483 -0.002162 0.001325 0.001649 -0.001558 -0.000013 0.000902 0.000000 0.000913 0.000271 -0.000801 0.000563 0.002487 -0.001291 0.000438 0.000315 -0.001403 -0.000803 0.000774 -0.003504 0.000746 0.001212 0.000479 -0.001012 -0.000592 -0.001246 0.000000 0.000000 0.000000 0.000000 0.000000 0.000000 0.000000 0.000000 0.000000 0.000000 0.000000 0.000000 0.000000 0.000000 0.000000 0.000000 
0.004928 -0.001476 0.002673 0.005416 0.001300 -0.007572 0.002389 0.001280 -0.002565 -0.003621 0.008059 -0.001077 -0.000940 -0.001425 -0.000277 -0.000386 -0.001441 -0.000454 -0.000679 0.000413 0.000478 -0.003179 0.000474 -0.000599 -0.001344 -0.001050 -0.002048 0.002188 0.000217 -0.003184 0.001413 -0.000299 -0.000478 0.000876 0.001364 0.000827 0.000786 -0.000163 0.000088 -0.001940 0.000138 -0.000655 -0.000211 -0.000174 -0.000788 0.000000 0.000000 0.000000 0.000000 0.000000 0.000000 0.000000 0.000000 0.000000 0.000000 0.000000 0.000000 0.000000 0.000000 0.000000 
0.004928 -0.001476 0.002673 0.005133 0.003826 -0.000843 -0.005275 0.001620 -0.005749 0.000812 -0.001276 0.008796 -0.000595 -0.000584 0.000932 -0.000588 0.000543 0.002586 -0.001234 -0.000299 -0.000273 0.000766 -0.001174 -0.002090 0.000298 0.000564 0.003138 0.000449 -0.002102 -0.000247 -0.000770 -0.000243 0.001979 -0.000487 -0.000198 -0.000490 0.001538 0.000266 0.000172 0.000183 0.000393 -0.000578 -0.000482 0.000428 0.001232 0.000764 -0.002581 0.000654 0.000000 0.000000 0.000000 0.000000 0.000000 0.000000 0.000000 0.000000 0.000000 0.000000 0.000000 0.000000 
0.004928 -0.001476 -0.001886 0.005133 0.003826 -0.000843 -0.004830 -0.003987 -0.005749 -0.011292 0.001305 0.005841 -0.003830 -0.002769 -0.000892 0.002020 0.001699 0.001316 0.003010 0.000399 0.000638 0.002621 0.000443 -0.000037 0.002297 0.002660 -0.000632 0.000804 -0.001841 0.001211 -0.002037 -0.002038 0.002429 0.002046 0.005131 -0.001537 -0.000827 0.000457 -0.000313 0.000720 0.000745 0.000328 -0.000114 -0.000191 0.000142 -0.000860 -0.000407 0.000164 0.000577 0.000793 0.000000 0.000000 0.000000 0.000000 0.000000 0.000000 0.000000 0.000000 0.000000 0.000000 
0.004928 -0.001476 -0.001886 0.005133 0.003826 -0.007090 -0.004830 0.000240 -0.006358 -0.011292 -0.007553 -0.001549 0.004099 0.004462 -0.004376 -0.002045 0.000718 0.003324 0.000650 -0.002156 -0.000872 0.000061 0.001621 0.001342 -0.003511 -0.000243 -0.002165 0.001811 -0.000548 -0.001497 0.000617 0.000030 0.002470 -0.001210 -0.001561 0.001610 0.000568 0.000375 -0.001000 0.000304 0.001807 -0.000783 0.000297 -0.002125 -0.000878 -0.000282 -0.000122 -0.000427 0.000678 -0.000412 -0.000564 -0.000897 0.000000 0.000000 0.000000 0.000000 0.000000 0.000000 0.000000 0.000000 
0.004928 -0.001476 -0.001886 0.005133 -0.000837 -0.007090 -0.002749 0.000240 0.006004 -0.002272 0.005513 -0.004804 -0.001616 -0.000631 -0.000446 -0.001652 -0.000198 -0.000339 -0.001361 -0.000659 -0.000407 0.000850 0.000578 0.001503 0.000659 -0.000287 -0.001661 -0.000820 0.001217 0.001337 -0.001636 -0.000342 -0.000888 0.000449 0.000777 -0.000924 -0.002163 -0.000642 -0.000600 -0.003995 0.000036 -0.003065 -0.004802 0.000253 0.001110 0.001456 0.002021 0.000526 -0.000068 -0.000083 -0.000448 -0.000254 -0.000591 -0.001071 0.000000 0.000000 0.000000 0.000000 0.000000 0.000000 
0.004928 -0.001777 -0.001886 -0.005056 -0.000837 -0.002622 -0.002749 -0.003212 0.006004 0.006619 0.005513 0.007284 0.000691 -0.001534 0.003849 -0.000387 0.000504 0.000246 0.000572 0.000056 0.000281 0.000645 0.000500 -0.000699 -0.000187 0.001476 -0.000583 -0.001206 -0.001738 -0.003066 -0.001092 -0.001066 0.001040 -0.000330 -0.001667 -0.001022 0.000574 -0.001487 -0.000976 0.001374 -0.000727 -0.000411 0.000184 -0.002994 -0.003916 -0.001474 -0.001164 -0.000406 -0.000782 -0.001237 -0.000700 -0.000321 -0.000166 -0.000651 -0.000143 -0.000309 0.000000 0.000000 0.000000 0.000000 
0.004928 -0.001777 -0.001886 -0.005056 -0.000837 -0.002622 0.002191 -0.003212 -0.002699 0.000583 0.001350 0.001828 0.000691 -0.003111 0.003856 -0.000180 -0.001437 -0.003305 -0.002617 0.001171 -0.001497 -0.001363 -0.001255 0.000391 0.001599 0.001280 -0.001725 -0.001188 0.001776 0.003921 0.003421 0.000306 -0.000498 -0.000624 0.000133 -0.000404 -0.000112 0.001505 0.001520 -0.001912 0.000587 0.001753 0.000077 0.002140 -0.000382 -0.001395 -0.001584 -0.001082 0.000379 -0.000029 -0.000232 -0.000622 -0.000020 0.000862 0.000998 0.000072 -0.000376 0.000000 0.000000 0.000000 
0.004928 -0.001777 -0.001886 -0.005056 -0.002117 -0.002622 0.002191 -0.002718 -0.002699 0.000583 0.000545 0.003794 -0.000164 -0.001418 0.003460 0.000645 0.002707 0.003968 0.004141 0.003973 -0.001438 -0.000119 0.000279 0.001649 -0.000493 0.000558 0.000628 0.000015 0.000778 0.002482 0.001736 -0.000335 -0.000110 0.000848 -0.001027 -0.001057 0.001045 0.000950 0.000123 -0.001044 -0.000388 0.001197 -0.000309 -0.001571 -0.001198 0.000264 -0.001010 -0.000467 -0.000224 0.000298 -0.000565 -0.000067 0.000067 -0.001227 0.000075 0.000137 -0.000543 -0.000069 0.000000 0.000000 
0.004928 -0.001777 -0.005665 -0.005056 -0.002117 0.000925 0.002869 -0.002718 -0.000767 0.000539 -0.005392 0.003794 0.007799 0.011346 0.007345 0.004391 0.000088 0.006500 0.008355 0.000990 0.003635 0.002886 -0.003012 -0.000430 -0.001000 0.001446 0.000776 -0.002316 -0.001430 0.000578 0.000354 -0.000870 0.000850 0.000373 -0.000547 0.000377 0.003086 0.001788 0.001412 0.000751 0.000456 -0.002837 -0.001381 0.002135 -0.000497 0.000011 -0.000028 -0.000026 -0.000479 -0.000006 -0.000483 -0.001314 -0.001423 -0.001064 -0.000248 -0.001486 -0.000543 -0.000911 -0.001847 0.000000 
0.004928 -0.001777 -0.005665 -0.005056 -0.002117 0.000925 0.002869 0.002067 0.009489 0.000539 -0.005392 -0.003056 -0.002700 0.000000 0.000431 0.001138 0.000823 0.015362 0.008374 0.005478 0.001903 -0.006074 -0.000358 0.001680 0.005835 0.004022 0.001099 0.000313 -0.000695 -0.000129 -0.000621 -0.003536 -0.001253 -0.000768 -0.000198 0.000651 -0.000546 -0.000064 -0.000546 0.001330 -0.000024 -0.001433 -0.001359 -0.000440 -0.000564 0.000113 0.000050 0.000082 -0.000187 -0.000381 -0.000787 -0.000367 -0.000277 0.000274 -0.000072 -0.000366 -0.003831 -0.002702 -0.001187 0.000023 
0.004928 -0.001777 -0.005665 -0.001481 0.001264 0.000925 0.002869 0.002067 0.009489 0.007785 0.003610 -0.000342 -0.003053 0.000000 0.000431 0.002647 0.000967 0.005725 0.010696 0.010711 0.006927 0.001417 -0.006336 -0.002602 0.002849 0.000941 0.001141 0.000657 -0.001467 -0.000114 0.000618 0.000714 -0.000502 -0.001672 -0.001146 0.000702 0.001351 -0.000260 -0.000450 -0.000172 -0.001159 -0.000170 -0.000030 0.000217 0.000480 0.000056 -0.000240 -0.000408 0.000011 0.000053 -0.000128 0.000120 0.000828 -0.001055 -0.001347 0.000017 -0.001239 -0.000354 0.000849 0.001255 
0.004928 -0.001777 -0.005665 -0.001481 0.001264 -0.002820 -0.003282 -0.006175 0.000662 0.000987 0.003610 -0.000342 -0.003053 0.001704 0.003732 0.000499 0.007376 0.009435 0.007228 -0.000727 0.005766 0.004851 0.000928 0.007048 0.006423 -0.005185 -0.000767 0.011601 0.008492 0.014260 0.000950 -0.001016 -0.001543 -0.000574 -0.001694 -0.004501 -0.004907 -0.001388 -0.000932 -0.000259 -0.001298 -0.000569 0.000072 -0.000576 0.000350 -0.000213 -0.000733 0.000218 -0.000952 -0.001607 -0.001300 -0.000677 -0.000938 -0.001917 -0.000735 0.000501 0.000530 -0.000479 -0.001702 -0.003306 
0.004928 -0.001777 -0.005665 -0.001481 0.001264 -0.002820 -0.003282 -0.006175 0.000662 0.000987 -0.002303 -0.000932 0.007512 0.001891 0.009548 0.015276 0.005258 0.001926 -0.005580 -0.000926 -0.001549 -0.000539 -0.000457 0.003776 0.002622 0.000960 0.005484 0.004295 -0.001464 -0.003793 -0.001795 -0.007921 -0.007596 -0.000806 0.009243 0.013114 0.004876 0.001224 0.000076 0.000556 0.000399 0.000330 -0.000043 -0.000675 -0.000570 0.000319 0.000215 -0.000088 -0.000829 0.000594 0.000186 -0.000377 -0.002051 -0.000935 -0.001437 -0.000408 -0.000631 -0.000910 -0.001392 -0.000674 
0.004928 -0.001777 -0.005665 -0.001481 0.001264 -0.002820 -0.003111 0.000243 -0.000877 -0.005525 -0.005345 0.001504 0.007864 -0.001101 -0.006846 0.003465 0.005316 0.007938 -0.000708 -0.004922 0.001947 -0.001536 0.004254 0.004238 -0.003878 -0.007197 0.002280 0.002536 0.001716 -0.004139 0.005855 0.010504 0.006956 0.004183 0.000220 0.000067 0.000935 0.004898 0.008306 0.008809 0.001577 0.000230 -0.000171 0.000434 0.000515 -0.000294 0.000040 0.000230 -0.001180 -0.001272 -0.001467 0.000279 -0.000777 -0.000909 0.000400 0.000537 -0.002211 -0.001197 0.000679 0.001970 
0.004928 -0.001777 -0.005665 -0.001481 0.003098 0.000633 -0.003111 0.000243 -0.000877 -0.005525 -0.003680 -0.003960 0.006954 0.004460 -0.000367 -0.004746 -0.000291 0.002316 0.001864 0.012657 0.007853 -0.002351 0.003396 0.000951 0.002384 0.008224 0.000821 -0.008028 0.000617 0.000632 0.001552 0.008009 0.011059 0.004237 -0.001313 0.009176 0.000643 -0.002535 0.005030 0.001191 0.000040 -0.000963 0.000209 -0.000536 -0.000187 0.000037 -0.000012 0.000616 -0.001017 -0.000721 -0.000194 0.001070 0.000721 -0.000455 -0.001425 -0.000147 0.001055 0.002404 0.000895 -0.002756 
0.004928 -0.001777 -0.005665 -0.004699 0.003098 0.000633 -0.003111 0.000243 -0.004369 -0.001576 -0.003680 -0.003960 0.006954 0.000947 0.006943 0.002349 0.001160 0.002316 -0.000982 0.002262 0.014591 0.007774 0.000974 0.001096 0.006298 0.007293 0.000586 -0.001051 -0.001036 -0.004413 -0.002050 0.002364 -0.000700 -0.002650 0.006307 -0.000624 0.003228 -0.007579 -0.004890 -0.001464 0.000068 -0.000473 -0.000166 -0.000104 -0.000372 -0.001070 -0.000975 -0.000765 -0.001326 0.000838 0.000256 0.000126 0.000045 -0.000052 -0.000784 -0.001441 -0.001433 0.001208 0.001720 -0.000909 
0.004928 -0.001777 -0.000894 -0.004699 0.003098 0.000633 0.000218 -0.004572 -0.004369 -0.001576 -0.002109 -0.000709 -0.002082 0.000625 0.000748 0.000467 0.007755 -0.000875 0.007179 0.000470 -0.001107 0.003930 0.009210 0.012782 0.007910 0.005193 -0.008388 -0.007435 0.001143 0.003236 0.002099 -0.005295 -0.002980 -0.000388 0.003305 0.013133 0.005047 -0.004050 -0.002758 0.000365 -0.000020 -0.000050 -0.000114 -0.000377 -0.001988 -0.001674 -0.000234 -0.001315 -0.000240 0.000935 0.001086 -0.000392 -0.001287 -0.000494 0.000210 0.000189 -0.000194 -0.000948 0.001669 0.000000 
0.004928 -0.001777 -0.000894 -0.004699 0.003098 0.000411 0.000218 -0.004572 0.002378 0.001264 0.000082 -0.001897 -0.004839 0.000648 -0.001687 0.002669 0.000805 -0.003228 -0.002581 0.005133 0.011906 0.003374 -0.001129 0.000463 0.003480 -0.006159 -0.000917 -0.002725 0.001560 0.006516 0.000212 0.001253 -0.002960 -0.004660 -0.004523 0.003087 0.000730 0.000305 0.000560 -0.000478 0.000390 -0.000255 0.000133 -0.000527 -0.000371 0.000375 0.000448 0.000239 0.000098 -0.000200 0.000000 -0.000076 -0.000211 0.000544 0.000262 0.000035 0.000464 0.000049 0.000000 0.000000 
0.004928 -0.001777 -0.000894 -0.004699 0.001483 0.000411 0.001048 -0.003184 0.002378 0.008764 0.000082 -0.001161 -0.003136 0.000648 -0.000864 0.002117 0.001422 0.002155 -0.000072 0.002655 -0.001526 0.001822 0.001872 0.004879 0.003516 -0.004355 0.004603 0.000716 -0.005581 -0.001664 0.002528 0.001242 0.001711 0.007372 -0.000969 0.003098 0.004159 0.002155 -0.000217 -0.000379 -0.000278 -0.000148 -0.000477 0.000011 -0.000053 -0.000041 0.000158 0.000000 0.000016 -0.000228 0.000094 0.000693 -0.000070 -0.000295 -0.000690 -0.000061 0.000000 0.000000 0.000000 0.000000 
0.004928 0.007168 -0.000894 0.000913 0.001483 0.004581 0.001048 -0.000111 0.010725 -0.001609 0.009111 -0.000593 -0.001071 0.004793 -0.005554 -0.002854 -0.001375 0.005806 0.004142 -0.000321 0.001483 -0.002996 -0.002018 -0.003439 -0.000101 0.001830 -0.000733 -0.004189 -0.004093 0.001708 0.004814 0.001605 0.011654 0.003801 0.002440 -0.001294 -0.000550 0.000021 0.000355 -0.000136 -0.000604 0.000244 -0.000634 -0.001448 -0.000864 0.000092 -0.000192 0.000386 -0.000051 0.000044 -0.000480 -0.000338 -0.000043 0.000083 0.000094 0.000000 0.000000 0.000000 0.000000 0.000000 
0.004928 0.007168 -0.000894 0.000913 0.001483 0.004581 0.001048 -0.000111 -0.003866 -0.001609 0.001364 -0.000593 0.002825 0.007551 0.005930 0.002391 0.002540 -0.000753 -0.001707 0.001896 0.008138 0.008366 0.003429 0.009401 -0.001498 -0.003563 -0.011472 -0.002347 0.002014 -0.003703 0.000869 -0.006136 0.003805 -0.010387 -0.004412 -0.001068 0.000204 -0.000079 -0.000012 -0.000047 -0.000019 0.000454 0.000098 -0.000219 -0.000429 0.000905 0.000904 0.000161 -0.000242 -0.000581 0.002203 0.002655 0.000158 0.000000 0.000000 0.000000 0.000000 0.000000 0.000000 0.000000 
0.004928 0.007168 -0.000894 0.000913 0.004563 0.004581 -0.002965 0.002746 -0.003866 -0.000939 0.000538 0.002472 -0.001388 0.004088 0.001981 0.006142 -0.003776 -0.002004 0.003630 -0.001550 0.005080 -0.001657 0.004864 -0.000924 0.004323 0.006237 0.000466 -0.004704 -0.003793 0.001012 0.002695 -0.001906 0.000720 -0.003437 -0.002972 -0.000380 0.000090 -0.000340 0.000588 0.000279 0.000094 0.000020 0.001072 0.001846 -0.001562 -0.001290 -0.000816 -0.000640 0.002005 0.002252 0.000698 0.000000 0.000000 0.000000 0.000000 0.000000 0.000000 0.000000 0.000000 0.000000 
0.004928 0.007168 -0.001806 0.000913 0.004563 0.004979 0.001688 0.002746 0.000942 0.002896 -0.001136 -0.001558 -0.006320 0.001502 0.000233 0.005377 -0.001293 0.001331 0.005434 -0.001812 -0.000404 -0.001290 0.003184 0.003972 -0.000238 -0.007887 -0.005274 0.004067 0.003250 -0.001280 -0.003910 0.000188 0.002804 -0.000411 0.000290 -0.000118 0.000250 -0.000618 0.000060 0.000111 -0.000980 0.000774 0.000089 0.000822 -0.000130 -0.001143 0.001188 0.000208 0.000006 0.000000 0.000000 0.000000 0.000000 0.000000 0.000000 0.000000 0.000000 0.000000 0.000000 0.000000 
0.004928 0.007168 -0.001806 0.005267 0.004563 0.004979 0.001688 0.003782 0.007072 0.004980 -0.001548 0.001479 0.001373 -0.000996 -0.006925 0.010088 -0.001007 0.005183 0.001283 0.002640 -0.001930 0.003253 -0.002657 -0.000833 0.000310 -0.005645 0.000047 -0.001524 -0.005470 0.003635 0.002407 0.002026 -0.000902 0.000000 -0.000308 0.000511 0.000007 -0.000408 -0.000146 -0.000199 -0.000498 0.000090 0.000539 -0.002394 -0.001194 -0.001896 0.000000 0.000000 0.000000 0.000000 0.000000 0.000000 0.000000 0.000000 0.000000 0.000000 0.000000 0.000000 0.000000 0.000000 
0.004928 0.007168 -0.001806 0.005267 0.001704 0.000214 -0.001066 0.000294 0.005047 -0.002276 0.003719 0.002135 0.014678 0.003486 -0.002819 -0.003838 -0.000229 0.004566 0.004249 -0.001650 0.000600 0.007096 0.006957 0.006228 0.001082 0.001154 0.000331 -0.000044 -0.000125 0.000225 0.000490 -0.000107 0.000078 -0.000186 -0.000291 0.000626 -0.000321 -0.000234 0.000329 -0.000418 0.000568 -0.001645 -0.000183 -0.001707 0.000000 0.000000 0.000000 0.000000 0.000000 0.000000 0.000000 0.000000 0.000000 0.000000 0.000000 0.000000 0.000000 0.000000 0.000000 0.000000 
0.000066 0.000660 0.000185 -0.000173 0.000025 -0.001209 -0.000611 -0.000162 -0.000249 0.000059 -0.000057 -0.000143 -0.000542 -0.000242 -0.000182 -0.000106 -0.000218 -0.000452 -0.000400 -0.000146 -0.000480 -0.000978 0.000883 0.002190 0.004424 0.003271 -0.003141 -0.006824 0.001093 0.001118 -0.001374 0.002842 -0.000488 0.003831 0.001093 0.002476 -0.002955 -0.010980 0.000518 -0.003035 0.005053 0.001704 0.005267 -0.001806 0.007168 0.004928 0.000000 0.000000 0.000000 0.000000 0.000000 0.000000 0.000000 0.000000 0.000000 0.000000 0.000000 0.000000 0.000000 0.000000 
-0.000564 0.000289 0.000458 -0.000408 -0.000094 -0.000053 0.000305 -0.000278 0.000484 0.000202 -0.000255 -0.000043 0.000599 -0.000605 -0.000445 0.000039 -0.000811 0.000228 0.000062 -0.000072 0.000079 -0.000120 -0.000115 -0.000146 0.001035 -0.000094 -0.000107 0.001219 -0.002170 0.012365 0.000667 0.000984 -0.001781 0.001519 -0.008524 -0.006833 -0.008520 -0.000762 -0.012937 -0.004729 0.000518 -0.003035 0.005053 -0.001984 0.002847 -0.001806 0.007168 0.004928 0.000000 0.000000 0.000000 0.000000 0.000000 0.000000 0.000000 0.000000 0.000000 0.000000 0.000000 0.000000 
0.000313 0.000491 0.000687 0.000498 0.000041 0.000056 -0.000933 -0.000049 0.000172 0.000188 -0.000209 0.000021 -0.000098 -0.000786 -0.000216 -0.000179 -0.001333 -0.000253 0.000044 0.000113 -0.000039 -0.000075 0.000363 -0.000499 -0.000601 0.000193 0.000621 -0.000307 -0.000186 0.000946 -0.000027 -0.002058 -0.000948 -0.002386 -0.002937 0.000818 -0.000396 -0.000860 -0.003511 -0.000317 -0.008572 -0.004729 0.001821 0.003490 0.006897 -0.001984 0.002847 -0.004075 0.007168 0.004928 0.000000 0.000000 0.000000 0.000000 0.000000 0.000000 0.000000 0.000000 0.000000 0.000000 
0.000395 -0.000862 0.000392 -0.000566 0.000591 0.000234 -0.000261 -0.000314 -0.000420 -0.000306 0.000143 -0.000013 -0.000779 -0.000070 -0.000137 -0.000348 -0.000128 -0.000233 -0.000483 -0.000176 -0.000110 -0.000976 0.000340 -0.000351 -0.000080 -0.000398 -0.000100 0.000041 -0.000333 0.000467 0.000417 -0.000335 0.003670 -0.000070 -0.000903 0.002221 -0.005947 -0.002938 0.002228 -0.000680 -0.001562 0.001628 -0.007026 0.001543 -0.002164 0.003490 0.006897 0.000000 0.002847 -0.004075 0.007168 0.004928 0.000000 0.000000 0.000000 0.000000 0.000000 0.000000 0.000000 0.000000 
-0.000471 -0.000224 -0.000208 -0.000230 0.000065 -0.000006 -0.000180 -0.000303 -0.000111 -0.000040 -0.000177 0.000145 0.000300 -0.000398 -0.000199 0.000490 0.000077 -0.000116 -0.000402 -0.000279 -0.000138 -0.000299 -0.000594 0.000135 -0.000069 0.000073 0.000000 0.000072 0.000148 -0.000261 -0.000275 0.000303 -0.000668 -0.000411 -0.000065 0.000275 0.002214 -0.005074 0.004802 -0.004006 0.003760 -0.000991 -0.002428 -0.000627 -0.007026 0.006082 -0.002164 0.000891 0.006897 0.000000 0.002847 -0.004075 0.007168 0.004928 0.000000 0.000000 0.000000 0.000000 0.000000 0.000000 
-0.000191 -0.000183 0.000325 -0.000149 -0.000306 -0.000037 -0.000194 -0.000087 -0.000200 -0.000041 0.000074 -0.000744 -0.000050 0.000253 -0.000433 0.000821 -0.000204 0.000245 -0.000272 -0.000186 -0.000211 0.000153 0.000032 0.000287 -0.000092 -0.000426 0.000374 -0.000325 0.000007 -0.000360 0.000208 0.000004 0.000101 0.001186 -0.000535 -0.000130 -0.000121 -0.000359 -0.000584 -0.008835 -0.001555 -0.000954 -0.003561 -0.004261 -0.001537 0.000907 -0.007697 -0.002054 -0.007674 0.000891 0.001150 0.000000 -0.002086 -0.004075 0.007982 0.004928 0.000000 0.000000 0.000000 0.000000 
-0.000142 0.000466 -0.000159 0.000254 -0.000590 -0.000161 -0.000251 -0.000384 0.000090 0.000049 -0.000410 0.000073 -0.000036 -0.000184 0.000144 -0.000691 -0.000684 0.000065 -0.000196 -0.000055 0.000050 -0.000165 -0.000008 0.000059 -0.000089 -0.000010 -0.000075 -0.000176 -0.000113 0.000017 -0.000154 0.000077 -0.000326 -0.000126 -0.000103 -0.000137 0.000173 -0.000113 0.000173 0.000000 -0.000793 -0.003597 0.002739 -0.004650 0.002345 -0.003756 0.000907 -0.001518 -0.002054 -0.007674 -0.000712 0.001150 -0.001465 -0.002086 -0.004075 0.007982 0.004928 0.000000 0.000000 0.000000 
-0.000168 -0.000085 0.000476 0.000243 0.000353 -0.000213 -0.000028 -0.000226 -0.000199 0.000062 0.000231 -0.000336 -0.000010 -0.000346 -0.000202 -0.000685 -0.000065 -0.000263 -0.000064 0.000044 0.000372 0.000119 -0.000074 -0.000089 -0.000647 -0.000065 -0.000059 0.000251 0.000555 0.000122 0.000058 -0.000221 -0.000032 -0.000369 -0.000229 -0.000264 -0.000113 0.000184 0.000061 -0.000063 -0.000152 -0.000093 -0.000787 0.000727 -0.000342 0.002261 0.002345 -0.004088 0.001708 -0.001518 -0.002417 -0.002480 -0.000712 -0.001288 -0.001465 -0.002086 -0.004075 0.007982 0.004928 0.000000 
-0.000594 0.000214 0.000074 -0.000557 -0.000795 -0.000108 -0.000050 0.000032 -0.000024 0.000026 -0.000561 -0.000913 0.000103 -0.000069 0.000084 0.000448 -0.000102 -0.000268 -0.000022 -0.000372 0.000007 0.000080 -0.000405 -0.000008 0.000021 -0.000273 -0.000345 -0.000145 0.000079 -0.000077 -0.000110 -0.000367 -0.000253 0.000003 0.000358 0.000257 -0.000310 0.000273 0.000169 0.000038 0.000194 -0.000190 0.000268 -0.000218 0.000896 0.002863 -0.000284 0.008716 0.003029 0.000333 -0.009231 -0.002417 -0.002480 0.008623 -0.001288 -0.001465 -0.002086 -0.004602 0.007982 0.004928 
0.000441 -0.000388 0.000164 -0.000660 0.000130 0.000140 -0.000298 0.000250 0.000069 -0.000023 -0.000208 0.000059 -0.000332 -0.000153 -0.000416 0.000073 -0.000319 -0.000073 -0.000136 0.000573 0.000187 -0.000128 -0.000059 -0.000285 -0.000146 -0.000312 0.000176 0.000264 -0.000088 0.000142 0.000022 -0.000196 -0.000225 0.000079 0.000236 0.000122 -0.000316 -0.000328 -0.000176 -0.000131 -0.000125 -0.000457 -0.000220 0.000391 0.000395 0.001293 0.001473 0.001717 0.003029 0.000333 -0.003693 -0.005679 0.003061 0.008623 -0.001288 -0.001465 0.002593 -0.004602 0.007982 0.004928 
-0.000111 0.000334 -0.000329 0.000000 -0.000515 0.000079 -0.000085 -0.000784 -0.000503 -0.000098 -0.000037 0.000251 -0.000122 -0.000102 0.000297 0.000019 -0.000075 0.000113 -0.000222 0.000682 -0.000026 0.000109 0.000130 -0.000404 0.000144 -0.000064 -0.000034 -0.000134 -0.000364 0.000382 -0.000054 0.000039 -0.000115 -0.000280 0.000522 -0.000109 -0.000049 -0.000247 -0.000164 -0.000221 -0.000017 -0.000051 0.000141 -0.000497 0.000391 0.000794 0.001130 0.000942 0.000886 0.001036 -0.000136 -0.003693 -0.005679 0.003061 0.008623 -0.001412 -0.006154 0.002593 -0.004602 0.007982 
0.000541 0.000443 -0.000164 -0.000158 -0.000125 -0.000093 -0.000208 -0.000011 0.000222 -0.000194 0.000063 0.000204 0.000215 -0.000054 0.000317 0.000136 -0.000102 0.000105 -0.000084 0.000204 -0.000087 -0.000118 0.000104 -0.000445 -0.000005 0.000155 0.000199 -0.000264 0.000000 0.000094 0.000136 0.000221 -0.000339 -0.000111 0.000140 -0.000036 -0.000082 -0.000346 -0.000151 -0.000512 0.000072 0.000514 -0.000554 0.000000 0.000188 -0.000575 -0.002614 0.006872 0.007366 -0.000871 -0.002729 -0.000423 -0.006121 -0.003741 -0.005598 -0.001412 -0.006154 0.002593 -0.004602 0.007982 
0.000024 0.000075 -0.000370 -0.000202 -0.000204 0.000152 0.000089 -0.000248 -0.000339 -0.000309 -0.000034 0.000092 0.000101 -0.000121 0.000004 -0.000444 0.000114 0.000098 -0.000471 0.000219 -0.000104 -0.000787 -0.001160 0.000118 0.000006 -0.000662 0.000547 0.000098 -0.000192 0.000048 0.000004 0.000279 0.000017 -0.000032 0.000070 -0.001519 0.000933 0.000799 -0.004041 -0.000549 0.000000 -0.006245 -0.004740 0.001635 0.003801 -0.000575 -0.002614 0.006872 0.007366 -0.000871 -0.002729 -0.000423 -0.006121 -0.003741 -0.005598 -0.001412 -0.006154 0.002593 -0.004602 0.007982 
-0.000378 -0.000631 -0.000397 -0.000144 -0.000150 -0.000842 -0.000072 0.000008 -0.000229 0.000045 0.000085 -0.000206 -0.000180 -0.000102 0.000041 -0.000212 0.000331 0.000181 -0.000043 0.000034 0.000095 -0.000207 -0.000045 0.000244 -0.000923 -0.000067 -0.000195 0.001336 0.000472 -0.000077 -0.000656 0.000602 -0.002641 -0.004054 0.000108 -0.000555 0.001476 0.005175 -0.005137 -0.002611 0.001241 0.011157 0.001217 0.001055 0.007242 0.000104 0.000609 0.002307 -0.002588 0.005872 -0.009484 -0.007156 0.000044 -0.001606 -0.007936 -0.001412 -0.006154 0.002593 -0.004602 0.007982 
0.000440 0.000133 -0.000963 -0.003152 -0.000311 -0.000605 0.000034 -0.000294 -0.000821 -0.000268 -0.000645 -0.000606 0.000618 0.000561 0.000472 -0.007870 -0.000569 0.001072 -0.001825 -0.001346 0.001385 -0.005565 -0.003870 -0.002728 0.001075 0.012502 0.006324 -0.001292 -0.008674 -0.002946 -0.004133 0.001127 -0.004079 -0.000244 -0.008985 -0.001196 -0.004761 -0.001319 0.001915 0.000581 0.004106 0.000084 -0.003667 0.007242 -0.001963 0.000257 -0.002056 0.003930 0.007430 0.000345 -0.007156 0.000044 -0.001606 -0.007936 0.002589 0.001554 0.002593 -0.004602 0.007982 0.004928 
0.000077 0.000045 0.001532 0.001777 -0.001904 0.000254 0.000944 0.003001 0.002856 0.001013 0.002920 -0.004955 -0.002087 -0.003722 -0.007025 -0.002833 0.004919 0.006997 0.000686 -0.002781 -0.001138 0.002401 0.005147 0.000073 -0.001482 -0.001626 0.001246 -0.006954 0.025587 0.001461 0.006515 0.001322 -0.005664 0.001383 0.000981 -0.006308 -0.006270 0.007339 -0.001130 0.003840 0.001854 -0.002890 -0.005380 0.004419 0.001204 -0.000459 -0.000597 0.003622 0.007430 0.000345 -0.005338 0.003544 0.006798 -0.007936 0.002589 0.001554 0.001747 -0.004602 0.007982 0.004928 
-0.000628 -0.000036 -0.000396 0.000120 -0.000354 -0.000602 0.000294 0.002383 -0.003624 -0.000203 0.000579 -0.008611 0.001433 -0.003613 -0.001489 0.005004 0.000000 -0.008438 0.001977 0.001100 -0.000447 -0.001797 -0.004631 -0.008590 -0.007846 -0.002184 -0.001785 0.002463 -0.004569 0.002257 -0.001036 0.003675 0.001339 0.001725 0.001419 -0.004824 -0.001075 0.001346 0.001799 -0.001193 -0.005513 -0.008460 0.002650 0.000158 0.001967 0.000137 0.000909 0.000610 0.000353 -0.003285 0.003544 0.006798 0.003528 0.002589 0.001554 0.001747 -0.005369 0.007982 0.004928 0.000000 
0.000245 -0.000142 0.000444 0.000459 0.000073 -0.001005 0.000607 -0.002812 0.000357 0.007679 -0.002234 0.002350 -0.001534 -0.002421 -0.004415 -0.001332 -0.000900 0.000781 -0.002415 -0.002102 -0.001973 -0.011537 -0.001306 -0.001210 -0.003520 -0.005576 -0.001613 0.004018 -0.001500 0.000155 0.001085 -0.007372 -0.004818 -0.000451 0.000087 0.006474 0.004019 0.004055 -0.001097 -0.000907 0.001785 0.006411 -0.002448 0.004326 0.000909 0.001594 0.001686 -0.003285 0.001947 0.000679 0.003528 -0.000161 0.001554 0.001747 -0.005369 0.007982 0.004928 0.000000 0.000000 0.000000 
0.000672 0.000170 -0.000238 -0.000967 0.000072 -0.000194 0.000418 0.001355 -0.003336 -0.005319 -0.007322 0.000954 -0.002626 -0.003386 0.000095 -0.001825 -0.014961 0.000952 -0.002710 -0.002480 0.003091 0.005005 0.001445 0.002542 -0.004681 -0.004554 0.001574 -0.001769 0.001084 0.007915 -0.004427 -0.002456 -0.002454 0.003207 0.005375 -0.004771 -0.001534 -0.003005 0.000798 -0.001714 -0.001566 0.000637 0.001567 0.002271 0.003700 0.001686 0.006096 0.001947 0.000679 0.006587 -0.000161 0.005904 0.001747 -0.005369 0.007982 0.004928 0.000000 0.000000 0.000000 0.000000 
-0.001616 0.000277 0.000096 0.000546 -0.000540 0.000705 0.000132 0.005509 -0.007104 -0.003172 0.001239 0.003232 -0.001222 -0.003451 0.007107 -0.001256 0.003432 -0.001009 -0.004840 -0.001358 -0.005345 0.004602 0.001091 0.002053 0.000754 0.000962 0.005261 -0.004211 -0.006835 0.007740 -0.000129 0.004968 -0.000548 -0.011432 -0.009886 -0.000707 0.001138 0.000671 -0.003743 -0.002079 -0.003175 -0.001185 0.000000 0.003018 0.011753 -0.002261 0.003224 0.006587 -0.001807 0.005904 -0.004959 -0.005369 0.004699 0.004928 0.000000 0.000000 0.000000 0.000000 0.000000 0.000000 
0.000107 -0.000064 0.000044 -0.000038 0.000233 -0.000317 0.000887 0.001440 -0.000163 -0.001608 -0.000648 0.002506 0.003188 -0.002990 0.004086 0.001558 -0.003254 -0.004785 -0.002655 -0.006775 -0.000858 -0.000726 -0.009506 -0.001239 -0.008450 0.005972 -0.003648 -0.007247 0.006986 0.001547 -0.008640 -0.000174 -0.000667 -0.003359 0.001997 0.000327 0.001203 0.004190 -0.000730 -0.002344 0.000180 -0.001663 0.011753 0.003240 0.003224 0.007606 -0.001807 0.005904 -0.004959 -0.005369 0.004699 0.004928 0.000000 0.000000 0.000000 0.000000 0.000000 0.000000 0.000000 0.000000 
0.000061 0.000249 0.000237 0.000098 -0.000461 -0.000386 -0.000027 0.000309 -0.000088 -0.000127 -0.000925 0.000366 0.000124 -0.002031 -0.001904 0.000165 0.000546 0.003802 -0.000365 0.000439 0.000560 -0.002584 0.000076 -0.005004 -0.000047 -0.011478 -0.004809 -0.000852 0.001500 0.000433 -0.005936 -0.008973 -0.010147 0.006007 0.000937 0.003046 0.002029 0.002852 0.000903 -0.000262 0.003210 -0.004652 0.007262 0.007606 -0.001807 0.002585 -0.004959 -0.005369 0.004699 0.004928 0.000000 0.000000 0.000000 0.000000 0.000000 0.000000 0.000000 0.000000 0.000000 0.000000 
-0.000424 -0.000168 0.000064 -0.000073 -0.000298 -0.000197 -0.000954 -0.001895 0.000113 -0.000741 0.000564 0.000684 -0.000538 0.000070 0.000133 0.001615 0.000819 0.001948 -0.000832 -0.001749 -0.002917 0.001026 0.002838 0.001681 0.002131 -0.006749 -0.008077 0.007122 -0.007564 0.000081 -0.007229 0.000569 -0.000346 -0.000221 -0.009183 0.001954 -0.003159 -0.001679 -0.000923 -0.004652 0.011640 -0.001654 0.002470 0.002585 -0.004959 -0.000628 0.004699 0.004928 0.000000 0.000000 0.000000 0.000000 0.000000 0.000000 0.000000 0.000000 0.000000 0.000000 0.000000 0.000000 
-0.000073 -0.000309 0.000456 -0.000572 0.000085 0.000991 0.000103 -0.001792 -0.000568 -0.001829 0.000334 -0.001664 0.002178 -0.000199 0.000635 0.001601 -0.000052 -0.000117 -0.001576 -0.002176 0.000478 0.003872 0.001978 0.000000 0.002592 0.001608 0.001542 -0.001713 0.001608 -0.000709 0.001532 -0.001296 -0.000467 -0.011793 -0.003265 -0.001943 -0.002565 -0.001922 0.011640 -0.001654 0.002470 0.000136 -0.006012 -0.000628 0.004699 0.004928 0.000000 0.000000 0.000000 0.000000 0.000000 0.000000 0.000000 0.000000 0.000000 0.000000 0.000000 0.000000 0.000000 0.000000 
0.000254 0.000018 0.000314 -0.000566 0.000185 -0.000519 -0.000083 -0.000027 0.001287 -0.001817 0.001012 -0.000261 0.000455 -0.001251 -0.000261 0.000512 -0.000679 0.000605 -0.000995 -0.000108 -0.000212 0.000688 -0.000855 -0.000853 0.006322 0.001257 -0.000419 -0.008700 -0.002923 0.002163 -0.000356 -0.011579 -0.004512 -0.000025 -0.001008 0.000749 0.005977 0.007111 0.003949 0.000136 -0.006012 -0.000628 0.004699 0.004928 0.000000 0.000000 0.000000 0.000000 0.000000 0.000000 0.000000 0.000000 0.000000 0.000000 0.000000 0.000000 0.000000 0.000000 0.000000 0.000000 
0.000347 0.000481 -0.001095 0.000391 -0.000590 0.000172 0.000456 0.000023 -0.000584 0.001001 -0.001367 -0.001715 -0.001777 -0.000459 0.001453 -0.000171 -0.000944 -0.000824 -0.000544 -0.000310 -0.000054 -0.000726 -0.000273 0.000556 0.000085 -0.004096 0.003362 0.002958 0.001405 -0.001095 -0.004894 0.002117 -0.008948 0.001334 0.001669 -0.002488 0.000547 -0.000890 -0.000419 0.005381 -0.004568 -0.004050 -0.006012 -0.000628 0.004699 0.004928 0.000000 0.000000 0.000000 0.000000 0.000000 0.000000 0.000000 0.000000 0.000000 0.000000 0.000000 0.000000 0.000000 0.000000 
-0.000056 -0.000209 -0.000139 -0.000571 0.000953 -0.002000 -0.001570 -0.001081 0.000483 0.000812 -0.000064 -0.000331 0.000504 -0.000671 -0.001644 -0.001028 0.000036 -0.001012 0.000373 -0.000076 0.000981 -0.000013 0.000131 0.000333 -0.000233 -0.000530 0.000780 -0.000015 -0.001247 -0.002727 -0.001356 -0.000659 0.000208 0.002568 -0.003771 -0.002706 -0.002339 0.000542 0.000773 -0.001574 -0.002223 0.004067 -0.009038 -0.004568 -0.004050 -0.002234 0.001124 0.004699 0.004928 0.000000 0.000000 0.000000 0.000000 0.000000 0.000000 0.000000 0.000000 0.000000 0.000000 0.000000 
-0.000701 -0.000197 0.000925 0.000144 0.000173 0.000587 0.000778 -0.001632 -0.001420 -0.003200 0.000905 0.000131 -0.000428 -0.000616 0.000652 -0.000082 0.000397 -0.000529 0.001123 -0.001405 0.000635 0.000881 0.000303 -0.001200 0.000327 0.001210 0.002686 -0.000816 -0.000616 -0.001530 0.001671 -0.000715 0.002143 0.001638 -0.002891 -0.007150 0.001721 -0.000223 -0.000046 0.001747 0.000773 -0.002137 0.001339 0.004067 -0.009038 0.004283 -0.004050 -0.002234 0.001124 0.004699 0.004928 0.000000 0.000000 0.000000 0.000000 0.000000 0.000000 0.000000 0.000000 0.000000 
-0.001315 -0.000236 0.000786 0.001004 0.000342 0.000385 -0.001131 0.001238 0.001766 -0.000426 0.000079 0.000064 0.000668 -0.000197 -0.000506 0.000594 0.000111 0.000062 0.000157 0.000074 -0.004074 -0.001827 0.001107 -0.000512 0.001956 0.000961 -0.000711 -0.000164 0.000073 0.000843 0.002207 -0.000499 0.000046 0.000536 -0.003260 -0.000424 0.005581 0.001485 0.000172 0.003340 0.004476 -0.002424 -0.005373 0.001205 0.001339 0.000714 0.005055 0.004283 -0.004035 -0.002234 0.001124 0.004699 0.004928 0.000000 0.000000 0.000000 0.000000 0.000000 0.000000 0.000000 
-0.002673 -0.000822 0.001386 0.000358 -0.000728 0.000644 -0.000462 -0.002413 -0.003393 -0.000781 -0.002300 -0.000018 0.003020 0.000114 -0.001163 0.000402 0.000303 -0.000173 -0.000248 -0.000313 0.000850 0.000284 -0.000684 0.000566 0.000514 0.000174 -0.000714 -0.000016 0.000000 0.000286 0.001946 0.000009 -0.000724 -0.000446 -0.000646 0.000049 -0.001078 -0.006596 -0.006563 -0.000949 0.000925 0.000417 0.000000 -0.005202 -0.007796 0.001324 0.002410 0.002071 0.005055 -0.001289 -0.004035 0.004217 0.001124 0.004656 0.004928 0.000000 0.000000 0.000000 0.000000 0.000000 
0.000959 0.000663 0.000389 -0.000304 -0.001467 -0.000568 0.000164 -0.002429 -0.001165 0.003967 0.002769 -0.000132 -0.001081 0.000911 0.000891 0.002126 -0.001495 -0.000090 0.000195 -0.000490 0.000246 -0.000072 -0.000068 -0.000580 -0.001811 -0.002026 -0.000701 0.000408 0.000353 0.000468 0.000536 0.001499 0.002823 -0.000752 -0.001496 -0.001195 -0.001052 -0.001243 -0.000476 -0.000384 -0.000205 0.001992 -0.000618 -0.007268 -0.005202 -0.008800 0.001324 0.000000 0.002071 0.005055 -0.001289 -0.004035 0.004217 0.001124 0.004656 0.004928 0.000000 0.000000 0.000000 0.000000 
-0.000430 0.000962 -0.000123 -0.000616 -0.000682 -0.001607 -0.002002 -0.000987 0.002062 0.000862 0.001345 -0.001419 -0.002258 -0.000041 0.000865 -0.000642 -0.003264 -0.002189 0.000130 0.000492 0.000577 0.000111 -0.000137 -0.000233 0.000318 0.000202 0.000834 -0.000566 -0.000351 -0.001292 -0.000767 -0.002746 -0.001341 -0.000247 0.000145 -0.000057 -0.000667 -0.002193 0.001256 0.000122 0.000045 0.000673 0.003711 0.002306 -0.000618 -0.001601 -0.007674 -0.008800 -0.008908 0.000000 0.000085 -0.000412 -0.001289 0.000594 0.004217 0.001124 0.004656 0.004928 0.000000 0.000000 
0.000729 -0.000016 -0.000700 -0.000961 -0.000278 -0.000105 0.001020 0.000802 -0.001078 -0.001085 -0.000961 0.000076 0.000377 -0.000712 0.001185 0.001478 0.000310 0.001390 -0.000484 -0.001556 -0.000881 0.000201 0.001590 0.000149 -0.000159 -0.000133 0.000274 -0.000647 -0.000015 0.000049 0.000375 -0.001934 -0.000926 -0.001195 0.000175 0.000640 0.000391 -0.000759 -0.000044 0.000381 0.000685 -0.001421 0.001736 0.004418 0.003651 -0.001109 -0.008265 -0.002146 -0.002516 -0.001051 -0.004722 0.000085 -0.000412 -0.003421 0.000594 0.004217 0.001124 0.004656 0.004928 0.000000 
-0.002750 -0.000086 0.003587 -0.001512 -0.001459 -0.002040 -0.001207 0.001325 0.000968 -0.001644 -0.001958 -0.000188 0.000942 -0.000836 0.000033 -0.000349 -0.001385 0.000496 -0.000068 0.001178 0.002013 0.002136 -0.000456 -0.001579 -0.002262 -0.000721 -0.000015 -0.000443 0.000550 0.000134 0.000246 0.000970 0.000676 -0.000755 0.002149 0.001465 0.002522 0.000151 -0.000369 -0.001105 -0.002274 -0.001527 -0.000237 0.000737 0.006260 -0.001320 0.001410 0.004039 -0.004027 -0.005143 -0.001051 -0.004722 -0.008304 0.001260 -0.003421 0.000594 0.004217 -0.001627 0.004656 0.004928 
0.000608 0.001245 -0.000621 -0.003650 -0.002105 -0.001714 -0.000921 -0.000980 -0.000426 0.000489 -0.000110 0.000813 -0.000936 -0.001589 0.001312 -0.001367 -0.000481 -0.001239 -0.002988 -0.003080 0.001153 0.000473 0.000446 0.000441 0.000064 -0.000604 0.000225 -0.000776 0.000005 0.001529 0.002019 -0.001732 -0.000502 -0.001215 -0.002948 -0.002209 -0.000156 0.000315 0.000868 0.000185 -0.001210 -0.001256 -0.000237 0.001858 0.000178 0.000083 0.001723 0.004039 -0.004027 -0.005143 0.004691 -0.003766 -0.008304 0.001260 -0.003421 0.000594 -0.002462 -0.001627 0.004656 0.004928 
0.000289 0.000435 -0.000739 -0.001505 -0.000313 0.000713 -0.000878 0.001338 0.000974 0.002343 0.000883 0.000761 0.000774 0.001080 -0.001076 -0.000330 -0.001445 -0.001730 0.000465 0.001248 0.000548 -0.003507 0.000263 0.000343 -0.000059 0.000127 0.000771 -0.000561 -0.000003 0.000365 0.002792 0.001515 0.000384 -0.004192 -0.004664 0.000283 0.000161 0.000870 0.000484 0.000307 0.000069 0.000122 -0.000345 -0.000036 -0.001683 -0.005742 0.001261 0.002991 -0.001027 0.002581 0.003505 0.004691 -0.003766 -0.008304 0.002611 0.000179 -0.001539 -0.002462 -0.001627 0.004656 
0.000434 0.000225 -0.000151 0.000348 -0.000049 0.000641 -0.001328 0.000849 0.000839 0.001396 -0.000207 0.000323 -0.001072 -0.000793 -0.001920 -0.001755 0.000401 0.000080 -0.000246 0.000727 -0.001391 -0.000555 -0.000348 0.000456 -0.000306 -0.000132 0.000031 -0.000219 -0.000022 0.000587 0.000168 0.000082 -0.000197 -0.000836 0.000000 -0.000821 -0.000306 -0.000682 -0.000959 -0.000319 0.000152 0.000122 -0.000033 0.000862 0.000668 0.000976 0.001444 0.001590 0.002746 0.001922 0.004936 0.004179 0.005065 -0.001549 0.002611 0.000179 -0.001539 -0.002462 -0.001627 0.004656 
-0.001294 -0.000276 -0.000629 0.000197 0.000278 0.000418 0.000918 0.000502 -0.002956 -0.004501 -0.001283 -0.000302 0.001000 -0.000225 0.001099 -0.001315 0.000061 0.001265 0.001107 -0.000098 -0.001308 -0.001203 0.000564 0.000755 -0.000673 -0.000672 -0.000058 -0.000411 0.000230 0.000000 0.000300 0.000081 -0.000664 -0.001674 -0.001026 -0.001236 -0.000255 -0.000207 0.000393 -0.000008 0.000900 0.000824 0.000568 0.000357 0.001270 0.003019 -0.004185 0.000831 -0.000691 -0.002803 0.004936 0.004179 0.005065 -0.001549 0.002611 0.000179 -0.001539 -0.002462 -0.001627 0.004656 
0.000058 -0.000409 -0.000767 0.000189 0.000105 0.000120 -0.000072 0.000558 -0.004184 -0.001820 -0.007965 -0.023187 -0.004048 -0.000941 -0.001331 0.000690 0.002616 0.000165 -0.000316 -0.001407 -0.001120 -0.001013 0.000546 0.000739 -0.000547 -0.001289 -0.000045 0.000614 -0.000284 -0.000094 0.000931 0.000089 -0.000121 -0.000171 -0.000857 -0.001524 -0.000347 0.000702 -0.000365 0.001092 0.000501 0.000546 0.001852 0.003926 0.001039 -0.000337 0.002252 -0.000509 -0.000691 -0.002803 0.002020 -0.003166 -0.007564 -0.005518 -0.000395 -0.002303 -0.001539 -0.002462 -0.001627 0.004656 
-0.000304 0.000322 0.000112 -0.000182 0.000556 -0.000189 0.001241 -0.000849 -0.000887 -0.005951 -0.001476 -0.001404 -0.001328 0.000440 -0.000243 -0.001877 0.000916 0.001251 -0.000559 -0.001483 0.000534 -0.000523 0.000419 0.000703 0.001179 0.000342 -0.000613 0.000514 0.000079 0.000179 0.000158 0.000196 -0.000613 -0.000508 -0.001895 -0.001568 -0.000025 0.001143 -0.000280 0.000153 0.000464 -0.000185 -0.000460 0.000862 0.000486 0.002252 -0.000509 0.000313 -0.002161 0.000268 0.005265 -0.007564 -0.005518 -0.000395 -0.002303 -0.001813 -0.001824 -0.001627 0.004656 0.004928 
-0.001897 -0.000334 0.000514 -0.000057 -0.000065 0.000095 0.000028 0.000329 -0.000351 -0.001317 -0.001232 -0.002755 -0.000640 -0.000448 -0.001765 -0.001966 -0.001151 0.000444 -0.000907 -0.002224 -0.000485 -0.000315 0.000962 -0.002152 -0.000722 -0.002045 -0.001049 -0.000005 0.000291 0.000348 -0.000020 -0.000589 -0.002080 -0.002063 0.000262 -0.000254 -0.000135 0.000471 0.000688 0.000320 0.000098 -0.000314 0.001648 -0.000258 0.001662 0.001596 -0.002199 -0.000233 0.000268 0.005265 0.003459 0.002141 -0.000395 -0.002303 -0.001813 -0.001824 -0.001627 0.004656 0.004928 0.000000 
0.002026 0.000745 -0.000754 -0.000468 -0.001925 -0.000387 0.000412 -0.001634 0.001534 -0.010318 -0.031768 -0.003818 -0.002179 -0.001357 -0.000353 -0.001684 0.001164 0.001893 -0.001047 -0.001757 -0.001466 -0.000016 -0.000607 -0.000323 -0.001945 -0.000910 -0.000223 0.000292 0.000358 0.000086 0.000745 0.001603 -0.001245 -0.000860 -0.000193 0.000572 -0.000043 -0.000344 -0.000264 -0.000008 0.000018 -0.000311 -0.000477 -0.001612 -0.001460 0.002075 -0.000233 0.007686 0.007750 0.003446 0.002141 -0.001776 -0.000573 -0.001813 -0.001824 -0.003056 0.004656 0.004928 0.000000 0.000000 
0.001051 -0.000402 -0.000123 -0.000593 -0.000713 -0.000776 0.000647 0.000155 -0.001182 -0.000203 0.000704 -0.000021 -0.000396 0.000097 -0.000995 0.000493 0.001078 -0.000212 0.001435 0.001844 -0.000331 -0.000672 -0.000601 0.001268 0.001312 0.000470 -0.000216 0.000237 0.000351 -0.000258 -0.001969 0.000021 0.002686 0.001806 -0.000925 -0.000115 -0.001204 -0.000027 -0.000184 0.000549 0.000212 0.000029 -0.000872 -0.003012 0.002075 0.001130 -0.000747 0.007750 0.003446 0.002879 -0.001776 -0.000573 -0.001813 -0.001824 -0.003056 0.004656 0.004928 0.000000 0.000000 0.000000 
-0.001167 -0.000578 -0.000381 -0.001306 0.001130 0.000114 -0.001342 -0.001212 -0.000904 -0.000160 0.001182 -0.001125 -0.000205 -0.000505 -0.000344 -0.001989 -0.003380 0.000647 0.002367 -0.000662 -0.002303 0.000379 -0.000046 0.000333 0.000634 0.000073 -0.000071 0.000250 0.000083 0.001304 -0.002372 -0.001035 -0.000189 0.002558 0.000273 -0.001510 -0.000029 -0.000091 -0.000481 0.002782 0.000227 -0.005462 -0.010694 -0.003701 -0.012932 -0.010789 -0.003737 -0.003765 0.002879 -0.002849 -0.000573 -0.004395 -0.001824 -0.003056 0.004656 0.004928 0.000000 0.000000 0.000000 0.000000 
-0.002337 -0.001529 0.000051 -0.001199 -0.001304 -0.000482 0.000000 0.000714 -0.001869 -0.000106 -0.000190 -0.000323 -0.002105 -0.000046 -0.000613 -0.000499 -0.000547 -0.001200 -0.000226 -0.000546 0.002690 0.002738 0.000540 -0.000021 0.000440 0.000068 0.000430 -0.000458 -0.000142 0.001192 0.000645 0.000090 0.000721 0.000103 -0.001675 -0.000905 0.000091 -0.000875 -0.001318 -0.001064 0.001719 -0.002496 -0.001236 -0.010789 0.000753 -0.003765 -0.000328 -0.002849 -0.001281 -0.004395 -0.004114 -0.003056 -0.005745 0.004928 0.000000 0.000000 0.000000 0.000000 0.000000 0.000000 
-0.000186 -0.000860 -0.000836 0.001751 0.000861 0.001132 -0.001092 -0.001888 -0.001773 0.000903 0.000112 -0.000234 -0.000285 0.000156 -0.001099 -0.003254 -0.000539 -0.000881 0.000713 0.000793 0.002380 0.000793 -0.000163 -0.000131 -0.000005 0.000129 0.000049 -0.002027 0.000936 0.000358 -0.001056 -0.000364 0.000053 -0.000375 0.000562 0.001390 -0.000158 -0.000766 0.003371 0.002581 0.001259 0.000825 0.003238 0.000624 -0.000328 -0.001656 -0.001281 -0.004565 -0.004114 -0.003056 -0.005745 0.004928 0.000000 0.000000 0.000000 0.000000 0.000000 0.000000 0.000000 0.000000 
0.000245 -0.000640 -0.000655 0.000124 -0.001969 -0.003037 -0.002239 0.001663 0.000078 0.000930 0.001588 -0.000533 -0.001601 -0.000872 -0.000397 0.000662 0.002435 0.000359 -0.000266 0.001242 0.000828 -0.000246 0.000217 -0.000057 -0.000479 -0.000462 0.000642 0.000171 0.000716 -0.001808 0.000605 0.000101 -0.000010 0.000631 0.003398 -0.000161 -0.002484 -0.003843 0.001048 -0.004897 0.003238 0.004164 -0.001784 -0.001656 -0.000560 -0.004565 -0.004114 -0.003056 -0.005745 0.004928 0.000000 0.000000 0.000000 0.000000 0.000000 0.000000 0.000000 0.000000 0.000000 0.000000 
0.002391 0.001428 0.000557 0.000924 0.000968 -0.000247 -0.001769 0.001008 -0.000052 0.000364 0.000953 -0.000407 -0.000182 -0.000489 0.000510 0.000990 -0.001489 -0.000086 0.000302 0.000244 0.000141 0.000243 -0.000121 0.000206 0.000015 0.001319 0.000178 0.000491 -0.001501 -0.001029 -0.000110 -0.000130 0.001464 0.000903 0.004340 -0.001529 -0.007409 -0.004171 -0.001072 0.004164 0.001135 0.001264 -0.000560 -0.004565 -0.004114 -0.001577 -0.005745 0.004928 0.000000 0.000000 0.000000 0.000000 0.000000 0.000000 0.000000 0.000000 0.000000 0.000000 0.000000 0.000000 
0.000575 -0.003657 -0.000374 0.002492 0.001144 -0.000431 -0.000555 -0.001773 0.000194 -0.000609 -0.002347 0.000064 -0.001481 -0.001272 -0.000513 0.000347 0.000778 -0.000686 0.000516 0.000430 0.000332 -0.000588 -0.000091 0.000528 0.000412 -0.000930 -0.000638 -0.000675 -0.000161 -0.000195 0.000514 -0.002443 -0.007946 0.004636 -0.004475 -0.004541 -0.001318 0.002385 -0.004849 -0.002518 -0.002211 -0.004503 -0.001577 -0.005745 0.004928 0.000000 0.000000 0.000000 0.000000 0.000000 0.000000 0.000000 0.000000 0.000000 0.000000 0.000000 0.000000 0.000000 0.000000 0.000000 
0.004928 -0.005745 -0.001577 -0.004503 -0.002211 -0.002518 -0.004849 0.002385 -0.003238 -0.001491 0.000592 -0.002064 -0.010988 0.001699 0.000021 0.000151 -0.000828 -0.000207 -0.000559 -0.000364 0.000647 0.000724 -0.000964 0.001662 0.000708 -0.000368 -0.000007 -0.000009 -0.001483 0.000876 0.000996 -0.001509 -0.000091 -0.000088 -0.002336 0.000113 -0.000438 -0.000019 -0.000074 -0.002873 0.000143 0.002037 -0.002822 0.001458 0.000000 0.000000 0.000000 0.000000 0.000000 0.000000 0.000000 0.000000 0.000000 0.000000 0.000000 0.000000 0.000000 0.000000 0.000000 0.000000 
0.004928 -0.005745 -0.001577 -0.004503 0.003871 -0.002027 -0.006411 0.001361 -0.001306 -0.002193 0.001111 0.002471 -0.009578 -0.003220 0.001873 -0.000164 -0.000539 -0.000324 -0.000236 0.000380 0.000289 -0.000136 -0.000386 0.000127 0.000311 -0.000237 0.000945 0.000830 -0.000533 -0.000278 0.000225 -0.000567 -0.000222 0.000656 0.001629 0.000591 -0.000407 -0.001354 0.001054 0.000205 -0.000012 -0.002384 -0.003555 -0.002574 0.000174 0.000028 0.001123 0.000000 0.000000 0.000000 0.000000 0.000000 0.000000 0.000000 0.000000 0.000000 0.000000 0.000000 0.000000 0.000000 
0.004928 -0.005745 -0.001577 -0.009103 0.003871 -0.002027 -0.006411 -0.001124 -0.001344 0.004379 0.001111 0.001946 -0.002476 -0.004506 -0.002992 -0.005252 -0.004482 -0.000371 -0.001920 -0.000201 -0.000331 -0.000233 -0.000614 -0.002951 0.001109 0.000113 -0.000454 -0.000719 -0.000244 0.000344 0.000165 0.000178 0.000000 -0.000697 -0.000636 -0.002602 0.000000 -0.001110 -0.000109 0.000244 -0.003897 0.000720 -0.000145 -0.001200 0.000029 -0.002354 0.000584 -0.001272 0.002168 0.000000 0.000000 0.000000 0.000000 0.000000 0.000000 0.000000 0.000000 0.000000 0.000000 0.000000 
0.004928 -0.005745 -0.014698 -0.009103 0.003871 -0.002321 -0.005632 -0.004940 -0.000440 0.006365 0.000922 0.006449 -0.003044 0.003832 0.002984 -0.007672 0.001920 -0.001983 -0.000396 -0.001386 0.000748 0.000350 -0.000057 -0.000535 -0.000452 0.000197 0.000128 0.000486 0.000356 -0.000981 0.001571 0.000291 -0.000477 -0.000198 0.000731 -0.000389 0.000543 -0.000633 0.000145 -0.000926 0.001233 0.000199 -0.000699 -0.000965 0.003001 0.000347 -0.004485 -0.004799 0.005425 -0.003996 0.000907 0.000000 0.000000 0.000000 0.000000 0.000000 0.000000 0.000000 0.000000 0.000000 
0.004928 -0.005745 -0.014698 -0.009103 0.002025 -0.002321 0.002985 -0.004940 -0.003669 0.002862 0.000922 0.008159 -0.002156 0.000202 -0.000893 0.000204 0.001827 0.000884 -0.000682 0.000586 0.000212 -0.000355 -0.000583 0.000117 0.000000 0.000091 0.000041 -0.000822 -0.000837 0.000051 0.000956 0.000172 -0.001950 -0.001647 -0.000903 0.000327 0.000719 -0.000174 0.000546 -0.000080 0.004221 -0.004173 -0.000329 -0.001753 0.005017 0.007334 0.008676 -0.005246 0.000581 0.003087 -0.008957 0.002245 0.001768 0.000000 0.000000 0.000000 0.000000 0.000000 0.000000 0.000000 
0.004928 -0.005497 -0.014698 0.003122 0.002025 0.001508 0.002985 0.001892 -0.003669 -0.002220 -0.002053 -0.004924 0.002081 -0.000262 -0.001871 -0.004980 -0.002221 -0.001303 0.001142 0.000960 0.001805 -0.002212 0.000079 -0.000813 -0.000686 0.000114 -0.000476 -0.000370 0.000217 -0.000637 -0.000299 -0.000138 0.000600 0.001458 0.000370 0.000467 0.000855 0.001761 0.000673 0.000668 -0.000598 0.003726 0.002140 -0.002461 0.006610 0.001668 -0.003759 0.000546 0.004553 -0.001700 -0.000550 0.000000 -0.006501 0.004153 -0.006494 0.000000 0.000000 0.000000 0.000000 0.000000 
0.004928 -0.005497 -0.014698 0.003122 0.002025 0.001508 0.000797 0.001892 -0.006206 -0.002220 -0.005494 -0.011143 -0.000404 -0.001176 -0.003072 -0.001160 -0.006676 -0.003243 -0.001497 0.001727 -0.003591 -0.005417 -0.001484 -0.000948 -0.001974 0.002667 -0.000540 -0.000420 0.002779 0.000410 0.000188 -0.000085 0.000030 -0.000250 -0.001213 -0.000849 0.000033 -0.000576 0.000145 0.001757 -0.002247 -0.001521 -0.000221 -0.002621 -0.001531 -0.007114 0.004319 -0.000788 0.000458 -0.000037 0.000925 0.000439 0.001956 0.004125 0.002864 0.004125 0.002658 0.000000 0.000000 0.000000 
0.004928 -0.005497 -0.014698 0.003122 -0.006700 0.001508 0.000797 0.003330 -0.006206 -0.001422 -0.008119 -0.011143 -0.000192 -0.002095 0.008860 0.000850 -0.003454 0.004780 -0.011197 -0.004208 -0.003244 -0.002640 0.003351 0.003362 -0.008807 -0.002778 0.002286 -0.000807 0.000106 0.001332 0.000137 0.000342 -0.000431 -0.000492 -0.000115 0.000196 0.000667 0.000458 -0.000332 0.000039 -0.000677 0.000056 -0.000563 -0.002081 -0.000699 0.000532 -0.001885 -0.001395 0.003048 0.002151 0.002399 0.001385 -0.003077 -0.011309 -0.007725 -0.006568 -0.002843 0.008898 0.000000 0.000000 
0.004928 -0.005497 -0.014698 0.003122 -0.006700 -0.006140 0.000797 0.003330 -0.006164 -0.004797 -0.008119 0.002902 0.006546 0.001370 -0.000993 -0.003581 -0.001240 0.002915 0.003320 0.002521 0.003589 -0.000136 0.007272 -0.002349 0.001751 -0.000490 0.007999 -0.006324 -0.004376 -0.001234 0.001587 -0.000370 0.000168 0.000101 -0.000621 -0.000442 -0.000208 -0.001371 -0.000346 0.000261 -0.000043 -0.000981 0.000040 -0.000296 -0.000641 -0.001612 -0.000335 0.000567 -0.000105 -0.000180 -0.000496 0.001266 -0.001918 0.002253 0.003882 0.003267 -0.006630 -0.001057 0.006320 0.000000 
0.004928 -0.005497 -0.005632 0.003122 -0.006700 -0.006140 -0.011816 -0.001380 -0.006868 -0.004797 -0.005017 0.006864 0.002313 0.002434 -0.005555 0.001403 -0.000652 0.002775 -0.006436 -0.004319 0.000450 -0.006286 -0.002764 0.001168 -0.001976 0.000291 -0.009170 -0.002630 -0.001543 -0.000931 -0.000444 0.002143 0.001665 0.000888 -0.000958 -0.001104 0.000031 -0.000131 -0.000137 0.000037 -0.000448 -0.000522 0.000219 0.000133 -0.000565 -0.001380 0.001819 -0.000468 0.000404 0.000226 0.000679 0.000691 -0.000737 -0.000479 -0.000073 0.000222 0.000399 0.000276 0.001095 0.000136 
0.004928 -0.005497 -0.005632 -0.000548 -0.006700 -0.006140 -0.011816 -0.001380 -0.006868 -0.012795 -0.005185 -0.000349 0.002313 0.002434 0.000130 -0.002612 0.000268 -0.003343 -0.003712 -0.002451 0.004537 -0.006516 -0.001396 -0.001415 0.002701 0.001135 -0.009623 -0.000057 -0.005045 -0.005234 0.001129 0.003392 -0.000418 -0.003174 -0.000401 0.001462 -0.000347 -0.000361 -0.000377 0.000680 -0.000362 0.000757 -0.000286 -0.001156 -0.000346 0.000580 0.000489 0.000638 -0.000233 0.000670 -0.000070 -0.000130 -0.000303 0.000712 0.000080 0.001103 -0.000270 0.000025 0.001630 -0.001034 
0.004928 -0.005497 -0.005632 -0.000548 -0.008295 0.004044 -0.002788 -0.001324 -0.006868 -0.012795 -0.005185 -0.000349 -0.000705 -0.003001 0.003636 -0.003542 -0.002895 -0.004232 0.001306 -0.002269 0.001636 -0.005600 -0.012242 -0.004365 0.004483 -0.008371 0.000244 -0.000832 0.003313 0.000263 -0.000052 0.000113 -0.000320 -0.000511 0.000349 -0.000279 0.001371 -0.000409 0.000357 -0.000450 0.000334 -0.000486 0.000455 0.000049 -0.000455 -0.000369 0.000373 -0.000248 -0.000181 -0.000689 0.001464 -0.000478 0.000000 -0.000928 0.000139 -0.000644 0.000925 0.000294 -0.001109 -0.000220 
0.004928 -0.005497 -0.005632 -0.000548 -0.008295 0.004044 -0.002788 -0.001324 -0.002027 -0.003668 -0.000387 -0.002100 -0.010400 0.000690 0.000435 -0.003517 -0.005649 0.002852 -0.001855 -0.000960 -0.000882 -0.004732 -0.006038 0.001222 -0.002151 0.003734 0.000927 -0.000457 0.000616 0.001190 0.000653 0.000097 0.000077 0.000055 0.000116 0.000355 0.000053 -0.000145 0.000034 -0.000044 -0.000435 -0.001625 0.000008 0.000516 -0.000092 -0.000957 -0.000911 -0.000377 0.000235 -0.001147 0.000035 -0.000483 -0.000209 0.000925 -0.000579 -0.000623 0.000395 0.000013 0.000112 0.000067 
