0.000658 -0.006047 -0.000351 0.002162 0.002328 -0.002517 0.002149 -0.003312 -0.004180 0.001993 0.002212 -0.003748 -0.004882 0.002081 -0.004959 -0.000355 0.000083 0.002658 0.001060 -0.001748 -0.001042 0.000534 -0.006308 0.002594 -0.002851 -0.000261 0.001026 -0.004205 -0.001684 0.001935 -0.000466 -0.000162 -0.000182 -0.000057 -0.000123 -0.000445 -0.000296 0.000403 0.000032 0.000203 0.000275 -0.002131 0.000345 -0.000503 0.000208 -0.000148 0.000672 0.000497 -0.000343 0.000817 0.000140 -0.000814 -0.000281 -0.000189 -0.000363 0.000095 -0.000201 -0.000160 -0.000307 -0.000451 
0.000658 -0.006047 -0.000351 0.002162 0.002328 -0.002517 0.002149 -0.003312 -0.001943 -0.000826 0.000890 -0.003421 0.001986 -0.003302 0.000360 -0.000775 0.009507 0.003252 -0.001668 -0.001021 0.005091 -0.002285 -0.005762 -0.002406 -0.003942 -0.003514 -0.002502 -0.000063 -0.000369 -0.000707 0.000385 -0.000222 0.000959 0.000094 -0.000733 -0.000572 -0.000239 -0.000071 0.000314 0.000187 -0.000211 -0.000159 -0.000284 -0.000688 -0.000123 -0.000308 -0.000359 -0.000241 0.000267 -0.000136 -0.000312 0.001117 0.000005 -0.000119 -0.000529 0.000019 0.000632 0.000144 -0.000260 -0.001006 
0.000658 -0.006047 -0.000351 0.002162 0.003643 0.002182 0.000335 -0.008649 -0.001943 -0.000826 0.000890 -0.003421 0.001329 -0.009126 0.002591 -0.001070 0.002770 0.000232 -0.005991 0.000618 -0.003220 -0.001206 -0.000424 -0.004089 -0.006067 -0.000378 -0.001154 0.000785 -0.000223 -0.000332 -0.000517 0.000051 0.000350 -0.000095 0.000500 0.000687 0.000332 0.000370 -0.000032 -0.000121 -0.000797 -0.000031 -0.000609 0.000195 -0.000099 -0.000646 0.000438 -0.000048 -0.000195 -0.000084 -0.000728 0.000437 -0.000078 -0.000095 -0.000171 -0.000086 0.000133 -0.000200 -0.000251 0.001040 
0.000658 -0.006047 -0.000351 0.000985 0.003643 0.002182 0.000335 -0.008649 -0.001943 -0.000587 -0.007485 0.001706 0.001329 -0.009126 0.001543 0.003463 0.000551 0.000240 0.004013 -0.002919 0.000516 -0.007443 0.002886 -0.003187 0.001384 0.002722 -0.002626 0.001909 -0.000568 -0.000304 0.000018 -0.000152 -0.000182 0.000209 0.000824 0.000649 -0.000111 0.000158 -0.000196 0.000248 0.000012 -0.000053 0.000192 0.000229 0.000381 0.000097 -0.000309 -0.000659 -0.000204 -0.000575 -0.000238 -0.000068 -0.000242 0.000192 0.000175 -0.000096 0.000103 0.000056 0.000189 0.000095 
0.000658 -0.006047 -0.002984 0.000985 0.003643 0.002182 -0.000267 -0.004101 -0.002601 -0.000587 -0.003097 0.005940 -0.008625 0.001723 0.000392 -0.001041 -0.000527 -0.001938 -0.001892 -0.000629 0.001723 -0.008455 -0.002008 0.004570 0.000245 -0.001102 0.001551 0.000436 -0.000513 0.000181 -0.000376 -0.000047 -0.000172 0.000529 -0.000138 0.000503 0.000044 -0.000396 -0.000732 -0.000283 -0.000214 0.000185 0.000425 -0.000090 0.000077 -0.000447 -0.000020 0.000012 -0.000463 -0.000030 0.000010 0.000054 -0.000123 -0.000334 0.000091 0.000057 -0.000001 -0.000012 0.000078 0.000000 
0.000658 -0.006047 -0.002984 0.000985 0.003643 0.001625 -0.000267 -0.004101 -0.000234 0.006905 -0.003097 -0.000493 -0.014795 0.010218 -0.000580 -0.004041 0.002306 0.006469 -0.002420 0.004203 0.002659 0.001604 -0.003061 -0.000149 0.000200 -0.000590 0.001364 -0.000101 -0.000714 -0.000472 0.000327 0.000043 0.000708 0.000196 -0.000167 0.000668 -0.000320 -0.000710 -0.000399 0.000694 0.000488 -0.001107 -0.000404 0.000167 -0.000217 0.000024 0.000024 0.000469 0.000655 0.000739 0.000052 0.000516 -0.000914 -0.000531 -0.000032 -0.000133 -0.000174 -0.000132 0.000000 0.000000 
0.000658 -0.006047 -0.002984 0.000985 0.002981 0.001625 -0.000267 -0.005688 -0.000234 0.003696 -0.004677 -0.000493 -0.005996 0.005647 -0.001585 0.000572 -0.000965 0.000065 0.000300 0.003601 0.005405 -0.001207 -0.005291 -0.002516 0.000201 0.000169 0.000360 0.000011 0.000375 0.000355 0.000727 0.000087 0.000034 -0.000106 -0.000054 -0.000162 -0.000145 0.000042 0.000335 -0.000175 0.000115 -0.000303 0.001151 -0.000272 -0.000333 -0.000440 0.000683 0.000715 0.000812 0.000105 0.000588 0.001297 -0.000373 -0.001198 0.000008 -0.000625 -0.001474 0.000000 0.000000 0.000000 
0.000658 -0.006047 -0.002984 0.000985 0.002981 0.001625 -0.001286 -0.005688 0.003069 0.003696 -0.005776 -0.002948 -0.001958 -0.001707 0.000559 0.002729 -0.001196 -0.000987 -0.001147 0.000943 0.006041 0.000360 -0.001501 0.000792 -0.000181 0.000163 -0.000008 0.000713 0.001673 0.001719 -0.000425 0.001123 0.000029 0.001076 -0.001374 -0.002381 0.000693 0.000553 0.000000 -0.000101 -0.001449 -0.000348 0.000570 0.002953 -0.000362 -0.000425 -0.002392 0.000862 -0.001618 -0.000737 0.000647 -0.000050 -0.000860 0.000662 0.001851 0.000000 0.000000 0.000000 0.000000 0.000000 
0.000658 -0.002567 -0.002984 0.002151 0.002981 0.002315 -0.001286 -0.003341 0.003069 -0.007887 -0.004626 0.005946 0.002081 -0.004360 -0.001716 0.001286 -0.005946 0.001191 -0.000272 -0.000232 0.007848 0.000824 0.000757 -0.000172 -0.000852 -0.001536 0.001005 -0.002778 0.000247 0.000730 -0.000866 -0.001258 -0.000924 0.001694 -0.002252 0.000014 0.000666 0.002551 0.000245 -0.005174 -0.001930 -0.002931 -0.004075 -0.000519 0.000976 0.000259 -0.001844 0.000132 0.000309 0.002347 -0.000211 0.001787 0.000020 0.000000 0.000000 0.000000 0.000000 0.000000 0.000000 0.000000 
0.000658 -0.002567 -0.002984 0.002151 0.001223 0.002315 -0.003343 -0.003341 -0.000693 -0.001861 -0.004626 0.003895 0.003058 0.001797 -0.004123 0.001973 -0.000786 -0.001200 -0.000418 -0.000396 0.002245 0.001159 0.000411 -0.002727 0.000000 0.000014 -0.000833 -0.000566 -0.002475 -0.000461 -0.003557 0.000177 0.000060 0.000378 -0.000627 0.001211 -0.002025 -0.000403 -0.001490 0.001342 0.003104 -0.000496 0.000085 -0.008039 0.001223 0.002013 -0.000313 0.000473 -0.000830 0.000536 0.000296 0.000000 0.000000 0.000000 0.000000 0.000000 0.000000 0.000000 0.000000 0.000000 
0.000658 -0.002567 0.000192 0.002151 0.001223 0.010526 0.002336 0.000417 -0.000432 -0.000144 0.001820 0.000224 -0.000457 0.000689 0.000382 0.000081 0.000754 -0.000402 -0.001123 -0.002721 0.000041 -0.000563 -0.002462 0.000594 0.000757 0.002288 -0.000550 -0.002874 0.001292 0.001316 -0.001343 -0.000780 -0.000029 0.001839 -0.000118 -0.000918 0.000646 -0.000705 -0.000609 -0.000593 0.001316 0.003538 0.000048 0.000153 0.001214 -0.001356 -0.000446 -0.001214 0.001789 0.000000 0.000000 0.000000 0.000000 0.000000 0.000000 0.000000 0.000000 0.000000 0.000000 0.000000 
0.000658 -0.002567 0.000192 0.002102 0.001223 0.010526 0.002336 0.001376 -0.001162 -0.000821 0.001820 0.000137 -0.000668 -0.000686 -0.000469 0.000303 -0.002108 -0.001155 -0.000813 -0.001825 -0.001043 0.000675 0.000872 -0.001178 0.005124 0.003914 0.001837 -0.001766 0.002508 0.001050 0.000217 0.000083 -0.000757 0.000326 0.000420 -0.002843 0.000000 -0.000539 -0.001502 -0.000978 -0.002444 -0.003489 0.002685 -0.000581 0.004347 0.001120 0.000000 0.000000 0.000000 0.000000 0.000000 0.000000 0.000000 0.000000 0.000000 0.000000 0.000000 0.000000 0.000000 0.000000 
0.000658 -0.002567 0.000192 0.002102 -0.002854 0.003658 0.001661 -0.001258 0.002996 0.000325 -0.003369 0.000488 -0.001734 0.000169 -0.000564 -0.001250 -0.000218 0.003400 0.003970 -0.002629 -0.001323 0.001362 0.002450 0.000285 -0.000360 -0.002109 -0.002573 0.001844 0.001091 -0.000661 -0.001064 -0.000055 -0.002355 0.000720 0.000422 -0.000822 -0.000049 0.000097 -0.000497 -0.001293 0.001024 0.000162 -0.000743 0.000094 0.000000 0.000000 0.000000 0.000000 0.000000 0.000000 0.000000 0.000000 0.000000 0.000000 0.000000 0.000000 0.000000 0.000000 0.000000 0.000000 
0.000658 -0.002567 0.000192 0.002102 -0.002854 0.003658 0.001661 -0.001258 -0.002651 0.000000 -0.003150 -0.002804 -0.000284 0.002519 0.000366 0.000076 -0.002134 0.000888 0.003515 0.000526 0.001401 0.000231 0.001061 0.000000 0.000584 0.002384 -0.000333 0.001018 -0.000639 -0.000910 0.000935 -0.000592 -0.000850 0.001090 -0.002496 -0.000771 -0.001357 0.001806 0.001057 0.000190 0.000358 0.003310 0.000326 -0.000725 0.000206 0.000000 0.000000 0.000000 0.000000 0.000000 0.000000 0.000000 0.000000 0.000000 0.000000 0.000000 0.000000 0.000000 0.000000 0.000000 
0.000658 -0.002567 0.000192 0.007656 -0.000826 -0.000958 -0.003120 -0.000296 0.001278 -0.001814 -0.002765 -0.005126 0.000027 0.000750 0.001227 0.000716 -0.003385 -0.000959 0.001500 0.000290 -0.001299 -0.001114 0.001415 -0.000982 -0.000464 -0.001335 0.000963 -0.000805 -0.002252 -0.000325 -0.001249 -0.000289 -0.000842 0.000788 0.000693 -0.001757 0.000131 0.002508 0.001523 -0.000766 -0.001934 -0.000658 -0.000915 -0.000148 -0.001100 0.000198 -0.000048 -0.000422 0.000000 0.000000 0.000000 0.000000 0.000000 0.000000 0.000000 0.000000 0.000000 0.000000 0.000000 0.000000 
0.000658 -0.002567 -0.001140 0.007656 -0.000826 -0.000958 -0.001912 0.001074 0.001278 0.001734 -0.002179 -0.003090 0.000547 0.001870 0.000042 0.000098 -0.000812 -0.001122 -0.001775 -0.000224 -0.001180 0.002171 0.000440 0.001531 -0.002069 -0.000607 0.000029 -0.001197 -0.000031 -0.001720 0.001780 -0.001107 -0.000708 0.000134 0.000292 0.000326 0.001599 0.001178 -0.000584 0.000815 0.001871 0.000224 0.000883 0.000209 -0.000757 0.000280 -0.001426 0.000433 0.001284 0.001370 0.000000 0.000000 0.000000 0.000000 0.000000 0.000000 0.000000 0.000000 0.000000 0.000000 
0.000658 -0.002567 -0.001140 0.007656 -0.000826 -0.000850 -0.001912 -0.003489 0.005207 0.001734 -0.006243 -0.000956 0.001340 0.001846 0.003474 0.002699 -0.000038 -0.001213 -0.003530 -0.000502 0.000261 -0.000678 -0.001966 -0.000253 -0.003274 0.000368 0.000307 -0.000993 -0.000452 0.000351 0.000144 0.001645 0.000680 -0.000598 -0.000030 -0.002117 0.000233 0.000689 0.000383 0.000746 0.001238 0.000441 0.000910 0.000413 -0.000392 0.001003 0.000548 -0.000814 -0.001645 -0.000224 -0.000653 -0.000056 0.000000 0.000000 0.000000 0.000000 0.000000 0.000000 0.000000 0.000000 
0.000658 -0.002567 -0.001140 0.007656 0.008605 -0.000850 -0.004208 -0.003489 -0.002318 0.006717 0.004693 -0.000881 -0.001914 -0.001348 -0.002035 -0.001134 -0.000119 0.000125 0.000107 -0.000463 0.000296 -0.002290 -0.002241 -0.000902 -0.000912 0.000071 -0.000887 0.001134 0.000787 0.000730 -0.001119 -0.000370 0.000418 0.000497 -0.000525 -0.000025 0.001974 0.000784 0.000855 -0.005040 -0.002504 -0.005206 0.000756 0.000372 -0.000957 0.001193 0.001057 -0.000866 0.000182 0.000775 0.000963 -0.000241 -0.000133 0.001300 0.000000 0.000000 0.000000 0.000000 0.000000 0.000000 
0.000658 -0.003568 -0.001140 0.003779 0.008605 -0.000497 -0.004208 -0.002518 -0.002318 0.008214 0.004693 0.003055 0.001080 -0.001597 0.002160 0.001106 0.000223 0.000237 0.000151 0.001553 -0.000514 -0.000366 -0.000686 -0.000454 -0.002703 -0.001858 -0.000395 -0.001314 -0.002811 -0.000796 -0.001077 -0.001221 -0.000859 0.000205 0.002055 0.002012 0.000613 0.001027 0.000213 0.001393 -0.002596 0.001513 0.002828 0.002005 0.004218 0.000042 -0.000403 -0.000470 -0.000571 -0.000595 0.000689 0.000590 0.000185 -0.000239 0.000390 -0.000243 0.000000 0.000000 0.000000 0.000000 
0.000658 -0.003568 -0.001140 0.003779 0.008605 -0.000497 0.003110 -0.002518 -0.000188 -0.001992 0.004089 0.004591 0.001080 0.002904 0.007071 0.013909 0.012612 0.003475 -0.000630 0.001147 -0.000394 -0.000729 -0.000366 -0.000747 -0.001632 -0.000352 -0.000423 -0.001103 -0.000858 -0.000237 0.001144 -0.002283 0.000077 -0.000288 0.000261 -0.001016 -0.000043 0.000000 -0.000449 0.002244 0.002109 0.000166 -0.000086 -0.000949 -0.000443 -0.000528 0.000124 0.000284 0.000522 0.000189 -0.000606 -0.000607 -0.000516 -0.000395 0.000282 0.000776 -0.000380 0.000000 0.000000 0.000000 
0.000658 -0.003568 -0.001140 0.003779 0.009164 -0.000497 0.003110 -0.002359 -0.000188 -0.001992 0.000417 0.000312 0.007167 0.001750 -0.000108 0.000768 0.000430 -0.000540 -0.012758 -0.004849 0.001479 -0.000104 -0.000570 -0.000998 -0.001511 0.000639 0.000483 -0.000344 0.000323 -0.000646 -0.001512 -0.000465 -0.000212 -0.000526 0.000899 0.002426 0.002148 0.000000 0.000927 0.001299 0.001163 0.000825 0.000233 0.000316 -0.000889 -0.000434 0.000425 0.000049 -0.000459 -0.000127 0.001012 -0.000301 0.001973 0.001636 0.000160 -0.000311 0.000797 0.000266 0.000000 0.000000 
0.000658 -0.003568 -0.000130 0.003779 0.009164 0.004536 -0.000210 -0.002359 -0.001610 0.000241 0.000819 0.000312 -0.001870 0.002429 0.001182 0.000973 0.003814 0.002803 0.002322 -0.000868 0.004458 0.000439 0.001364 0.001608 0.000894 0.000238 0.001356 -0.001315 -0.001837 -0.001524 -0.000677 -0.001964 -0.001393 -0.000469 -0.000224 -0.001295 -0.001437 0.000372 0.000945 0.000977 0.002028 0.001784 0.000085 -0.001147 0.000605 -0.000473 -0.000648 0.000051 0.000591 0.000439 -0.000178 -0.000203 -0.000511 -0.000498 -0.000318 0.001014 0.001396 0.001627 0.003364 0.000000 
0.000658 -0.003568 -0.000130 0.003779 0.009164 0.004536 -0.000210 0.000508 0.003517 0.000241 0.000819 0.003187 0.000815 -0.001816 0.000902 0.002342 -0.003999 0.000172 -0.001690 -0.004573 -0.000078 0.004648 0.003865 0.000707 0.000417 0.001590 -0.000103 -0.000566 0.001296 0.000735 -0.000179 -0.000169 -0.000973 0.000213 0.000461 0.000223 0.000413 -0.000780 -0.001040 -0.001519 -0.000349 -0.000787 -0.001527 -0.000664 -0.000406 0.000299 -0.000140 -0.000746 -0.000467 -0.000250 -0.000106 0.001253 0.000953 0.002284 0.000370 0.002106 0.003590 0.001108 0.002951 0.001581 
0.000658 -0.003568 -0.000130 0.000610 0.001661 0.004536 -0.000210 0.000508 0.003517 0.004190 -0.000570 0.000996 0.004109 -0.001816 0.000902 0.001111 0.000053 -0.002244 0.002772 0.004416 0.003411 0.005186 -0.000460 0.001932 -0.003568 -0.003714 -0.005157 -0.000971 0.001225 -0.000150 0.001106 0.001760 0.000690 0.001297 0.001405 -0.000378 -0.000112 0.000036 -0.000532 0.000244 0.000552 -0.000907 -0.000248 0.000556 0.000392 -0.000026 -0.000653 -0.000333 -0.000355 0.000322 0.001671 -0.000319 0.000451 0.001632 0.001760 -0.000295 0.003271 0.000239 -0.000198 0.000594 
0.000658 -0.003568 -0.000130 0.000610 0.001661 0.001227 0.003121 0.002866 0.001486 -0.000968 -0.000570 0.000996 0.004109 0.004688 0.014136 0.008744 -0.000664 -0.004668 -0.007357 -0.001597 0.002134 -0.004908 -0.005134 0.001235 -0.001098 -0.001905 -0.005746 -0.000730 0.004980 0.005663 -0.001689 0.000141 -0.000719 -0.000985 0.001039 0.006458 0.003764 -0.000457 0.000128 0.000822 0.000929 0.001128 0.000146 -0.000146 -0.000005 -0.000069 0.000054 0.000291 0.000649 0.000000 0.000476 0.000832 -0.000069 -0.000641 0.000976 0.001596 0.001320 0.000172 0.002480 0.004447 
0.000658 -0.003568 -0.000130 0.000610 0.001661 0.001227 0.003121 0.002866 0.001486 -0.000968 -0.000172 0.002360 -0.003453 -0.002644 -0.001218 -0.010672 0.004206 0.012475 0.006617 -0.000598 0.001371 0.002694 0.003120 0.007385 -0.007371 -0.003470 0.001709 0.002269 -0.001374 -0.009519 -0.003683 -0.004911 -0.001951 0.001646 -0.002904 0.000000 0.008034 0.002240 -0.000855 -0.001064 -0.001115 -0.000392 -0.000366 -0.000160 -0.000207 -0.000523 -0.000170 0.000683 -0.000592 -0.000210 0.004037 0.002696 0.000626 0.002781 0.000455 0.002444 0.000222 -0.000723 0.001309 0.000223 
0.000658 -0.003568 -0.000130 0.000610 0.001661 0.001227 -0.005721 -0.001795 -0.003123 -0.002994 -0.003788 0.002694 0.001999 -0.001254 -0.007834 -0.008844 0.003251 0.003065 -0.004308 -0.002129 -0.000368 0.007221 0.013442 0.009491 0.006845 0.002278 0.004119 -0.005666 -0.005615 -0.000592 -0.000768 -0.000627 -0.000888 0.004125 0.002185 -0.000226 -0.000381 0.001532 0.005095 0.005754 0.002309 0.000116 -0.000376 0.000002 0.000233 -0.000122 -0.000807 0.000385 0.002276 0.001829 -0.000297 -0.000524 0.002406 0.002560 0.003114 0.001910 0.002508 0.002458 0.001256 0.002605 
0.000658 -0.003568 -0.000130 0.000610 0.004637 0.000000 -0.005721 -0.001795 -0.003123 -0.002994 -0.002041 0.002008 0.003942 0.003573 -0.002331 -0.006465 -0.000821 0.006313 0.006371 -0.000491 -0.003330 0.005380 0.008108 -0.001065 0.001691 0.000335 0.003212 0.002280 -0.002619 -0.000528 -0.004128 -0.001991 -0.003868 0.001522 0.002944 -0.008757 -0.002299 0.003487 0.007707 0.002110 0.000461 0.000000 -0.000267 -0.000572 0.000156 0.000792 0.001428 -0.000094 -0.001289 -0.000635 0.001693 0.003384 0.001193 0.001573 0.000271 0.000937 0.001132 0.001011 0.001452 -0.000528 
0.000658 -0.003568 -0.000130 0.005287 0.004637 0.000000 -0.005721 -0.001795 -0.001164 -0.003131 -0.002041 0.002008 0.003942 0.005193 -0.002345 -0.005185 0.001643 0.006313 0.002786 -0.003249 -0.004448 -0.002935 -0.003714 0.005830 -0.001363 0.004120 0.004168 0.001973 0.000000 0.003933 0.001636 0.001936 -0.002447 0.008828 -0.002007 -0.007661 -0.003006 -0.002635 -0.002606 0.000083 -0.000013 -0.000221 0.000262 0.000144 0.000081 -0.000471 -0.000079 -0.000373 0.002036 0.002843 0.000786 0.001102 0.000468 0.000251 0.003059 0.005844 0.003030 -0.000423 0.001541 0.001729 
0.000658 -0.003568 0.000604 0.005287 0.004637 0.000000 0.000530 -0.000422 -0.001164 -0.003131 -0.003026 -0.000398 0.003627 -0.000469 0.004042 -0.004307 -0.005717 0.001346 0.000376 -0.001059 0.001610 0.001180 -0.000907 -0.000198 -0.005953 0.000892 0.005518 0.001536 -0.002154 0.001612 0.003791 0.003882 0.006925 0.003083 -0.008434 0.001149 0.006128 0.000256 -0.002350 -0.001926 -0.001025 0.000547 -0.000459 0.000074 0.001852 0.002334 0.000111 0.000767 0.001090 0.000097 -0.000786 -0.000443 -0.000383 0.000102 0.000707 0.003031 0.001442 0.003001 0.002218 0.000000 
0.000658 -0.003568 0.000604 0.005287 0.004637 -0.001717 0.000530 -0.000422 0.000298 -0.000848 -0.000702 -0.004117 -0.006337 -0.005808 -0.008391 -0.005811 0.003475 -0.001874 -0.002821 0.000631 -0.003335 -0.001604 0.005704 0.002588 -0.001268 -0.007992 -0.000954 0.000593 -0.004234 -0.003964 0.001517 -0.004268 -0.002257 0.005667 -0.000302 0.003225 -0.002474 0.000114 0.001335 0.000337 -0.000441 -0.000799 -0.000110 -0.000068 -0.000062 -0.000252 -0.000200 -0.000412 -0.000082 0.000098 -0.000078 -0.000008 0.001645 0.001026 0.000336 0.000904 0.001523 0.000221 0.000000 0.000000 
0.000658 -0.003568 0.000604 0.005287 -0.002605 -0.001717 -0.005714 -0.004497 0.000298 -0.002845 -0.000702 -0.010929 -0.008502 -0.005808 0.002487 -0.001251 0.004049 0.001949 0.006780 0.006135 0.000867 -0.002447 0.001099 0.009923 0.005455 -0.002684 -0.001841 -0.003546 0.003914 0.003229 -0.000207 -0.002104 -0.001604 0.006825 0.004232 0.001558 0.001721 -0.000216 -0.000894 -0.000325 -0.000194 -0.000032 0.000461 -0.000116 -0.000121 0.000517 0.000042 0.000016 0.000108 -0.000288 -0.000330 -0.000778 -0.000253 0.000186 0.000744 -0.000149 0.000000 0.000000 0.000000 0.000000 
0.000658 -0.002858 0.000604 -0.004397 -0.002605 -0.003608 -0.005714 0.003927 -0.006861 -0.000692 -0.000331 0.006972 0.002619 0.000167 -0.003684 0.001028 -0.003687 0.001767 0.005161 -0.004831 -0.000300 0.001964 0.008516 -0.003661 0.005327 -0.003602 -0.002612 0.002159 -0.000357 -0.000627 -0.008533 0.000732 -0.005301 0.007739 0.007881 0.009271 0.002831 0.000573 0.000287 0.000518 0.000145 0.001518 0.001438 -0.000625 0.001073 0.000057 0.000252 -0.000404 -0.000111 -0.000296 0.000885 0.000439 -0.000220 0.000014 -0.000256 0.000000 0.000000 0.000000 0.000000 0.000000 
0.000658 -0.002858 0.000604 -0.004397 -0.002605 -0.003608 -0.005714 0.003927 -0.003201 -0.000692 0.011528 0.006972 0.004281 -0.001499 0.000109 -0.000767 -0.003209 -0.000101 0.001540 0.007640 0.001067 0.000228 -0.000858 -0.002054 0.002006 -0.002162 0.000200 -0.001477 0.002329 -0.004232 -0.004049 0.003610 0.003991 0.003006 -0.004695 -0.001558 0.000285 0.000097 0.000435 -0.000448 -0.000143 -0.000702 -0.000023 -0.000898 -0.000327 -0.000636 0.001235 0.002097 -0.002044 -0.000132 0.000525 0.001139 -0.000019 0.000000 0.000000 0.000000 0.000000 0.000000 0.000000 0.000000 
0.000658 -0.002858 0.000604 -0.004397 -0.000713 -0.003608 0.002804 -0.004758 -0.003201 0.005039 0.003275 0.006889 0.009953 -0.002918 -0.001415 -0.000105 -0.001668 -0.006773 -0.000334 0.001673 0.001184 -0.004133 -0.002350 -0.004801 0.000543 -0.003424 0.002808 0.001911 0.000676 -0.002007 0.014505 0.006731 0.003672 0.002460 -0.000797 0.000247 0.000118 0.001024 0.000213 -0.000442 -0.000054 0.000205 0.000355 0.001153 0.001483 0.000139 0.001102 0.001321 0.001731 0.001920 -0.001091 0.000000 0.000000 0.000000 0.000000 0.000000 0.000000 0.000000 0.000000 0.000000 
0.000658 -0.002858 -0.004033 -0.004397 -0.000713 0.002439 -0.003420 -0.004758 0.001943 0.001895 0.006172 0.011140 -0.001948 0.002317 -0.002935 0.002879 0.002600 0.002717 0.001511 0.000709 -0.001983 0.001767 -0.002321 0.000822 0.000145 -0.005095 0.000673 -0.002409 -0.000918 -0.001098 0.002321 0.002843 -0.002793 -0.002495 -0.000079 -0.000175 -0.000076 0.000000 -0.000661 -0.000212 0.000887 0.001378 0.000672 0.000208 0.000777 0.004459 0.002689 0.000245 0.000930 0.000000 0.000000 0.000000 0.000000 0.000000 0.000000 0.000000 0.000000 0.000000 0.000000 0.000000 
0.000658 -0.002858 -0.004033 -0.002827 -0.000713 0.002439 -0.003420 0.002660 -0.002078 0.009906 -0.006024 -0.001153 0.002559 -0.003624 0.001044 0.003649 -0.001064 -0.001251 0.006815 0.003737 -0.002533 -0.001935 0.000195 0.002986 0.005826 0.004960 0.000703 0.002452 0.003295 -0.002700 -0.006330 -0.000917 -0.000755 -0.000049 -0.000210 0.000067 -0.000078 -0.000056 0.000155 -0.000330 -0.000414 0.000563 0.000909 0.002371 0.002901 -0.000135 0.000000 0.000000 0.000000 0.000000 0.000000 0.000000 0.000000 0.000000 0.000000 0.000000 0.000000 0.000000 0.000000 0.000000 
0.000658 -0.002858 -0.004033 -0.002827 0.005483 0.001562 -0.001722 0.001438 -0.001271 -0.002310 -0.002732 0.002615 -0.008881 -0.011805 -0.001458 0.007275 -0.001645 -0.002619 -0.000557 -0.002214 -0.000111 -0.000875 0.000000 0.004388 -0.001333 0.000771 -0.000024 -0.000429 0.000798 0.000294 -0.000156 0.000337 0.000082 -0.000131 0.000007 -0.000021 0.000116 0.000392 0.002102 -0.000127 0.001251 0.001789 0.002337 0.001021 0.000000 0.000000 0.000000 0.000000 0.000000 0.000000 0.000000 0.000000 0.000000 0.000000 0.000000 0.000000 0.000000 0.000000 0.000000 0.000000 
0.000727 0.001130 0.002577 0.001679 -0.000388 0.000979 0.000189 0.000065 -0.000159 0.000217 -0.000122 0.000166 0.000346 0.000032 -0.000135 -0.000063 0.000452 0.000044 0.000353 -0.000482 0.000770 0.000957 -0.000161 -0.006838 0.004443 -0.001973 -0.000470 0.000508 0.000677 0.001472 0.002041 0.000047 -0.007593 -0.004612 0.004722 -0.002054 0.001657 0.008915 0.001105 -0.002684 0.003299 0.005483 -0.002827 -0.004033 -0.002858 0.000658 0.000000 0.000000 0.000000 0.000000 0.000000 0.000000 0.000000 0.000000 0.000000 0.000000 0.000000 0.000000 0.000000 0.000000 
0.000764 -0.000830 0.000290 -0.000345 0.000011 0.000148 -0.000963 0.000123 -0.000680 -0.000080 0.000180 0.000004 -0.000224 0.000518 0.000310 -0.000333 0.000221 -0.000279 -0.000043 -0.000108 -0.000090 -0.000842 -0.000323 -0.000735 -0.000045 0.000418 -0.001657 0.000303 -0.000900 0.002378 0.001074 0.001961 -0.001430 0.002090 -0.001869 -0.004586 0.003544 -0.004476 0.004233 0.007156 0.001105 -0.002684 0.003299 0.000093 -0.008052 -0.004033 -0.002858 0.000658 0.000000 0.000000 0.000000 0.000000 0.000000 0.000000 0.000000 0.000000 0.000000 0.000000 0.000000 0.000000 
-0.000617 0.001134 -0.000163 -0.000144 0.000435 0.000354 -0.000181 -0.000170 0.000044 -0.000322 0.000005 0.000110 0.000270 -0.000075 -0.000193 0.000203 -0.000193 0.000050 0.000000 -0.000035 0.000052 0.000005 -0.000239 0.000230 -0.000224 0.001029 -0.000151 -0.000205 0.000039 0.000418 0.002565 -0.004254 0.000664 0.001979 -0.000816 0.001955 0.001305 -0.005435 0.004581 -0.003567 0.004213 0.007156 -0.000961 -0.001163 0.004080 0.000093 -0.008052 0.001911 -0.002858 0.000658 0.000000 0.000000 0.000000 0.000000 0.000000 0.000000 0.000000 0.000000 0.000000 0.000000 
-0.000420 0.000930 -0.000383 0.000051 0.000366 0.000180 0.000099 -0.000259 -0.000705 0.000144 -0.000230 -0.000150 0.000163 0.000042 0.000042 0.000191 0.000153 -0.000016 -0.000380 -0.000004 0.000017 -0.000227 -0.000028 -0.000018 -0.000390 -0.000355 0.000101 -0.000147 -0.000157 0.000015 -0.000119 -0.000005 0.000947 -0.002168 -0.001553 0.000640 0.003055 -0.000228 0.001495 -0.001616 -0.001116 -0.002552 0.002262 0.002137 0.000402 -0.001163 0.004080 0.003507 -0.008052 0.001911 -0.002858 0.000658 0.000000 0.000000 0.000000 0.000000 0.000000 0.000000 0.000000 0.000000 
-0.000141 -0.000138 -0.000124 0.000049 0.000027 0.000139 -0.000095 -0.000217 -0.000083 -0.000069 0.000024 -0.000016 0.000033 -0.000050 0.000183 -0.000349 -0.000467 0.000257 0.000496 0.000269 -0.000035 -0.000059 0.000015 0.000069 0.000231 -0.000279 0.000112 -0.000045 -0.000051 -0.000019 -0.000076 -0.000330 0.000228 -0.000115 0.000344 0.000234 -0.003409 -0.000497 0.005973 -0.001122 0.004358 -0.001423 0.004558 -0.000858 0.002262 0.000298 0.000402 -0.000533 0.004080 0.003507 -0.008052 0.001911 -0.002858 0.000658 0.000000 0.000000 0.000000 0.000000 0.000000 0.000000 
-0.000074 -0.000123 0.000035 0.000019 0.000061 0.000075 -0.000281 -0.000129 0.000167 0.000038 -0.000024 0.000498 -0.000073 -0.000002 0.000113 0.001078 -0.000192 0.000047 -0.000144 0.000110 -0.000162 -0.000196 0.000032 0.000012 0.000019 -0.000183 -0.000245 0.000322 -0.000090 0.000234 0.000282 0.000012 -0.000147 -0.000076 0.000359 0.000245 -0.000324 -0.000439 -0.000148 -0.000223 0.002294 0.001670 0.001200 -0.001993 0.000404 0.003531 -0.003223 -0.000997 -0.000574 -0.000533 0.001939 0.003507 -0.003439 0.001911 -0.006579 0.000658 0.000000 0.000000 0.000000 0.000000 
0.000045 0.000145 -0.000077 -0.000581 0.000223 -0.000325 -0.000140 0.000104 0.000208 0.000105 0.000195 0.000233 0.000005 0.000179 -0.000202 -0.000040 0.000289 0.000008 0.000106 -0.000052 0.000265 -0.000017 -0.000223 -0.000022 -0.000032 -0.000107 -0.000187 0.000134 0.000124 -0.000174 0.000609 -0.000059 -0.000625 -0.000282 0.000022 0.000246 0.000106 0.000139 -0.000379 0.000126 -0.000292 -0.001878 -0.005271 0.001025 -0.002450 -0.000702 0.003531 -0.007393 -0.000997 -0.000574 -0.005200 0.001939 0.003554 -0.003439 0.001911 -0.006579 0.000658 0.000000 0.000000 0.000000 
-0.000138 -0.000157 0.000107 0.000008 -0.000358 -0.000067 0.000082 -0.000017 -0.000353 0.000000 -0.000020 -0.000138 -0.000225 -0.000038 0.000431 -0.000111 0.000214 0.000280 0.000046 -0.000264 -0.000230 0.000043 0.000078 -0.000101 0.000186 -0.000365 -0.000116 -0.000440 -0.000142 0.000105 0.000012 0.000266 0.000126 0.000259 0.000097 0.000093 -0.000168 -0.000334 0.000032 0.000466 -0.000141 0.000191 -0.000334 -0.001955 -0.000886 -0.001218 -0.002450 0.001005 0.003354 -0.007393 -0.003948 0.003475 -0.005200 -0.000177 0.003554 -0.003439 0.001911 -0.006579 0.000658 0.000000 
-0.000279 0.000649 -0.000205 0.000091 0.000030 0.000198 0.000037 0.000192 -0.000131 -0.000042 0.000202 0.000250 0.000064 -0.000002 -0.000166 0.000294 0.000322 -0.000168 0.000111 -0.000027 0.000213 -0.000061 -0.000517 -0.000004 -0.000099 0.000136 -0.000072 0.000093 0.000202 -0.000065 -0.000149 0.000033 -0.000029 -0.000341 -0.000476 -0.000141 0.000841 -0.000232 -0.000034 -0.000534 -0.000221 -0.000530 -0.000225 0.000082 0.000028 0.001332 -0.004846 -0.006587 -0.005278 0.001021 -0.014069 -0.003948 0.003475 -0.004259 -0.000177 0.003554 -0.003439 0.000695 -0.006579 0.000658 
-0.000759 0.000518 -0.000098 0.000442 0.000146 0.000293 0.000140 -0.000494 -0.000137 -0.000037 -0.000270 -0.000187 0.000318 0.000396 -0.000074 -0.000102 0.000115 0.000162 0.000053 -0.000008 -0.000386 -0.000061 0.000021 0.000488 0.000103 -0.000199 -0.000237 -0.000508 0.000152 0.000157 -0.000194 -0.000042 -0.000149 -0.000085 -0.000372 -0.000117 -0.000194 -0.000194 0.000094 -0.000412 -0.000221 -0.000499 -0.000653 0.000122 0.000386 -0.000214 -0.000459 -0.002893 -0.005278 0.001021 -0.002770 -0.011199 -0.002251 -0.004259 -0.000177 0.003554 -0.000776 0.000695 -0.006579 0.000658 
-0.000218 -0.000096 -0.000320 0.000104 0.000587 0.000025 -0.000121 0.000195 -0.000075 0.000118 -0.000360 0.000413 0.000307 0.000026 0.000056 -0.000362 -0.000054 -0.000143 -0.000012 -0.000182 0.000193 -0.000048 -0.000150 -0.000044 0.000254 -0.000119 0.000091 0.000070 -0.000300 0.000086 0.000273 0.000035 0.000069 -0.000015 -0.000221 -0.000229 0.000281 0.000097 -0.000312 -0.000057 -0.000107 -0.000159 0.000064 -0.000139 0.000122 -0.001131 -0.000825 0.001381 -0.002263 -0.000135 0.001669 -0.002770 -0.011199 -0.002251 -0.004259 -0.003537 -0.000150 -0.000776 0.000695 -0.006579 
-0.001857 0.000449 -0.000135 0.000270 0.000254 -0.000116 0.000191 -0.000050 0.000000 -0.000153 -0.000060 0.000153 -0.000031 -0.000120 -0.000086 -0.000167 -0.000060 -0.000018 0.000103 -0.000103 0.000048 -0.000379 -0.000011 0.000039 0.000344 -0.000198 -0.000106 0.000250 -0.000123 -0.000094 -0.000111 -0.000418 -0.000305 0.000152 0.000041 -0.000069 0.000126 0.000082 0.000197 -0.000214 -0.000194 -0.000666 -0.000127 -0.000264 -0.001065 -0.004337 -0.000531 -0.000092 -0.000699 -0.000826 0.000852 0.009717 -0.001656 0.001467 -0.000169 -0.003537 -0.000150 -0.000776 0.000695 -0.006579 
-0.000120 -0.000707 -0.000267 0.000452 0.000005 0.000074 -0.000267 0.000118 0.000081 -0.000451 -0.000012 0.000174 0.000109 0.000036 0.000000 -0.000227 -0.000163 -0.000258 -0.000231 -0.000185 0.000228 0.000614 -0.000682 -0.000184 -0.000255 0.000256 -0.000286 -0.000088 0.000256 -0.000147 0.000136 -0.000232 -0.000138 -0.000277 -0.000278 -0.001542 0.000394 0.003037 0.002239 -0.000182 -0.005236 -0.009327 0.004671 -0.000444 -0.000375 -0.004337 -0.000531 -0.000092 -0.000699 -0.000826 0.000852 0.009717 -0.001656 0.001467 -0.000169 -0.003537 -0.000150 -0.000776 0.000695 -0.006579 
0.000140 0.000286 0.000588 0.000016 -0.000649 0.001017 0.000065 -0.000047 0.000024 -0.000250 0.000088 0.000031 0.000052 0.000182 0.000077 -0.000095 -0.000176 -0.000017 -0.000500 0.000015 -0.000076 0.000207 0.000420 0.000778 -0.000424 0.000108 -0.000124 -0.000270 0.000347 0.000901 -0.000760 -0.002726 -0.001702 -0.006004 -0.001378 0.001974 -0.004694 -0.004015 -0.003704 -0.001314 -0.006521 -0.004186 0.006041 0.000974 -0.001318 0.000830 -0.000250 0.002016 0.002680 -0.002372 -0.002001 0.002965 0.004835 0.003366 0.002498 -0.003537 -0.000150 -0.000776 0.000695 -0.006579 
0.000708 -0.001409 -0.001907 0.002363 0.000903 -0.000567 -0.000444 -0.000150 0.000679 0.002201 -0.000053 -0.001863 0.001253 0.001095 -0.000043 -0.003477 -0.001542 0.000530 -0.001455 0.001896 0.001883 0.001263 0.001452 -0.000380 -0.001555 -0.016335 -0.009089 -0.000751 -0.001037 0.001783 0.005401 0.000887 -0.005197 -0.000189 0.004125 0.000587 -0.001858 -0.001486 0.000502 -0.002840 -0.003592 -0.000283 0.005857 -0.001318 -0.000283 -0.001573 -0.001342 0.001949 0.002501 -0.001723 0.002965 0.004835 0.003366 0.002498 -0.003638 -0.001105 -0.000776 0.000695 -0.006579 0.000658 
0.000870 0.002296 0.000667 0.000827 -0.000665 -0.000411 0.000120 -0.002381 -0.000084 -0.008151 0.004104 0.002660 -0.002070 -0.000181 -0.002906 -0.002187 -0.003724 0.009867 -0.001616 -0.001789 0.000725 -0.000140 0.000256 -0.006912 -0.004192 -0.000022 -0.000142 -0.005047 0.007821 0.000756 -0.010823 -0.004407 -0.003372 0.004565 -0.004252 0.008673 0.006471 0.008787 0.001084 -0.006791 -0.003140 -0.002807 -0.004774 0.002772 -0.002555 0.001857 0.000793 -0.002127 0.002501 -0.001723 -0.000111 0.003927 0.004206 0.002498 -0.003638 -0.001105 -0.003161 0.000695 -0.006579 0.000658 
0.000557 -0.000200 0.000277 0.000074 0.001046 -0.000298 0.000095 -0.000513 0.001918 0.003736 -0.001026 0.002518 0.001809 -0.004596 0.002318 0.000160 -0.002968 -0.000517 0.002695 0.000767 -0.002837 -0.005223 0.001845 0.002831 -0.003091 0.002387 0.000409 -0.001835 -0.001076 0.000917 0.003469 -0.001795 0.001919 0.001461 0.006544 0.001124 0.007882 0.002050 -0.007067 0.000156 -0.001512 -0.009078 -0.004568 -0.000465 -0.003038 0.001296 -0.000403 -0.002942 -0.000647 0.000894 0.003927 0.004206 0.003018 -0.003638 -0.001105 -0.003161 -0.000129 -0.006579 0.000658 0.000000 
0.000242 -0.000383 0.000178 -0.001088 -0.000462 0.000177 -0.000350 0.000548 0.000090 0.000832 0.002984 -0.006597 0.000176 0.004068 0.002726 -0.001295 0.002384 -0.007440 0.000662 -0.000765 0.002300 -0.006787 0.001489 0.002610 0.003507 -0.000904 -0.002013 -0.001081 -0.007967 -0.004178 -0.007243 -0.000950 0.004462 -0.003745 -0.001327 -0.002247 -0.004398 0.002598 0.003211 -0.004864 -0.003036 -0.007968 -0.001696 0.002327 -0.000403 -0.004343 0.001844 0.000894 0.004262 0.002452 0.003018 -0.002709 -0.001105 -0.003161 -0.000129 -0.006579 0.000658 0.000000 0.000000 0.000000 
-0.000320 -0.000110 0.000946 0.000295 -0.000141 -0.000121 -0.001773 -0.002169 0.001709 0.002426 0.003974 -0.004394 -0.003405 -0.000493 0.000879 -0.000772 -0.004521 0.002550 -0.003862 -0.003959 -0.004827 0.000271 -0.000604 -0.005154 -0.000389 -0.001815 0.000423 0.001523 -0.003984 -0.000297 -0.002633 0.003417 -0.009934 0.001953 0.006477 0.005370 0.002073 0.003621 -0.000851 -0.001828 -0.008734 0.007828 0.003778 0.001060 0.000710 0.001844 -0.013227 0.004262 0.002452 0.002372 -0.002709 -0.000333 -0.003161 -0.000129 -0.006579 0.000658 0.000000 0.000000 0.000000 0.000000 
0.000103 0.000301 -0.000318 0.000034 0.001019 0.000266 -0.000234 -0.006667 -0.004703 0.005785 0.000896 -0.005551 -0.000875 -0.007831 0.000810 0.002663 -0.005781 -0.000633 -0.002874 -0.000127 -0.004325 -0.000483 -0.001379 0.001620 0.002756 0.000534 0.004341 0.000780 -0.001512 0.000281 0.001272 -0.000514 0.000530 0.001001 -0.004370 -0.000253 -0.001049 0.001400 -0.001893 0.004533 -0.001249 0.000234 -0.000680 0.002430 -0.013383 -0.000900 0.002267 0.002372 -0.001198 -0.000333 -0.003244 -0.000129 -0.000240 0.000658 0.000000 0.000000 0.000000 0.000000 0.000000 0.000000 
0.000080 -0.000044 0.000022 -0.000055 -0.000042 0.000285 0.000155 0.000461 -0.002860 -0.001298 -0.000926 -0.003812 -0.004123 0.003241 0.000875 0.004645 -0.001193 0.003078 0.001512 0.004182 -0.002820 -0.004102 -0.001557 0.000666 -0.000732 0.002303 0.000286 -0.000886 0.000961 -0.001295 0.006041 0.000499 -0.000122 0.000000 -0.000506 -0.001674 0.001494 0.003469 -0.003206 -0.001529 0.002675 0.001908 -0.013383 0.000904 0.002267 -0.003516 -0.001198 -0.000333 -0.003244 -0.000129 -0.000240 0.000658 0.000000 0.000000 0.000000 0.000000 0.000000 0.000000 0.000000 0.000000 
-0.000391 -0.000690 -0.000092 -0.000161 0.000304 0.000187 0.000091 0.000543 0.000438 -0.000058 0.000849 0.001218 -0.001620 0.000099 0.001658 -0.002401 0.000927 0.005143 0.000408 0.001573 -0.004704 -0.006357 -0.001804 -0.000837 0.000482 -0.006337 -0.001258 -0.002905 -0.000334 -0.010013 0.000504 -0.000108 -0.005535 -0.004609 0.001433 -0.000458 -0.005664 -0.002087 0.004358 -0.001245 -0.002386 0.004693 -0.004102 -0.003516 -0.001198 -0.001503 -0.003244 -0.000129 -0.000240 0.000658 0.000000 0.000000 0.000000 0.000000 0.000000 0.000000 0.000000 0.000000 0.000000 0.000000 
-0.000142 0.000074 0.000362 -0.000130 -0.000233 0.000242 0.000328 -0.001445 -0.000171 0.000055 0.001492 -0.001021 0.001393 0.000338 0.000120 -0.000286 0.000386 -0.000611 -0.000072 -0.007328 -0.007387 -0.001791 0.004910 -0.001162 -0.001879 -0.003535 -0.002010 -0.004112 -0.005100 -0.003333 -0.007182 -0.002286 0.000490 -0.009822 0.003064 0.000000 -0.002192 -0.002419 0.001591 0.004693 -0.004527 -0.014844 0.002529 -0.001503 -0.003244 0.000992 -0.000240 0.000658 0.000000 0.000000 0.000000 0.000000 0.000000 0.000000 0.000000 0.000000 0.000000 0.000000 0.000000 0.000000 
0.000138 -0.000116 -0.000026 -0.000150 -0.000181 0.000232 0.000670 -0.001361 -0.000038 0.000392 0.000283 -0.001898 0.000240 -0.000858 -0.000023 0.000469 0.001573 0.000468 -0.000206 -0.001037 -0.001438 0.004406 -0.003115 0.001331 0.000097 -0.003908 0.000040 -0.010261 0.000188 -0.004400 -0.005285 -0.004144 0.006384 0.001791 -0.005981 -0.004265 0.000848 -0.000256 -0.004527 -0.014844 0.002529 0.001279 0.001721 0.000992 -0.000240 0.000658 0.000000 0.000000 0.000000 0.000000 0.000000 0.000000 0.000000 0.000000 0.000000 0.000000 0.000000 0.000000 0.000000 0.000000 
0.001427 -0.000438 -0.000488 0.000715 0.000412 -0.000048 0.002417 -0.001472 -0.000448 -0.001385 -0.000460 -0.001505 0.000321 -0.000529 -0.000354 0.001349 0.000340 -0.000553 -0.000190 0.000095 -0.000168 -0.001660 -0.000955 0.000394 -0.003834 0.006319 -0.000473 0.008418 -0.001050 0.003154 0.004225 -0.001063 -0.008763 0.000533 -0.002626 0.001395 -0.000857 -0.006810 -0.004092 0.001279 0.001721 0.000992 -0.000240 0.000658 0.000000 0.000000 0.000000 0.000000 0.000000 0.000000 0.000000 0.000000 0.000000 0.000000 0.000000 0.000000 0.000000 0.000000 0.000000 0.000000 
0.000394 0.001795 0.000243 0.000000 -0.000242 -0.000027 -0.000375 -0.000368 0.000055 0.000753 -0.000325 0.000674 -0.000846 -0.001042 -0.001114 -0.000195 -0.001329 0.000114 -0.000064 -0.000457 0.000048 -0.000015 -0.000063 0.000248 -0.000282 0.002988 -0.000119 -0.002131 0.004321 0.001839 -0.002727 0.001023 -0.002230 0.000306 0.001722 -0.002089 0.002523 -0.000862 0.010045 -0.003070 0.001483 -0.003404 0.001721 0.000992 -0.000240 0.000658 0.000000 0.000000 0.000000 0.000000 0.000000 0.000000 0.000000 0.000000 0.000000 0.000000 0.000000 0.000000 0.000000 0.000000 
0.000000 -0.000397 -0.000745 0.000436 0.000493 0.002041 -0.000062 -0.000306 0.000002 0.000529 0.000122 0.000978 0.000454 -0.000363 -0.000701 -0.001218 0.000931 -0.001703 -0.001001 -0.000357 -0.000294 -0.000494 0.000093 0.000150 -0.001095 -0.000111 -0.000459 0.001239 -0.000592 0.000199 -0.000261 -0.000027 -0.006529 0.000871 -0.004067 -0.000893 0.001597 0.000306 0.001378 -0.002705 0.005123 0.001648 -0.003737 0.001483 -0.003404 -0.004053 0.002603 -0.000240 0.000658 0.000000 0.000000 0.000000 0.000000 0.000000 0.000000 0.000000 0.000000 0.000000 0.000000 0.000000 
0.000190 -0.001793 -0.001389 -0.000605 0.000685 0.000135 -0.000209 0.000556 0.000952 0.001585 0.000882 0.000101 -0.000256 0.000593 -0.000085 0.001413 0.000974 0.001294 -0.001306 0.001087 0.003686 0.002103 0.000463 0.000701 -0.000357 -0.000323 -0.000690 0.000496 0.000010 0.000115 -0.001715 -0.001464 0.000752 0.001236 -0.001086 -0.001920 0.001907 -0.001611 0.000620 -0.001339 0.001378 0.003621 -0.000747 0.001648 -0.003737 -0.000873 -0.003404 -0.004053 0.002603 -0.000240 0.000658 0.000000 0.000000 0.000000 0.000000 0.000000 0.000000 0.000000 0.000000 0.000000 
-0.000506 0.001789 0.003049 -0.002918 -0.001916 0.001484 0.002300 0.000594 -0.001295 -0.000309 0.000584 -0.000465 0.000000 -0.000405 -0.000808 -0.000085 0.000027 0.000139 0.000367 -0.001264 -0.000497 0.000097 0.000675 0.000571 -0.000456 -0.000828 -0.000777 -0.000867 0.000412 -0.001061 -0.000357 0.000094 -0.001074 0.001086 -0.001460 -0.003254 0.002758 0.002456 0.003350 -0.000949 0.000933 0.000075 0.000000 0.002977 -0.000747 -0.003463 0.003919 -0.000873 -0.000835 -0.004053 0.002603 -0.000240 0.000658 0.000000 0.000000 0.000000 0.000000 0.000000 0.000000 0.000000 
0.000438 -0.000051 -0.000558 0.001430 0.001300 0.000807 0.001754 0.002329 0.001013 -0.001809 -0.001990 -0.000149 0.000872 -0.000248 -0.001132 -0.001380 -0.000223 -0.000403 -0.000162 0.000469 0.000158 -0.000361 -0.000467 -0.000450 0.001083 0.000623 -0.001125 0.001607 0.001955 -0.000415 -0.001392 0.000138 -0.001294 -0.001264 -0.000485 -0.000890 -0.000062 0.001505 0.003275 -0.000247 -0.000587 0.000346 -0.001500 0.004263 0.004007 0.002134 -0.006555 0.000197 0.003919 0.001621 -0.000835 -0.001390 0.002603 0.002562 0.000658 0.000000 0.000000 0.000000 0.000000 0.000000 
-0.001495 -0.000607 -0.001722 -0.001137 -0.000823 -0.001908 -0.000086 0.001436 0.001002 -0.001541 -0.000109 0.000717 -0.000043 0.000587 0.000061 0.000294 0.000112 0.000112 0.000273 -0.000262 -0.000184 -0.000037 -0.000455 -0.001090 -0.001421 -0.001555 -0.000427 0.001428 -0.000256 0.000238 -0.002468 -0.002415 -0.001845 -0.001388 -0.000195 0.000352 -0.000478 0.001875 0.001481 0.000038 -0.000407 -0.001189 -0.003829 -0.001369 0.004263 0.005151 0.002134 0.001497 0.000197 0.003919 0.001621 -0.000835 -0.001390 0.002603 0.002562 0.000658 0.000000 0.000000 0.000000 0.000000 
0.000126 0.001385 -0.000442 -0.000869 -0.000790 0.000890 -0.000387 -0.000576 0.000471 0.001300 0.000094 0.001890 0.001789 -0.000127 -0.001808 0.000708 0.000686 0.001519 0.002004 0.000622 0.000558 0.000183 -0.000264 -0.000344 0.000181 -0.000483 0.000197 -0.000750 -0.002622 -0.000366 -0.002463 0.001082 0.000443 0.000355 -0.000161 -0.001313 0.001012 0.000414 -0.000183 0.000131 0.000619 -0.000755 0.002283 -0.000387 -0.003829 -0.010216 -0.003347 0.005151 -0.003348 0.001497 0.000000 -0.001022 0.001621 -0.003565 -0.001390 0.002603 0.002562 0.000658 0.000000 0.000000 
-0.000310 -0.000852 0.000753 0.000607 0.000113 0.000108 0.000128 0.002012 0.001042 0.000720 0.000043 0.000185 0.000396 -0.000400 0.000733 0.000876 -0.000036 0.000408 0.000370 -0.000299 0.001291 0.000000 -0.002227 -0.001448 0.000259 0.000156 0.000846 0.000535 0.000952 -0.000340 0.000000 0.001323 0.001802 0.000590 -0.000164 0.000716 -0.000463 -0.001323 -0.001118 -0.000357 0.000358 -0.002981 -0.001759 0.000255 0.002800 -0.006323 -0.002258 0.006168 -0.000082 -0.004685 0.001057 0.000000 -0.001022 -0.003275 -0.003565 -0.001390 0.002603 0.002562 0.000658 0.000000 
0.000402 -0.001375 0.001954 0.003934 0.002319 0.000220 -0.000652 0.000351 0.000396 0.000595 -0.001032 -0.000021 0.000686 0.001367 0.001300 0.000312 -0.000522 0.001028 0.000918 -0.000520 -0.001064 -0.002132 -0.000685 0.001078 0.000164 -0.000185 -0.000780 0.000794 0.000085 0.000668 0.000240 0.000159 -0.002947 -0.002383 -0.002521 -0.000673 -0.001573 -0.000642 -0.000382 0.000306 -0.000278 -0.000609 -0.000932 -0.000105 -0.001653 0.002373 -0.003396 0.002120 0.002970 -0.001364 -0.004685 0.001057 0.000435 -0.001842 -0.003275 -0.003565 -0.001390 0.002271 0.002562 0.000658 
-0.001376 -0.001412 -0.000299 -0.000343 0.000689 0.000435 0.000563 -0.000601 0.000000 0.001616 -0.000571 -0.000440 0.000153 0.001636 0.000644 -0.000771 0.000708 -0.001232 -0.001194 -0.003579 -0.001915 0.000205 0.000588 0.000991 0.001034 0.000879 0.001099 -0.000193 -0.000536 -0.000199 -0.001227 -0.001465 0.000199 0.001928 0.002019 -0.000848 -0.000093 -0.000011 -0.000492 -0.000809 0.000776 -0.000343 -0.000932 -0.001116 -0.002582 -0.001227 -0.002409 0.002120 0.002970 -0.001364 -0.002062 -0.006463 0.000435 -0.001842 -0.003275 -0.003565 0.000481 0.002271 0.002562 0.000658 
-0.000506 0.000681 -0.000263 -0.000518 -0.000190 -0.001919 -0.001162 0.000151 -0.001913 -0.002368 -0.000796 -0.000915 0.000524 0.000469 -0.000074 0.000346 -0.003449 -0.000272 0.000729 -0.000103 -0.000684 -0.001164 -0.001281 -0.002901 -0.000409 0.001080 0.000049 0.000414 -0.000281 0.000059 -0.002294 -0.003452 -0.000178 0.002814 0.004754 0.000594 0.000265 0.000279 -0.000388 0.000341 -0.000006 0.000881 0.000345 0.000157 -0.004229 -0.008021 -0.001301 -0.002737 -0.002503 0.001665 -0.000100 -0.002062 -0.006463 0.000435 -0.000598 -0.001069 -0.004257 0.000481 0.002271 0.002562 
-0.000254 0.000028 -0.000852 -0.000080 -0.000199 -0.000521 0.001048 0.001398 -0.001292 -0.003443 -0.000856 -0.000763 -0.001406 0.000838 0.001335 -0.000300 -0.001051 -0.000144 -0.001875 -0.001755 0.000193 -0.000093 0.000257 0.001098 0.001030 0.000501 0.000526 0.000950 0.000311 -0.000366 -0.001157 -0.000264 0.001156 0.001010 0.001748 0.001858 -0.000200 -0.000094 -0.000197 0.000381 0.000108 0.000616 -0.000617 0.000499 -0.000170 0.000537 0.001033 0.004979 0.009000 0.006199 0.000867 0.003641 0.002159 -0.000538 -0.000598 -0.001069 -0.004257 0.000481 0.002271 0.002562 
0.000962 -0.000209 -0.000406 -0.000711 -0.000343 0.000118 0.000473 0.002054 0.000070 -0.003477 0.001852 -0.000057 0.001004 -0.001734 -0.000772 0.001317 -0.000683 0.000431 -0.002718 -0.001163 0.001072 0.000888 0.001241 0.001066 0.000379 0.000227 -0.000096 0.000205 0.000064 -0.000379 -0.000359 -0.000069 -0.001547 -0.001420 -0.000990 0.000885 -0.001156 -0.000392 -0.000473 -0.000011 0.000182 -0.000522 -0.000144 0.000985 0.001418 0.001159 0.002978 -0.000099 0.001605 0.002645 0.000867 0.003641 0.002159 -0.000538 -0.000598 -0.001069 -0.004257 0.000481 0.002271 0.002562 
0.000719 -0.000266 -0.000420 -0.000096 -0.000446 -0.000664 -0.001373 -0.001968 -0.001630 -0.000165 0.015758 0.013498 0.002219 0.001618 0.000523 -0.000929 0.000191 -0.000495 -0.000349 0.000723 -0.001001 0.000234 0.000530 0.000448 0.000890 0.000161 -0.000107 -0.000139 0.000139 0.000181 -0.000260 -0.000737 -0.000128 0.000529 0.001605 0.002036 0.001549 0.000148 0.000137 0.000181 -0.001176 -0.000446 -0.003208 -0.000959 -0.000387 -0.002293 -0.001421 -0.003537 0.001605 0.002645 0.008169 0.004756 0.001022 0.005342 0.000331 -0.004204 -0.004257 0.000481 0.002271 0.002562 
-0.001029 -0.000240 -0.000439 0.000346 -0.000154 -0.000514 -0.000751 0.000705 -0.000717 -0.000591 0.000083 -0.001751 0.000551 -0.000037 0.000401 0.000603 -0.000447 -0.000164 -0.002166 -0.000250 -0.000405 0.000000 0.000241 0.000219 0.000447 0.000237 0.000066 -0.000228 -0.000126 0.000100 0.000006 0.000515 0.000842 0.000148 0.001106 -0.000259 -0.002055 -0.000638 -0.000367 0.000079 -0.000788 -0.001191 0.000331 0.000499 -0.000013 -0.001421 -0.003537 -0.001208 0.002814 -0.004876 -0.006232 0.001022 0.005342 0.000331 -0.004204 -0.000136 -0.001174 0.002271 0.002562 0.000658 
-0.001185 -0.001090 -0.000757 -0.000608 -0.000181 -0.000240 -0.000383 -0.001053 -0.000252 -0.000404 -0.000056 -0.000070 -0.000538 -0.000044 0.002207 0.001585 0.000881 0.001232 0.000655 -0.000827 0.001604 0.005408 0.001076 -0.000484 -0.000705 0.000366 -0.000825 0.000008 -0.000160 0.000051 0.000489 0.000298 0.000261 0.001423 0.000418 -0.000290 -0.000101 0.000205 -0.000146 -0.000223 0.000170 0.000212 0.002064 0.000000 -0.001222 -0.001082 0.004229 -0.003495 -0.004876 -0.006232 0.002899 0.003800 0.000331 -0.004204 -0.000136 -0.001174 0.002271 0.002562 0.000658 0.000000 
-0.001262 -0.000248 0.001555 0.002495 0.001080 -0.001383 0.001092 0.000881 0.002645 0.047216 0.061784 0.005676 -0.000984 0.000463 -0.002778 -0.000029 -0.000357 0.000516 -0.000148 0.001040 0.001323 0.000452 0.000968 0.000808 0.000234 0.000761 0.000312 0.000112 -0.000187 0.000163 0.000731 -0.001257 -0.001313 0.000019 0.000611 -0.000264 0.000320 -0.001120 0.000220 -0.000613 0.000012 -0.001019 -0.000615 0.002163 0.009521 0.007102 -0.003495 -0.001282 0.001435 -0.001937 0.003800 0.004759 0.003105 -0.000136 -0.001174 0.000781 0.002562 0.000658 0.000000 0.000000 
-0.000040 -0.000345 0.000979 -0.000064 0.000020 -0.000330 -0.000833 -0.002296 -0.000715 0.001001 0.001051 0.001851 0.000970 0.001026 0.000161 -0.001554 -0.000358 0.000435 0.003105 0.003235 0.000014 -0.000023 0.002603 0.000140 -0.000735 -0.000290 0.000136 0.000195 -0.000407 0.000683 0.000022 0.000033 -0.000112 0.001148 -0.001030 -0.000401 0.000206 -0.000247 0.000088 -0.000470 0.000549 0.000704 -0.000205 0.004560 0.007102 0.000493 0.000046 0.001435 -0.001937 -0.001119 0.004759 0.003105 -0.000136 -0.001174 0.000781 0.002562 0.000658 0.000000 0.000000 0.000000 
0.000000 -0.000907 -0.000825 -0.002312 -0.001446 0.000279 0.000277 0.000200 0.000155 -0.000879 -0.000030 0.001412 0.005875 0.000219 -0.000593 0.000905 0.001858 0.000374 0.002659 -0.000893 -0.001890 0.001037 -0.000083 -0.000657 -0.000057 -0.000469 0.000178 0.000225 -0.000092 -0.000404 -0.001163 -0.002577 0.000541 -0.000822 -0.000389 -0.000812 -0.000546 -0.000758 0.000685 0.000927 0.001240 -0.001598 0.002575 0.002230 -0.003010 -0.002882 0.006494 0.004629 -0.001119 -0.007071 0.003105 -0.004779 -0.001174 0.000781 0.002562 0.000658 0.000000 0.000000 0.000000 0.000000 
0.001603 0.003534 -0.002729 -0.000575 0.000206 -0.000465 0.000000 0.000370 0.000200 0.000344 0.000450 0.000200 -0.001220 0.000251 0.000736 0.000266 0.001662 -0.000281 0.000275 0.000489 -0.000216 -0.001365 -0.000192 0.000650 -0.000129 0.000593 0.000239 -0.000092 -0.000069 0.000547 0.000772 0.000927 -0.000018 0.001286 -0.000244 -0.000587 -0.000033 0.001898 -0.000071 -0.001505 0.000198 0.006326 0.002943 -0.002882 -0.002654 0.004629 -0.004274 -0.007071 -0.001234 -0.004779 -0.002200 0.000781 -0.000447 0.000658 0.000000 0.000000 0.000000 0.000000 0.000000 0.000000 
0.000230 0.000075 -0.000069 -0.001592 0.000364 0.000691 0.000080 0.000097 -0.000506 0.000497 -0.000969 0.000767 -0.000124 0.000675 0.000045 0.001971 0.000563 -0.001192 -0.000911 0.000359 -0.000552 0.000034 0.000288 -0.000417 0.000334 0.000536 0.000371 -0.000665 0.001387 -0.000194 0.000529 -0.000355 -0.001188 -0.001890 -0.000244 0.000154 0.000040 0.000858 0.003003 -0.001043 0.001738 -0.000176 0.001605 0.006517 -0.004274 -0.002587 -0.001234 0.000369 -0.002200 0.000781 -0.000447 0.000658 0.000000 0.000000 0.000000 0.000000 0.000000 0.000000 0.000000 0.000000 
-0.001392 0.000000 -0.000356 -0.000115 0.001954 0.000048 -0.001346 -0.000797 0.000568 0.001418 -0.001128 -0.000398 0.001250 -0.000428 0.001971 -0.000881 0.000866 -0.003606 0.001728 -0.000644 -0.000031 0.000044 -0.000314 -0.000435 -0.000055 -0.000487 0.000521 0.001005 -0.000208 -0.000126 -0.001064 -0.000067 -0.000244 -0.001000 -0.002179 0.000181 -0.001431 -0.005070 -0.000328 0.006343 0.001605 0.002219 0.004556 -0.002587 -0.002075 0.000369 -0.002200 0.000781 -0.000447 0.000658 0.000000 0.000000 0.000000 0.000000 0.000000 0.000000 0.000000 0.000000 0.000000 0.000000 
0.002595 -0.001075 0.001093 0.001251 0.000237 -0.001060 0.001500 0.001873 0.000491 0.000612 -0.000777 0.000377 -0.000477 -0.000117 0.001241 -0.000461 0.000248 0.001189 0.000164 -0.000357 0.000253 0.000117 0.000611 -0.000649 -0.000614 0.000608 0.000682 0.000208 -0.001349 0.000968 0.000111 0.000119 -0.000991 -0.001822 -0.001714 0.002421 -0.005641 -0.003678 0.007461 0.002219 0.002051 0.001426 -0.002075 0.000369 -0.002200 -0.002743 -0.000447 0.000658 0.000000 0.000000 0.000000 0.000000 0.000000 0.000000 0.000000 0.000000 0.000000 0.000000 0.000000 0.000000 
-0.002647 0.000873 -0.000767 0.000922 -0.001102 -0.000615 0.000156 0.000348 0.000068 0.001440 -0.000149 0.000734 0.002353 0.001517 0.000070 0.000702 -0.000767 -0.000115 0.000228 0.000159 -0.000081 0.000667 0.000005 -0.000620 0.000778 -0.000232 -0.000757 0.000313 0.000142 0.000239 0.000624 -0.001187 0.002286 0.001070 0.000066 -0.008646 -0.002018 -0.002301 0.003605 0.004130 0.001562 0.008810 -0.002743 -0.000447 0.000658 0.000000 0.000000 0.000000 0.000000 0.000000 0.000000 0.000000 0.000000 0.000000 0.000000 0.000000 0.000000 0.000000 0.000000 0.000000 
0.000658 -0.000447 -0.002743 0.008810 0.001562 0.004130 0.003605 -0.002301 0.000654 0.005560 -0.001236 -0.001370 -0.001617 -0.003172 -0.000276 0.001094 0.000739 0.000142 0.000188 -0.000175 -0.000213 -0.000554 0.001009 0.001215 0.000207 -0.000509 -0.000076 0.000531 0.001255 -0.001127 -0.000209 0.000576 0.001643 -0.000184 -0.000323 -0.000165 -0.000129 -0.001005 0.001645 0.001478 0.001623 0.000643 0.000966 -0.000113 0.000000 0.000000 0.000000 0.000000 0.000000 0.000000 0.000000 0.000000 0.000000 0.000000 0.000000 0.000000 0.000000 0.000000 0.000000 0.000000 
0.000658 -0.000447 -0.002743 0.008810 -0.001135 -0.002362 0.000301 -0.000608 0.005270 0.000904 0.004736 0.000627 -0.002251 -0.003537 -0.000428 0.000105 0.000503 0.001882 -0.000222 -0.000212 0.000416 -0.000519 0.000343 -0.001502 0.000431 -0.000091 -0.000064 -0.000236 -0.000009 -0.000247 -0.000473 -0.001331 0.000321 0.000390 -0.000551 0.000014 -0.000345 -0.000788 0.000051 -0.002040 -0.000247 -0.002717 -0.000053 0.000376 -0.001069 0.001246 -0.000935 0.000000 0.000000 0.000000 0.000000 0.000000 0.000000 0.000000 0.000000 0.000000 0.000000 0.000000 0.000000 0.000000 
0.000658 -0.000447 -0.002743 0.003495 -0.001135 -0.002362 0.000301 -0.002748 -0.004744 -0.000369 0.004736 -0.004731 -0.004508 -0.000080 -0.003204 -0.004786 -0.001319 0.000138 -0.001445 -0.000316 -0.000500 -0.000708 -0.000068 0.000520 -0.000938 -0.000180 0.000060 -0.002070 0.000079 0.000399 0.000119 0.000549 0.000169 -0.000439 0.000454 0.000159 0.000723 -0.000080 0.001191 -0.000190 -0.000762 0.001655 0.000548 -0.000060 -0.001390 0.003198 0.000114 0.001497 -0.002096 0.000000 0.000000 0.000000 0.000000 0.000000 0.000000 0.000000 0.000000 0.000000 0.000000 0.000000 
0.000658 -0.000447 0.001864 0.003495 -0.001135 -0.002172 -0.001629 0.000462 -0.003447 -0.002461 0.002668 -0.001597 -0.006306 0.002932 -0.004616 -0.009395 0.001863 0.003054 -0.000740 0.000282 -0.000701 -0.000069 0.000129 -0.000391 -0.000086 -0.000089 -0.000050 -0.000826 -0.000181 -0.000141 0.001205 -0.000139 0.000241 -0.000166 -0.000059 -0.000627 -0.000153 -0.000427 -0.000501 0.000369 0.000567 -0.000898 0.000699 0.001134 0.001731 0.004176 -0.004590 -0.002171 -0.001045 -0.004023 0.002464 0.000000 0.000000 0.000000 0.000000 0.000000 0.000000 0.000000 0.000000 0.000000 
0.000658 -0.000447 0.001864 0.003495 0.003408 -0.002172 -0.000998 0.000462 -0.003052 0.004849 0.002668 -0.000413 -0.001499 0.005033 -0.001229 -0.003647 0.003243 0.003601 0.001439 0.002488 0.001154 -0.000509 0.000138 -0.000042 0.000053 -0.000240 -0.000392 -0.000570 -0.000181 -0.001256 0.000617 -0.001790 -0.003944 -0.000551 -0.001030 -0.000117 -0.000128 -0.000185 -0.000385 0.000857 0.000071 0.000202 0.003922 -0.000738 0.000292 0.000073 0.000665 0.000671 0.001018 0.000688 -0.001703 0.002135 -0.007156 0.000000 0.000000 0.000000 0.000000 0.000000 0.000000 0.000000 
0.000658 -0.006047 0.001864 0.008504 0.003408 -0.000893 -0.000998 0.001437 -0.003052 0.005264 0.003566 -0.003830 -0.003454 0.002930 0.001510 0.000304 0.000360 -0.000696 0.001766 -0.005777 -0.001736 0.001196 0.000863 -0.000286 0.000266 0.000022 -0.000293 -0.000300 -0.000052 -0.000274 -0.000519 0.000593 0.001135 0.000592 -0.000621 -0.000356 -0.001869 -0.000930 -0.001564 -0.001785 0.002878 0.000149 -0.000217 0.003958 -0.006929 0.000260 -0.002076 0.001249 0.000701 0.000800 0.002033 -0.000084 -0.004440 0.001871 -0.002882 0.000000 0.000000 0.000000 0.000000 0.000000 
0.000658 -0.006047 0.001864 0.008504 0.003408 -0.000893 -0.005482 0.001437 -0.002527 0.005264 0.007398 -0.003504 0.001253 0.005144 -0.003711 -0.001767 -0.004289 -0.000352 -0.000063 0.005584 0.003423 0.003135 -0.003455 -0.002366 -0.004631 0.000061 -0.000430 0.000752 -0.001265 0.000661 -0.000050 -0.001080 -0.000340 0.000078 0.000455 0.000331 -0.000252 0.000125 0.000323 -0.000864 0.002222 -0.000154 -0.000555 0.003195 -0.002848 -0.000099 -0.001391 0.001661 0.001101 0.000451 -0.008954 -0.004225 -0.002403 -0.001045 -0.004124 0.003866 -0.000192 0.000000 0.000000 0.000000 
0.000658 -0.006047 0.001864 0.008504 0.003509 -0.000893 -0.005482 0.005969 -0.002527 0.002727 0.000424 -0.003504 -0.000088 0.003196 -0.006221 0.000823 -0.000402 -0.003115 0.002709 0.000958 0.002024 -0.003908 0.003604 -0.003010 -0.009852 -0.012354 0.000661 -0.000286 -0.000595 -0.001047 0.000943 0.000424 -0.000785 -0.000707 0.000110 0.000558 0.000332 -0.000865 -0.000035 0.000088 -0.000396 0.000590 -0.000409 0.000174 -0.000548 -0.000126 -0.000387 0.002979 -0.001242 0.007613 0.000531 0.003157 -0.003962 -0.006903 -0.002937 -0.001938 0.001827 -0.002299 0.000000 0.000000 
0.000658 -0.006047 0.001864 0.008504 0.003509 0.000368 -0.005482 0.005969 -0.006172 0.004088 0.000424 -0.000803 -0.001012 -0.001262 -0.014821 -0.004984 -0.000544 -0.000554 -0.001871 -0.001152 -0.000089 0.003233 0.002524 -0.000645 -0.001759 -0.001075 -0.000500 -0.002975 -0.002088 -0.002161 0.001866 -0.001280 0.000894 0.000513 -0.000468 0.000447 0.000000 -0.000323 -0.000135 -0.000384 -0.000125 -0.000557 0.000106 -0.000361 0.000251 0.000504 0.000244 -0.000818 -0.001915 -0.000173 0.000783 -0.001542 -0.001251 0.001833 -0.000840 0.001167 0.001023 -0.000205 0.000933 0.000000 
0.000658 -0.006047 -0.000351 0.008504 0.003509 0.000368 -0.003579 -0.003249 -0.008656 0.004088 -0.001310 -0.001887 0.000345 -0.000082 -0.007689 -0.001334 -0.002060 -0.000436 0.001821 0.001360 -0.001945 0.001512 -0.000940 -0.000914 -0.001667 -0.001428 0.002668 -0.001250 0.001418 -0.001818 -0.000762 -0.001523 0.002008 -0.000236 -0.000266 -0.001153 -0.000294 -0.000259 0.001137 0.000645 -0.001025 -0.002032 0.000230 -0.000605 0.000035 0.000769 -0.000616 -0.001007 -0.000809 0.000137 -0.001965 -0.000393 0.000177 -0.000549 0.000526 -0.000786 -0.000034 -0.000513 -0.002005 -0.002468 
0.000658 -0.006047 -0.000351 0.002162 0.003509 0.000368 -0.003579 -0.003249 -0.008656 -0.004344 0.004683 -0.000819 0.000345 -0.000082 -0.001683 0.001475 -0.001582 -0.003981 -0.003463 -0.000304 0.000600 -0.005383 -0.003939 -0.003083 -0.005815 -0.002219 0.007448 0.001153 0.002340 -0.003761 0.000715 -0.003098 -0.001225 0.001040 -0.000349 -0.001000 0.000685 -0.000043 -0.001078 0.000735 -0.002043 0.000646 -0.000470 -0.001194 -0.000514 -0.000267 -0.000549 -0.000184 0.000747 -0.001120 -0.000911 -0.000762 0.001133 0.000871 0.000167 -0.001588 0.000859 -0.000336 -0.000908 -0.000228 
0.000658 -0.006047 -0.000351 0.002162 0.002328 -0.002517 0.002149 -0.003312 -0.008656 -0.004344 0.004683 -0.000819 -0.003354 0.000977 -0.001069 0.003983 -0.001603 -0.003624 0.001777 -0.000071 0.000255 -0.000983 0.000082 -0.001743 0.001974 -0.000568 0.005879 -0.005683 0.003571 0.005341 0.000393 0.001412 0.000515 0.000814 0.000553 -0.000770 -0.000643 -0.000999 0.000558 -0.000061 0.000091 -0.000849 -0.000140 -0.000563 -0.000584 -0.000078 0.000614 -0.000494 0.000583 -0.000042 -0.000940 0.000187 -0.000669 -0.001337 0.000150 0.000039 -0.001398 -0.000500 0.000492 -0.000799 
0.000658 -0.006047 -0.000351 0.002162 0.002328 -0.002517 0.002149 -0.003312 -0.004180 0.001993 0.002212 -0.003748 -0.004882 0.002081 -0.004959 -0.000355 0.000083 0.002658 0.001060 -0.001748 -0.001042 0.000534 -0.006308 0.002594 -0.002851 -0.000261 0.001026 -0.004205 -0.001684 0.001935 -0.000466 -0.000162 -0.000182 -0.000057 -0.000123 -0.000445 -0.000296 0.000403 0.000032 0.000203 0.000275 -0.002131 0.000345 -0.000503 0.000208 -0.000148 0.000672 0.000497 -0.000343 0.000817 0.000140 -0.000814 -0.000281 -0.000189 -0.000363 0.000095 -0.000201 -0.000160 -0.000307 -0.000451 
