0.015361 0.006133 0.005785 0.007400 0.012166 0.018908 0.005570 0.006797 0.010753 0.020262 0.004820 0.008300 0.004075 0.012904 0.004769 0.007128 0.007044 0.005259 0.007908 0.007223 0.008683 0.025391 0.035094 0.033843 0.036198 0.020116 0.027609 0.044582 0.048128 0.032523 0.054931 0.149730 0.143220 0.062566 0.075330 0.113569 0.010928 0.058686 0.018891 0.023854 
0.015361 0.006133 0.005785 0.007400 0.012166 0.018908 0.005570 0.026537 0.009774 0.009348 0.007226 0.004156 0.005847 0.008864 0.007962 0.006863 0.006097 0.007444 0.042661 0.005211 0.010017 0.037200 0.086908 0.028109 0.077631 0.167234 0.046411 0.156306 0.219829 0.047493 0.048770 0.044160 0.139432 0.026863 0.055891 0.106601 0.071407 0.179320 0.021640 0.050433 
0.015361 0.006133 0.005785 0.007400 0.014753 0.004776 0.024555 0.026537 0.009774 0.009348 0.007226 0.004156 0.014924 0.010575 0.002768 0.009797 0.018023 0.003863 0.027615 0.008239 0.085250 0.037516 0.085473 0.051987 0.084388 0.176352 0.082706 0.088495 0.081398 0.018142 0.011535 0.011400 0.024219 0.029884 0.094744 0.063201 0.037990 0.085923 0.011867 0.066925 
0.015361 0.006133 0.005785 0.025727 0.014753 0.004776 0.024555 0.026537 0.021245 0.019870 0.010968 0.005857 0.014924 0.033469 0.029721 0.018808 0.038223 0.005888 0.028676 0.041005 0.087013 0.034178 0.109609 0.045788 0.051319 0.033038 0.024019 0.006773 0.005778 0.019605 0.021564 0.010665 0.078643 0.023823 0.010680 0.010647 0.033971 0.025349 0.070206 0.025276 
0.015361 0.006133 0.004266 0.025727 0.014753 0.004776 0.009554 0.085316 0.021245 0.019870 0.007333 0.005145 0.007101 0.033469 0.024841 0.011874 0.013441 0.010969 0.038453 0.042819 0.106671 0.080348 0.083266 0.030346 0.022677 0.023007 0.012284 0.009015 0.003294 0.017763 0.014610 0.067646 0.039885 0.028148 0.031207 0.042164 0.038066 0.014194 0.171647 0.039822 
0.015361 0.006133 0.004266 0.025727 0.014753 0.005896 0.009554 0.085316 0.028920 0.006336 0.007333 0.005145 0.027909 0.018242 0.024841 0.022348 0.068820 0.039326 0.055562 0.070064 0.109554 0.093293 0.081584 0.031109 0.027315 0.008777 0.013656 0.005817 0.019763 0.018387 0.009203 0.097486 0.027964 0.027062 0.010712 0.020496 0.059193 0.014180 0.042513 0.000000 
0.015361 0.006133 0.004266 0.025727 0.022374 0.005896 0.009554 0.024832 0.028920 0.006713 0.007436 0.008387 0.033221 0.023715 0.051760 0.105183 0.061055 0.029436 0.071688 0.016391 0.032887 0.016041 0.043719 0.012689 0.045396 0.020740 0.061182 0.015737 0.020405 0.089590 0.036959 0.020693 0.034582 0.024352 0.053196 0.028946 0.036780 0.024786 0.000000 0.000000 
0.015361 0.006133 0.004266 0.025727 0.022374 0.005896 0.004103 0.024832 0.016008 0.006713 0.010859 0.006216 0.049770 0.029743 0.064054 0.223882 0.022272 0.046454 0.069125 0.067049 0.019806 0.012789 0.106452 0.016323 0.036072 0.022105 0.182358 0.032194 0.084026 0.032172 0.032352 0.033742 0.059519 0.038921 0.026406 0.069684 0.024885 0.000000 0.000000 0.000000 
0.015361 0.009052 0.004266 0.006968 0.022374 0.013785 0.004103 0.012942 0.016008 0.006825 0.010859 0.040464 0.103095 0.062339 0.049116 0.084328 0.072274 0.038293 0.042359 0.092308 0.117599 0.040153 0.069320 0.005576 0.006740 0.086258 0.159397 0.030862 0.017773 0.017147 0.046175 0.036454 0.019683 0.033523 0.051150 0.094511 0.000000 0.000000 0.000000 0.000000 
0.015361 0.009052 0.004266 0.006968 0.025699 0.013785 0.010932 0.004221 0.018026 0.005293 0.012075 0.048355 0.133964 0.112592 0.045527 0.020059 0.145638 0.044256 0.059262 0.069471 0.130115 0.026119 0.023545 0.074730 0.253891 0.076867 0.038814 0.019143 0.027203 0.044051 0.032167 0.044640 0.092879 0.014756 0.016750 0.000000 0.000000 0.000000 0.000000 0.000000 
0.015361 0.009052 0.004772 0.006968 0.025699 0.006870 0.017775 0.004221 0.009885 0.007229 0.072556 0.051428 0.135249 0.048244 0.022399 0.014803 0.032800 0.075446 0.065511 0.071122 0.115187 0.016365 0.042945 0.121869 0.036648 0.014168 0.059395 0.054706 0.062659 0.091290 0.024951 0.094712 0.085144 0.000000 0.000000 0.000000 0.000000 0.000000 0.000000 0.000000 
0.015361 0.009052 0.004772 0.004221 0.025699 0.006870 0.017775 0.022594 0.008810 0.065333 0.072556 0.064984 0.074307 0.169032 0.008610 0.036775 0.024803 0.040350 0.027781 0.047808 0.039907 0.037764 0.016130 0.011407 0.018175 0.008540 0.028993 0.047523 0.012346 0.044431 0.014302 0.017905 0.000000 0.000000 0.000000 0.000000 0.000000 0.000000 0.000000 0.000000 
0.015361 0.009052 0.004772 0.004221 0.011996 0.013176 0.028659 0.010185 0.049757 0.116082 0.038043 0.028063 0.043864 0.021576 0.036968 0.066836 0.080306 0.018824 0.013776 0.027839 0.015038 0.023488 0.019463 0.017714 0.026630 0.015824 0.015868 0.256913 0.091735 0.034759 0.000000 0.000000 0.000000 0.000000 0.000000 0.000000 0.000000 0.000000 0.000000 0.000000 
0.015361 0.009052 0.004772 0.004221 0.011996 0.013176 0.028659 0.010185 0.025776 0.119036 0.033844 0.047430 0.027750 0.032584 0.037979 0.073970 0.223910 0.103056 0.059040 0.055022 0.042687 0.065408 0.056168 0.008758 0.008154 0.008816 0.034880 0.041115 0.041650 0.023049 0.000000 0.000000 0.000000 0.000000 0.000000 0.000000 0.000000 0.000000 0.000000 0.000000 
0.015361 0.009052 0.004772 0.002543 0.010174 0.010428 0.029335 0.023519 0.009980 0.120003 0.067289 0.029446 0.061574 0.021472 0.012119 0.044028 0.105449 0.031713 0.043677 0.053443 0.102864 0.118021 0.040019 0.090815 0.038471 0.107500 0.096100 0.040754 0.009974 0.029245 0.156810 0.072819 0.000000 0.000000 0.000000 0.000000 0.000000 0.000000 0.000000 0.000000 
0.015361 0.009052 0.003612 0.002543 0.010174 0.009807 0.012279 0.020061 0.009980 0.047090 0.106175 0.033044 0.054347 0.050194 0.030200 0.046004 0.024633 0.045407 0.026023 0.039261 0.028473 0.012075 0.045741 0.003249 0.012986 0.063693 0.056622 0.037758 0.045030 0.102833 0.019225 0.019652 0.005733 0.037404 0.000000 0.000000 0.000000 0.000000 0.000000 0.000000 
0.015361 0.009052 0.003612 0.002543 0.002670 0.009807 0.012279 0.009200 0.007824 0.047090 0.046867 0.054405 0.033519 0.029909 0.034604 0.063147 0.022970 0.070594 0.094938 0.019462 0.064426 0.066772 0.060264 0.057195 0.067474 0.015839 0.072868 0.036491 0.010060 0.024571 0.083450 0.140396 0.028136 0.084169 0.034173 0.000000 0.000000 0.000000 0.000000 0.000000 
0.015361 0.009052 0.003612 0.002543 0.002670 0.009807 0.008912 0.009200 0.015805 0.028563 0.041691 0.021863 0.033519 0.015694 0.052254 0.053049 0.024149 0.014973 0.051270 0.078963 0.034530 0.061636 0.057513 0.038241 0.073009 0.030109 0.032116 0.067867 0.011363 0.031355 0.044309 0.053186 0.053441 0.068772 0.055797 0.053150 0.000000 0.000000 0.000000 0.000000 
0.015361 0.003671 0.003612 0.002028 0.002670 0.006042 0.008912 0.028714 0.015805 0.007376 0.041691 0.052987 0.046965 0.074075 0.016345 0.021469 0.062091 0.042703 0.050087 0.100384 0.089431 0.104488 0.149163 0.031436 0.057997 0.003716 0.019405 0.012074 0.012222 0.015398 0.006812 0.048848 0.088748 0.196521 0.062639 0.029557 0.091442 0.000000 0.000000 0.000000 
0.015361 0.003671 0.003612 0.002028 0.002670 0.006042 0.011986 0.028714 0.026156 0.016787 0.016750 0.041441 0.106601 0.023772 0.051473 0.085967 0.041711 0.054684 0.031719 0.054708 0.077606 0.055180 0.032189 0.070901 0.020705 0.026989 0.041930 0.038389 0.014024 0.014601 0.022328 0.107047 0.137609 0.081077 0.046840 0.053651 0.058671 0.077150 0.000000 0.000000 
0.015361 0.003671 0.003612 0.002028 0.010089 0.006042 0.011986 0.006174 0.026156 0.016787 0.020565 0.011450 0.130320 0.137191 0.075749 0.069681 0.052541 0.088931 0.051162 0.041501 0.117058 0.103899 0.027922 0.074104 0.025889 0.021049 0.037834 0.039505 0.014709 0.026656 0.081884 0.040686 0.075133 0.082042 0.015679 0.046853 0.043542 0.075753 0.042758 0.000000 
0.015361 0.003671 0.012090 0.002028 0.010089 0.012418 0.012129 0.006174 0.008727 0.015374 0.022988 0.011450 0.012166 0.046045 0.074589 0.030670 0.220236 0.168646 0.067501 0.066844 0.055912 0.017635 0.077690 0.098862 0.038845 0.010562 0.062909 0.050249 0.022938 0.143695 0.037419 0.059636 0.069580 0.064083 0.043790 0.037655 0.033602 0.060787 0.321936 0.106059 
0.015361 0.003671 0.012090 0.002028 0.010089 0.012418 0.012129 0.017577 0.019886 0.015374 0.022988 0.047296 0.098546 0.062969 0.074589 0.030670 0.052371 0.072792 0.029392 0.066123 0.073749 0.080988 0.084781 0.048045 0.083177 0.111658 0.037421 0.040126 0.023974 0.009846 0.020945 0.055331 0.049020 0.059683 0.076990 0.092274 0.098714 0.535584 0.318309 0.436055 
0.015361 0.003671 0.012090 0.010014 0.010968 0.012418 0.012129 0.017577 0.019886 0.013056 0.014032 0.024231 0.021491 0.021344 0.065132 0.045787 0.078980 0.061985 0.038837 0.033771 0.024287 0.009412 0.036471 0.046442 0.029965 0.016483 0.036116 0.050757 0.025699 0.017412 0.017739 0.016896 0.046008 0.081850 0.061270 0.079368 0.083345 0.042296 0.046384 0.136588 
0.015361 0.003671 0.012090 0.010014 0.010968 0.006669 0.031925 0.015737 0.012868 0.037466 0.014032 0.024231 0.021491 0.021344 0.065132 0.108833 0.099437 0.038413 0.012673 0.030777 0.022950 0.016848 0.025200 0.054989 0.152985 0.095802 0.035179 0.018576 0.065814 0.069960 0.023827 0.030678 0.069967 0.081736 0.072641 0.048946 0.028986 0.390113 1.685334 0.798376 
0.015361 0.003671 0.012090 0.010014 0.010968 0.006669 0.031925 0.015737 0.012868 0.037466 0.034534 0.019061 0.036243 0.048651 0.179142 0.294555 0.200880 0.079273 0.079411 0.050763 0.035912 0.022727 0.038101 0.076390 0.080941 0.019462 0.014278 0.019344 0.008992 0.022540 0.022699 0.082596 0.105828 0.114406 0.076469 0.067254 0.095616 0.074051 0.253092 0.315085 
0.015361 0.003671 0.012090 0.010014 0.010968 0.006669 0.031925 0.012372 0.020923 0.022128 0.019706 0.017872 0.009755 0.014138 0.044706 0.098813 0.119691 0.133467 0.089546 0.058183 0.027864 0.057390 0.173887 0.302851 0.182871 0.140421 0.035857 0.038910 0.055498 0.049680 0.059559 0.062935 0.067250 0.037767 0.024089 0.031508 0.023077 0.080567 0.754410 0.931211 
0.015361 0.003671 0.012090 0.010014 0.007252 0.007517 0.006362 0.012372 0.020923 0.022128 0.012720 0.025874 0.079678 0.063347 0.027607 0.078176 0.088606 0.063792 0.047500 0.033487 0.039705 0.027653 0.026342 0.026416 0.032323 0.026229 0.021451 0.015151 0.040575 0.052826 0.049662 0.047558 0.094841 0.083630 0.035677 0.051572 0.024391 0.085963 1.369815 2.376046 
0.015361 0.003671 0.012090 0.005239 0.007252 0.007517 0.006362 0.012372 0.013012 0.015455 0.012720 0.025874 0.079678 0.028760 0.009424 0.022515 0.044416 0.063792 0.104044 0.089332 0.042823 0.007895 0.055862 0.025351 0.052452 0.019373 0.026738 0.114931 0.102614 0.030502 0.066812 0.080928 0.063124 0.067999 0.080818 0.095243 0.044773 0.041583 0.354214 1.231865 
0.015361 0.003671 0.009512 0.005239 0.007252 0.007517 0.015328 0.020640 0.013012 0.033434 0.067222 0.134814 0.219957 0.008231 0.006124 0.009585 0.116843 0.073900 0.065408 0.048284 0.100126 0.129921 0.142159 0.070796 0.036343 0.016468 0.030521 0.065766 0.025983 0.050295 0.020507 0.076269 0.030341 0.019701 0.025808 0.207206 0.014525 0.028005 0.114787 0.750140 
0.015361 0.003671 0.009512 0.005239 0.007252 0.018577 0.015328 0.020640 0.025306 0.033434 0.067222 0.009255 0.005231 0.008231 0.037277 0.052443 0.116843 0.050111 0.029574 0.066677 0.113681 0.070505 0.028639 0.080356 0.056846 0.036880 0.029016 0.028932 0.045510 0.049612 0.052216 0.106051 0.078326 0.078283 0.042712 0.067730 0.032913 0.024287 0.125723 0.000000 
0.015361 0.003671 0.009512 0.005239 0.018966 0.018577 0.015328 0.009425 0.025306 0.021045 0.006022 0.009255 0.006743 0.016583 0.061496 0.138025 0.062944 0.109856 0.131105 0.042833 0.042003 0.029192 0.066815 0.052881 0.020431 0.021569 0.036743 0.019617 0.024517 0.048824 0.124242 0.032296 0.034369 0.062723 0.055413 0.016519 0.024819 0.030902 0.000000 0.000000 
0.015361 0.010111 0.009512 0.014771 0.018966 0.012372 0.015476 0.020056 0.008603 0.008821 0.010418 0.008301 0.031052 0.029300 0.035802 0.031598 0.052718 0.082424 0.012489 0.040332 0.069543 0.022329 0.030031 0.016533 0.025403 0.011153 0.021014 0.011860 0.020873 0.046965 0.123900 0.051723 0.035752 0.018216 0.079593 0.021159 0.020213 0.000000 0.000000 0.000000 
0.015361 0.010111 0.009512 0.014771 0.018966 0.012372 0.015476 0.020056 0.011770 0.008821 0.012847 0.008301 0.026345 0.029300 0.008623 0.006662 0.038188 0.035077 0.029426 0.092516 0.036665 0.018588 0.083823 0.024723 0.007609 0.039628 0.010971 0.009320 0.074981 0.031479 0.128506 0.118982 0.101269 0.129078 0.082731 0.041408 0.000000 0.000000 0.000000 0.000000 
0.015361 0.010111 0.009512 0.014771 0.006185 0.012372 0.033693 0.009360 0.011770 0.021747 0.017491 0.022293 0.014454 0.032743 0.020595 0.027251 0.070966 0.086529 0.031926 0.022599 0.059496 0.050592 0.020518 0.011426 0.057352 0.084717 0.065653 0.022970 0.093618 0.053882 0.050956 0.034539 0.030613 0.051952 0.000000 0.000000 0.000000 0.000000 0.000000 0.000000 
0.015361 0.010111 0.011164 0.014771 0.006185 0.011817 0.015258 0.009360 0.018002 0.019290 0.007984 0.003130 0.009465 0.019448 0.012734 0.005750 0.052411 0.018827 0.033461 0.013452 0.012241 0.056215 0.040991 0.102139 0.038859 0.063039 0.010974 0.048662 0.030682 0.025767 0.053452 0.025861 0.034003 0.000000 0.000000 0.000000 0.000000 0.000000 0.000000 0.000000 
0.015361 0.010111 0.011164 0.015164 0.006185 0.011817 0.015258 0.017389 0.022727 0.014892 0.016227 0.045353 0.018869 0.023118 0.551158 0.019924 0.010286 0.025064 0.026087 0.017814 0.030603 0.044868 0.089879 0.030763 0.020261 0.008059 0.034816 0.033312 0.013811 0.022307 0.032111 0.000000 0.000000 0.000000 0.000000 0.000000 0.000000 0.000000 0.000000 0.000000 
0.015361 0.010111 0.011164 0.015164 0.008355 0.012180 0.012993 0.010275 0.014152 0.009093 0.059288 0.060218 0.043934 0.127373 0.012587 0.007008 0.027639 0.023070 0.039240 0.018583 0.059683 0.115940 0.040002 0.045034 0.067321 0.043838 0.036756 0.042809 0.093084 0.058435 0.000000 0.000000 0.000000 0.000000 0.000000 0.000000 0.000000 0.000000 0.000000 0.000000 
0.021291 0.055566 0.029479 0.038585 0.032317 0.014378 0.042979 0.124512 0.043139 0.026592 0.023795 0.059520 0.057810 0.036886 0.008529 0.004541 0.017933 0.027773 0.007749 0.043827 0.008958 0.007170 0.018791 0.013623 0.016029 0.007121 0.008355 0.015164 0.011164 0.010111 0.015361 0.000000 0.000000 0.000000 0.000000 0.000000 0.000000 0.000000 0.000000 0.000000 
0.065373 0.092443 0.043850 0.085184 0.021245 0.062930 0.069785 0.074113 0.026235 0.015243 0.030106 0.152216 0.031216 0.061520 0.028619 0.021636 0.020151 0.003604 0.008352 0.011336 0.017553 0.003555 0.005447 0.010019 0.013623 0.016029 0.007121 0.003790 0.008593 0.011164 0.010111 0.015361 0.000000 0.000000 0.000000 0.000000 0.000000 0.000000 0.000000 0.000000 
0.065890 0.084781 0.055480 0.076847 0.177956 0.080255 0.074958 0.096813 0.012869 0.074367 0.041745 0.036158 0.025435 0.042179 0.036382 0.074412 0.017298 0.005730 0.006689 0.008770 0.005022 0.012734 0.011220 0.013340 0.008704 0.010019 0.020220 0.022832 0.012438 0.003790 0.008593 0.007217 0.010111 0.015361 0.000000 0.000000 0.000000 0.000000 0.000000 0.000000 
0.136536 0.096720 0.107677 0.010656 0.005872 0.015229 0.031736 0.145824 0.026854 0.012089 0.007487 0.002029 0.017028 0.058857 0.068747 0.040705 0.024176 0.014785 0.024119 0.008424 0.010994 0.006174 0.025846 0.023990 0.009851 0.008704 0.011996 0.036713 0.022832 0.012438 0.008323 0.008593 0.007217 0.010111 0.015361 0.000000 0.000000 0.000000 0.000000 0.000000 
0.040666 0.100493 0.043896 0.018272 0.031543 0.016024 0.018260 0.064815 0.044139 0.032147 0.084227 0.034348 0.034558 0.019109 0.009901 0.022274 0.015164 0.024649 0.023369 0.006275 0.013922 0.009991 0.016138 0.002443 0.024545 0.027081 0.015637 0.020876 0.017828 0.040905 0.012599 0.013770 0.008323 0.004264 0.007217 0.005384 0.015361 0.000000 0.000000 0.000000 
0.082654 0.055430 0.030097 0.026379 0.047808 0.040970 0.096077 0.047844 0.095165 0.024738 0.091867 0.054820 0.051917 0.036171 0.030475 0.038836 0.016433 0.005828 0.009236 0.002639 0.016175 0.017883 0.007742 0.021420 0.002443 0.009391 0.027081 0.006598 0.020876 0.011228 0.040905 0.012599 0.013770 0.008323 0.004264 0.007217 0.005384 0.015361 0.000000 0.000000 
0.013576 0.067514 0.057639 0.077806 0.043255 0.091233 0.106815 0.054455 0.092105 0.059322 0.054612 0.044684 0.019565 0.016684 0.022996 0.042199 0.062729 0.018513 0.010027 0.004397 0.005534 0.007896 0.004540 0.007742 0.018946 0.007394 0.010050 0.022640 0.006598 0.001816 0.011228 0.040905 0.006058 0.013770 0.002452 0.004264 0.007217 0.005384 0.015361 0.000000 
0.022456 0.031114 0.028985 0.022283 0.039731 0.184905 0.016518 0.037834 0.003018 0.008132 0.016328 0.019576 0.020720 0.024850 0.015944 0.037435 0.021703 0.006207 0.007147 0.007452 0.010790 0.019453 0.015703 0.011888 0.009374 0.026011 0.008299 0.002997 0.021187 0.001816 0.009719 0.013790 0.006058 0.009216 0.002452 0.004264 0.007217 0.005384 0.015361 0.000000 
0.032869 0.007983 0.015621 0.010580 0.008237 0.008383 0.008270 0.009757 0.006261 0.008183 0.007903 0.015662 0.012206 0.024575 0.025459 0.029082 0.039843 0.021845 0.005818 0.007816 0.012259 0.016174 0.020516 0.014698 0.006010 0.010771 0.020848 0.008299 0.002997 0.016065 0.008188 0.009719 0.013790 0.006336 0.009216 0.002452 0.004264 0.007989 0.005384 0.015361 
0.054052 0.025612 0.003357 0.010898 0.022502 0.005588 0.007942 0.019641 0.018035 0.020559 0.008744 0.005457 0.007573 0.026156 0.051257 0.018331 0.050191 0.036104 0.012611 0.013211 0.016660 0.022010 0.011576 0.016280 0.014319 0.004560 0.018995 0.004156 0.006061 0.016065 0.018459 0.004944 0.017079 0.006336 0.009216 0.002452 0.014115 0.007989 0.005384 0.015361 
0.011555 0.038911 0.057939 0.059148 0.030995 0.050046 0.071730 0.050220 0.070199 0.036758 0.042758 0.016792 0.019565 0.017611 0.010106 0.024041 0.031799 0.027774 0.030436 0.016634 0.011546 0.005418 0.013279 0.008428 0.016280 0.015294 0.052193 0.041280 0.017743 0.013043 0.009271 0.018459 0.004944 0.017079 0.006336 0.006328 0.006446 0.014115 0.007989 0.005384 
0.032840 0.091264 0.048831 0.154621 0.118982 0.108070 0.016044 0.026939 0.075915 0.023204 0.042408 0.020600 0.061729 0.057087 0.017465 0.036176 0.072209 0.038009 0.021330 0.042784 0.019643 0.005159 0.013670 0.032975 0.006848 0.004430 0.062515 0.040020 0.007084 0.016089 0.030786 0.009204 0.009182 0.107388 0.028474 0.006328 0.006446 0.014115 0.007989 0.005384 
0.057071 0.020439 0.008061 0.031820 0.052987 0.025344 0.047089 0.027715 0.041509 0.041327 0.033977 0.017985 0.045539 0.029545 0.025538 0.109272 0.070665 0.025459 0.061132 0.031974 0.019643 0.005159 0.013670 0.032975 0.006848 0.004430 0.062515 0.040020 0.007084 0.016089 0.030786 0.009204 0.009182 0.107388 0.028474 0.006328 0.006446 0.014115 0.007989 0.005384 
0.017259 0.039641 0.022005 0.049464 0.018425 0.023868 0.008739 0.042569 0.074458 0.021328 0.047504 0.063279 0.022591 0.011706 0.015330 0.100221 0.037279 0.041488 0.102033 0.127943 0.007733 0.022847 0.003023 0.012218 0.003935 0.008018 0.007516 0.014780 0.010888 0.015245 0.015800 0.006626 0.006093 0.079567 0.004860 0.006328 0.006446 0.014115 0.007989 0.005384 
0.087071 0.057912 0.049598 0.103693 0.013822 0.034178 0.054109 0.113247 0.042524 0.071657 0.040595 0.041603 0.010233 0.034333 0.010738 0.046184 0.087886 0.085136 0.253317 0.035102 0.074110 0.035955 0.008490 0.003935 0.004004 0.007877 0.015512 0.006774 0.014792 0.005624 0.006626 0.006093 0.079567 0.004860 0.002611 0.003272 0.014115 0.007989 0.005384 0.015361 
0.057412 0.092768 0.021167 0.014206 0.020032 0.021917 0.013078 0.116082 0.102812 0.136222 0.173329 0.043449 0.101199 0.053279 0.047924 0.008534 0.037969 0.027568 0.043983 0.038764 0.108634 0.043848 0.017455 0.026560 0.005388 0.009037 0.018309 0.009089 0.009890 0.005624 0.002579 0.007793 0.018195 0.004860 0.002611 0.003272 0.014987 0.007989 0.005384 0.015361 
0.044244 0.016953 0.025319 0.034422 0.028746 0.064058 0.050292 0.015136 0.026709 0.144780 0.068192 0.062403 0.078547 0.059139 0.064083 0.019370 0.039759 0.010593 0.048238 0.055199 0.019763 0.016676 0.017081 0.008359 0.023091 0.006753 0.009089 0.009890 0.015792 0.012657 0.007793 0.018195 0.002370 0.002611 0.003272 0.014987 0.009536 0.005384 0.015361 0.000000 
0.012562 0.008754 0.013169 0.012921 0.012594 0.059526 0.105843 0.019271 0.009420 0.064662 0.020791 0.035048 0.048571 0.084281 0.186539 0.016101 0.017595 0.036703 0.055630 0.072311 0.068189 0.026393 0.029773 0.031329 0.022085 0.019701 0.011626 0.018528 0.018396 0.012657 0.023072 0.020932 0.002370 0.012760 0.003272 0.014987 0.009536 0.005384 0.015361 0.000000 
0.014277 0.006853 0.004723 0.004316 0.022003 0.024308 0.036493 0.064961 0.062388 0.016165 0.084386 0.014081 0.056805 0.105152 0.124452 0.048784 0.086776 0.061569 0.145979 0.076708 0.033044 0.006385 0.031329 0.029998 0.044126 0.009663 0.016805 0.018396 0.007879 0.023072 0.020932 0.017306 0.012760 0.010001 0.014987 0.009536 0.005384 0.015361 0.000000 0.000000 
0.019194 0.007367 0.015056 0.007615 0.008946 0.013654 0.007003 0.024250 0.075191 0.175309 0.028245 0.010989 0.019316 0.069820 0.039976 0.076276 0.024631 0.038713 0.042793 0.098127 0.030646 0.047655 0.092090 0.044126 0.013189 0.016805 0.025498 0.007879 0.025315 0.020932 0.017306 0.012760 0.010001 0.014987 0.009536 0.005384 0.015361 0.000000 0.000000 0.000000 
0.038323 0.025975 0.032259 0.016211 0.024921 0.014493 0.024800 0.027078 0.014749 0.014207 0.028932 0.004774 0.093588 0.026190 0.039387 0.078153 0.116971 0.068251 0.019245 0.134505 0.086141 0.010027 0.024440 0.021046 0.016635 0.011702 0.017593 0.006651 0.013985 0.019437 0.010001 0.004495 0.009536 0.006242 0.015361 0.000000 0.000000 0.000000 0.000000 0.000000 
0.040237 0.009765 0.011064 0.028493 0.019569 0.015192 0.027041 0.041310 0.036334 0.022894 0.042067 0.067788 0.021948 0.019615 0.035805 0.012997 0.024921 0.012659 0.036887 0.032943 0.023964 0.026662 0.021932 0.008595 0.011702 0.006990 0.015234 0.013985 0.019437 0.020446 0.004495 0.009536 0.006242 0.015361 0.000000 0.000000 0.000000 0.000000 0.000000 0.000000 
0.032448 0.026779 0.016372 0.038295 0.092177 0.021270 0.033359 0.037045 0.066437 0.056956 0.032542 0.066175 0.017098 0.016742 0.017873 0.054676 0.025691 0.028074 0.043129 0.027358 0.017575 0.023561 0.016748 0.006990 0.018833 0.014372 0.003456 0.020446 0.004495 0.016965 0.006242 0.015361 0.000000 0.000000 0.000000 0.000000 0.000000 0.000000 0.000000 0.000000 
0.025572 0.006030 0.044230 0.064620 0.068925 0.035091 0.028429 0.067530 0.029714 0.041495 0.026069 0.029627 0.014594 0.020005 0.009905 0.036212 0.054946 0.018912 0.017538 0.021074 0.105166 0.026140 0.006159 0.018833 0.014372 0.003456 0.019522 0.033194 0.016965 0.006242 0.015361 0.000000 0.000000 0.000000 0.000000 0.000000 0.000000 0.000000 0.000000 0.000000 
0.058348 0.036018 0.091041 0.035294 0.027505 0.092486 0.028580 0.004661 0.039494 0.033100 0.095310 0.054657 0.018606 0.023777 0.033418 0.045717 0.021158 0.007933 0.030113 0.206848 0.031803 0.019025 0.012277 0.003823 0.005849 0.019522 0.033194 0.016965 0.006242 0.015361 0.000000 0.000000 0.000000 0.000000 0.000000 0.000000 0.000000 0.000000 0.000000 0.000000 
0.055137 0.040804 0.038260 0.047227 0.020460 0.008703 0.028178 0.145017 0.070622 0.009158 0.104557 0.030370 0.012915 0.024779 0.015254 0.063322 0.056327 0.026759 0.031388 0.140364 0.004444 0.047863 0.028717 0.009148 0.004701 0.012988 0.031569 0.033194 0.016965 0.006242 0.015361 0.000000 0.000000 0.000000 0.000000 0.000000 0.000000 0.000000 0.000000 0.000000 
0.042532 0.016601 0.042102 0.038293 0.030864 0.016728 0.028685 0.037466 0.038973 0.040640 0.029536 0.027714 0.058236 0.024576 0.014680 0.047298 0.094240 0.185241 0.071867 0.025883 0.036314 0.042470 0.024552 0.078246 0.057227 0.015126 0.010217 0.012988 0.031569 0.013345 0.001784 0.006242 0.015361 0.000000 0.000000 0.000000 0.000000 0.000000 0.000000 0.000000 
0.012241 0.021506 0.016304 0.072034 0.022460 0.017580 0.043379 0.018109 0.034325 0.059567 0.047130 0.055094 0.116977 0.073273 0.017951 0.044028 0.063974 0.048515 0.067960 0.012946 0.018126 0.048217 0.039182 0.024552 0.075640 0.013259 0.015126 0.010217 0.015185 0.031569 0.013345 0.001784 0.006242 0.015361 0.000000 0.000000 0.000000 0.000000 0.000000 0.000000 
0.032976 0.026406 0.006368 0.016519 0.019812 0.007050 0.012732 0.007978 0.008044 0.012980 0.017745 0.009848 0.030836 0.091708 0.126290 0.046140 0.072058 0.036396 0.089604 0.025172 0.027206 0.015771 0.017764 0.026578 0.024500 0.061380 0.013746 0.013259 0.008559 0.021871 0.015185 0.016666 0.013345 0.001784 0.006242 0.015361 0.000000 0.000000 0.000000 0.000000 
0.021663 0.015489 0.007541 0.019821 0.010489 0.004994 0.025091 0.008690 0.011295 0.014612 0.009536 0.019145 0.014746 0.049260 0.135751 0.043021 0.032826 0.022756 0.028958 0.016644 0.011884 0.014464 0.009460 0.055539 0.083521 0.046454 0.029790 0.006820 0.004844 0.029576 0.021871 0.014637 0.016666 0.005195 0.001784 0.012148 0.015361 0.000000 0.000000 0.000000 
0.056585 0.028906 0.011060 0.016088 0.010404 0.026956 0.046818 0.020190 0.017502 0.007143 0.010989 0.015728 0.046540 0.011406 0.199485 0.224239 0.099873 0.007463 0.075435 0.070622 0.029314 0.047889 0.079070 0.063971 0.060752 0.050511 0.036023 0.020364 0.006820 0.017656 0.029576 0.028372 0.014637 0.016666 0.005195 0.001784 0.012148 0.015361 0.000000 0.000000 
0.032286 0.047442 0.008268 0.043421 0.021001 0.009722 0.010961 0.016073 0.010521 0.031406 0.016030 0.009428 0.007538 0.032291 0.103777 0.048151 0.011989 0.063612 0.054300 0.044330 0.046555 0.057253 0.011613 0.041597 0.067379 0.024567 0.010453 0.036023 0.085078 0.025019 0.017656 0.135228 0.028372 0.014637 0.007847 0.005195 0.001784 0.012148 0.015361 0.000000 
0.052249 0.044803 0.018839 0.024761 0.011145 0.012742 0.010025 0.004570 0.012897 0.051136 0.006461 0.009626 0.009565 0.040804 0.086728 0.129058 0.028038 0.097708 0.086490 0.014031 0.022951 0.011375 0.005270 0.011613 0.032648 0.038319 0.024567 0.080881 0.063990 0.085078 0.025019 0.053911 0.135228 0.028372 0.018905 0.007847 0.005195 0.001784 0.012148 0.015361 
0.109169 0.060423 0.029971 0.022808 0.001917 0.019545 0.014958 0.014839 0.009945 0.020544 0.018507 0.008032 0.021004 0.028249 0.039550 0.027505 0.014412 0.026722 0.054521 0.020782 0.029130 0.018104 0.048290 0.087430 0.070620 0.049174 0.089768 0.035185 0.014706 0.022192 0.036270 0.053911 0.017661 0.013172 0.018905 0.007847 0.005195 0.007196 0.012148 0.015361 
0.090493 0.102239 0.056169 0.017834 0.017849 0.018588 0.019232 0.007855 0.016975 0.011866 0.039680 0.082901 0.059716 0.029836 0.020467 0.023952 0.010481 0.010491 0.013994 0.019017 0.022800 0.006764 0.013856 0.048290 0.067906 0.118908 0.112598 0.071285 0.035185 0.014706 0.011389 0.006747 0.005154 0.017661 0.013172 0.018905 0.007847 0.010339 0.007196 0.012148 
0.049848 0.032418 0.084491 0.057865 0.022231 0.016941 0.015473 0.009771 0.007160 0.026618 0.028288 0.031256 0.041346 0.014473 0.012052 0.018277 0.025181 0.034046 0.071533 0.022555 0.008425 0.025879 0.006147 0.037700 0.105881 0.091024 0.074594 0.029121 0.055487 0.029109 0.011389 0.006747 0.005154 0.017661 0.021158 0.016733 0.009823 0.010339 0.007196 0.012148 
0.105191 0.042234 0.022645 0.023605 0.016878 0.008405 0.021873 0.015136 0.016178 0.029063 0.026751 0.102765 0.201084 0.073209 0.025738 0.012895 0.005245 0.021989 0.023605 0.014988 0.002737 0.007456 0.034525 0.079957 0.129840 0.269267 0.181980 0.034570 0.016275 0.013920 0.020572 0.010282 0.018513 0.015229 0.021158 0.016733 0.009823 0.010339 0.007196 0.012148 
0.150893 0.103407 0.046418 0.013405 0.034631 0.068477 0.079297 0.282426 0.197443 0.021836 0.041623 0.033162 0.025415 0.014438 0.051572 0.060520 0.024535 0.009524 0.019393 0.012242 0.006694 0.002407 0.017210 0.027365 0.045059 0.141942 0.079480 0.046384 0.083878 0.084132 0.020572 0.010282 0.018513 0.015229 0.021158 0.016733 0.009823 0.010339 0.007196 0.012148 
0.100146 0.136648 0.056010 0.027750 0.070091 0.061639 0.052025 0.034840 0.026894 0.034154 0.067328 0.019902 0.010383 0.026859 0.037743 0.010107 0.017847 0.005743 0.011346 0.007556 0.018088 0.005543 0.022120 0.031573 0.034844 0.141942 0.079480 0.046384 0.083878 0.084132 0.018469 0.027040 0.015880 0.014390 0.011683 0.016733 0.009823 0.010339 0.007196 0.012148 
0.025389 0.019812 0.039801 0.047689 0.041748 0.029727 0.019807 0.075563 0.060770 0.022966 0.018737 0.020102 0.030768 0.031492 0.032878 0.026830 0.027977 0.024718 0.015567 0.010707 0.004781 0.013000 0.030995 0.029621 0.093725 0.062484 0.040695 0.011363 0.007169 0.006031 0.013911 0.015880 0.014390 0.011683 0.005650 0.007992 0.009915 0.007196 0.012148 0.015361 
0.021819 0.015984 0.022677 0.017891 0.008887 0.019350 0.020222 0.030002 0.011012 0.011688 0.019874 0.008331 0.019598 0.046780 0.064301 0.020572 0.004987 0.011547 0.009589 0.016105 0.014090 0.029293 0.090301 0.112908 0.093725 0.062484 0.025529 0.032996 0.020364 0.006031 0.013911 0.014272 0.011212 0.011683 0.005650 0.007992 0.009915 0.007196 0.012148 0.015361 
0.031207 0.039078 0.029092 0.036197 0.028164 0.023192 0.029905 0.022405 0.028839 0.061206 0.052411 0.009796 0.007988 0.008994 0.004052 0.008815 0.009261 0.020705 0.009602 0.016716 0.020510 0.013309 0.042103 0.020696 0.127298 0.014556 0.032168 0.020364 0.007856 0.016250 0.033495 0.011212 0.017971 0.021004 0.007992 0.009915 0.028905 0.012148 0.015361 0.000000 
0.039920 0.022500 0.024723 0.025587 0.024112 0.060154 0.072849 0.011622 0.009691 0.010067 0.024520 0.004939 0.019835 0.012238 0.011886 0.022470 0.009088 0.012272 0.012884 0.026002 0.037279 0.046264 0.016346 0.029518 0.013705 0.020604 0.029779 0.016077 0.016250 0.033495 0.030605 0.017971 0.021004 0.024519 0.009915 0.028905 0.012148 0.015361 0.000000 0.000000 
0.101525 0.046523 0.042261 0.104858 0.008351 0.019848 0.024331 0.018160 0.010605 0.016321 0.008063 0.021675 0.042519 0.018176 0.023385 0.008171 0.009360 0.032235 0.060960 0.116568 0.078936 0.058220 0.017354 0.010989 0.011992 0.019077 0.025736 0.008997 0.018705 0.030605 0.018527 0.021004 0.024519 0.009915 0.028905 0.012148 0.015361 0.000000 0.000000 0.000000 
0.009675 0.012688 0.041118 0.007651 0.012137 0.022134 0.015432 0.015597 0.005819 0.016968 0.061033 0.017205 0.022890 0.018542 0.121660 0.139814 0.034805 0.053700 0.034720 0.022145 0.022037 0.008529 0.038508 0.024177 0.009236 0.025736 0.010295 0.018705 0.015435 0.018527 0.012817 0.024519 0.022285 0.028905 0.011042 0.015361 0.000000 0.000000 0.000000 0.000000 
0.037634 0.033425 0.029884 0.019370 0.016181 0.024228 0.009987 0.008197 0.008765 0.076419 0.020553 0.037962 0.011430 0.031245 0.090307 0.035322 0.032809 0.059811 0.022971 0.008348 0.020794 0.011343 0.024177 0.013688 0.013335 0.010936 0.007393 0.015435 0.005624 0.012817 0.024519 0.022285 0.028905 0.011042 0.015361 0.000000 0.000000 0.000000 0.000000 0.000000 
0.035835 0.068878 0.054299 0.012298 0.016327 0.074752 0.022548 0.021773 0.015508 0.024803 0.080067 0.128466 0.171106 0.028399 0.092155 0.033313 0.025776 0.020950 0.007695 0.004965 0.018982 0.024611 0.017025 0.013776 0.010936 0.007934 0.004003 0.005624 0.012817 0.013144 0.022285 0.028905 0.011042 0.015361 0.000000 0.000000 0.000000 0.000000 0.000000 0.000000 
0.095899 0.023347 0.011820 0.016955 0.009084 0.012517 0.011119 0.004194 0.025092 0.023027 0.084154 0.031020 0.035906 0.027532 0.052641 0.032908 0.012904 0.026135 0.015271 0.011339 0.008239 0.021788 0.015889 0.007934 0.011802 0.049047 0.004786 0.013144 0.022285 0.005754 0.011042 0.015361 0.000000 0.000000 0.000000 0.000000 0.000000 0.000000 0.000000 0.000000 
0.024893 0.008858 0.012897 0.024075 0.002434 0.013776 0.050288 0.033242 0.148774 0.099464 0.003460 0.034239 0.042083 0.008351 0.018162 0.017128 0.059702 0.034611 0.010201 0.026919 0.012069 0.025924 0.015466 0.011486 0.067204 0.014687 0.008877 0.005754 0.011042 0.015361 0.000000 0.000000 0.000000 0.000000 0.000000 0.000000 0.000000 0.000000 0.000000 0.000000 
0.015361 0.011042 0.005754 0.008877 0.014687 0.067204 0.011486 0.015466 0.016986 0.024866 0.006340 0.009548 0.052948 0.123115 0.014441 0.005879 0.011775 0.071108 0.009759 0.045611 0.045237 0.044756 0.059404 0.049209 0.027902 0.016124 0.006665 0.007178 0.016187 0.009846 0.000000 0.000000 0.000000 0.000000 0.000000 0.000000 0.000000 0.000000 0.000000 0.000000 
0.015361 0.011042 0.005754 0.008877 0.011425 0.016058 0.009774 0.005435 0.018073 0.006158 0.008644 0.005038 0.008445 0.010919 0.008073 0.008749 0.002330 0.016157 0.011571 0.047597 0.027418 0.010791 0.023897 0.028958 0.053952 0.008056 0.019975 0.015740 0.025893 0.030685 0.016784 0.016740 0.000000 0.000000 0.000000 0.000000 0.000000 0.000000 0.000000 0.000000 
0.015361 0.011042 0.005754 0.010699 0.011425 0.016058 0.009774 0.009786 0.011092 0.005826 0.008644 0.007413 0.011802 0.011212 0.010766 0.004210 0.006394 0.008209 0.002523 0.020682 0.034652 0.023221 0.022058 0.032254 0.040760 0.027327 0.022579 0.050716 0.071150 0.011160 0.029295 0.041409 0.005555 0.000000 0.000000 0.000000 0.000000 0.000000 0.000000 0.000000 
0.015361 0.011042 0.014381 0.010699 0.011425 0.013066 0.015468 0.009786 0.002992 0.002563 0.002717 0.007409 0.003716 0.006404 0.017055 0.009070 0.004447 0.002135 0.013136 0.008027 0.006847 0.028109 0.094070 0.081448 0.039262 0.035690 0.042152 0.081809 0.063333 0.209483 0.087753 0.116250 0.055413 0.020454 0.033480 0.000000 0.000000 0.000000 0.000000 0.000000 
0.015361 0.011042 0.014381 0.010699 0.008006 0.013066 0.016044 0.017250 0.006108 0.020174 0.006211 0.001951 0.014594 0.007027 0.022907 0.011603 0.011235 0.013954 0.016815 0.014012 0.009678 0.034769 0.056621 0.006312 0.006510 0.007620 0.054986 0.060636 0.065151 0.028826 0.018314 0.050896 0.019906 0.056732 0.066385 0.066340 0.000000 0.000000 0.000000 0.000000 
0.015361 0.006133 0.014381 0.003085 0.008006 0.031438 0.016044 0.013886 0.006108 0.016415 0.006211 0.001957 0.014369 0.004387 0.017335 0.004491 0.009889 0.003608 0.012503 0.010649 0.013978 0.021073 0.015390 0.017609 0.038766 0.058458 0.059024 0.102759 0.066484 0.016601 0.042373 0.025735 0.039723 0.072399 0.018969 0.009019 0.045774 0.000000 0.000000 0.000000 
0.015361 0.006133 0.014381 0.003085 0.008006 0.031438 0.016312 0.013886 0.014073 0.016415 0.004981 0.015031 0.013119 0.013820 0.006829 0.004464 0.007498 0.005206 0.011153 0.002511 0.015585 0.019563 0.019240 0.066960 0.011788 0.033327 0.047781 0.054033 0.060174 0.131706 0.038405 0.016481 0.013744 0.102119 0.029015 0.018319 0.073656 0.042149 0.000000 0.000000 
0.015361 0.006133 0.014381 0.003085 0.006264 0.031438 0.016312 0.020005 0.014073 0.011709 0.014286 0.007814 0.010262 0.018363 0.006856 0.010156 0.018404 0.006598 0.004482 0.005208 0.008259 0.006741 0.007722 0.067296 0.016913 0.035960 0.018710 0.031913 0.034056 0.053237 0.018106 0.122805 0.027973 0.016529 0.032629 0.014945 0.026252 0.014357 0.051495 0.000000 
0.015361 0.006133 0.014381 0.003085 0.006264 0.047145 0.016312 0.020005 0.003833 0.010637 0.014286 0.007814 0.004061 0.004918 0.006856 0.013462 0.015147 0.003828 0.006510 0.020628 0.009571 0.006598 0.005425 0.040479 0.086298 0.074193 0.030266 0.008895 0.038043 0.041509 0.016881 0.014215 0.041672 0.022678 0.021592 0.023305 0.011937 0.028217 0.011717 0.004458 
0.015361 0.006133 0.005785 0.003085 0.006264 0.047145 0.019141 0.014632 0.003833 0.010637 0.005968 0.009678 0.009801 0.004918 0.005374 0.010589 0.051299 0.001861 0.011552 0.012025 0.005986 0.013393 0.017498 0.048911 0.051022 0.039365 0.030628 0.018632 0.031078 0.022967 0.013035 0.016609 0.017934 0.041218 0.016731 0.037107 0.013640 0.032839 0.042325 0.010736 
0.015361 0.006133 0.005785 0.007400 0.006264 0.047145 0.019141 0.014632 0.009181 0.011565 0.003340 0.011320 0.009801 0.010404 0.006661 0.005712 0.064164 0.006569 0.014109 0.004109 0.023390 0.025964 0.015196 0.024397 0.032279 0.040690 0.043908 0.020701 0.012940 0.019117 0.002425 0.011029 0.014958 0.014262 0.010972 0.008529 0.013664 0.011398 0.020333 0.010360 
0.015361 0.006133 0.005785 0.007400 0.012166 0.018908 0.005570 0.014632 0.009181 0.011565 0.003340 0.011320 0.003125 0.012125 0.007494 0.004121 0.010294 0.009183 0.010893 0.008835 0.019123 0.038061 0.020858 0.053599 0.056812 0.035546 0.013019 0.017019 0.004774 0.022960 0.006179 0.016439 0.076900 0.059078 0.010067 0.020700 0.017568 0.019890 0.026156 0.085157 
0.015361 0.006133 0.005785 0.007400 0.012166 0.018908 0.005570 0.006797 0.010753 0.020262 0.004820 0.008300 0.004075 0.012904 0.004769 0.007128 0.007044 0.005259 0.007908 0.007223 0.008683 0.025391 0.035094 0.033843 0.036198 0.020116 0.027609 0.044582 0.048128 0.032523 0.054931 0.149730 0.143220 0.062566 0.075330 0.113569 0.010928 0.058686 0.018891 0.023854 
