0.007228 0.000335 -0.000256 -0.001022 -0.002008 0.002771 0.001794 -0.000904 -0.001295 0.004116 0.000943 0.002930 0.000659 0.000432 -0.001293 0.002797 0.001863 -0.000305 -0.002561 0.002404 0.000212 0.008951 0.009025 -0.008838 0.010406 -0.007186 0.015707 0.044953 0.027740 0.006459 -0.023493 -0.026496 0.004816 -0.005728 0.025957 0.007439 0.001217 0.007895 -0.007255 0.001912 
0.007228 0.000335 -0.000256 -0.001022 -0.002008 0.002771 0.001794 0.000874 0.000836 -0.003265 0.001817 -0.001348 -0.000169 0.001378 0.000937 0.002243 0.000192 -0.001033 -0.002024 -0.000024 -0.001946 -0.000641 0.035349 0.007031 -0.039865 0.025601 0.022873 -0.011174 0.163435 0.008569 0.012896 -0.005013 0.037767 0.008887 0.046959 0.018812 0.001649 -0.059091 0.012757 -0.036209 
0.007228 0.000335 -0.000256 -0.001022 -0.005055 -0.000369 0.001451 0.000874 0.000836 -0.003265 0.001817 -0.001348 0.000112 0.002076 -0.000777 -0.000037 -0.002380 -0.000856 0.002032 -0.001641 -0.024949 -0.005998 0.045158 -0.018258 0.009943 -0.043187 0.062031 -0.029379 0.001624 -0.016065 0.002482 0.004086 0.022438 0.027381 0.083347 -0.011120 0.008111 0.053931 -0.001717 0.012645 
0.007228 0.000335 -0.000256 -0.001796 -0.005055 -0.000369 0.001451 0.000874 0.002768 -0.000371 -0.000359 0.000278 0.000112 0.002816 -0.004301 -0.000388 -0.003658 -0.002160 -0.007164 -0.017549 0.012688 -0.031541 0.013075 0.014422 -0.035773 -0.005151 0.016561 -0.001566 -0.000676 -0.000086 0.004398 0.008855 -0.006393 0.009134 0.005598 -0.002969 0.003682 -0.000554 0.003999 0.012906 
0.007228 0.000335 -0.000385 -0.001796 -0.005055 -0.000369 0.001128 0.005106 0.002768 -0.000371 0.000550 0.000448 0.001173 0.002816 0.005030 0.005147 -0.001635 -0.004745 0.021978 -0.011055 0.008390 -0.033662 0.033414 0.007236 -0.008658 -0.001097 0.000176 0.001985 0.000385 0.001261 0.005462 0.003245 -0.004174 0.005232 0.001664 0.003564 -0.007711 -0.002497 -0.032105 -0.024102 
0.007228 0.000335 -0.000385 -0.001796 -0.005055 -0.001629 0.001128 0.005106 0.001735 0.002385 0.000550 0.000448 -0.002689 0.002321 0.005030 0.016876 -0.022827 -0.020262 0.033405 0.036847 0.029803 0.072581 0.024123 0.003456 -0.000280 0.000195 0.003393 0.001713 0.001276 -0.002134 0.005039 -0.028763 0.006313 -0.008148 0.004238 -0.011673 -0.017170 0.008204 0.012151 0.000000 
0.007228 0.000335 -0.000385 -0.001796 0.005329 -0.001629 0.001128 0.002181 0.001735 0.001899 -0.001139 0.002179 -0.007152 0.021159 0.045436 0.019962 0.001517 -0.010059 0.025238 0.005138 0.030699 -0.010477 0.005382 -0.002572 -0.039011 0.003743 0.012655 -0.008069 -0.001237 0.010986 -0.010523 0.013057 0.013809 -0.010101 0.018916 -0.005005 -0.010552 0.011569 0.000000 0.000000 
0.007228 0.000335 -0.000385 -0.001796 0.005329 -0.001629 -0.000540 0.002181 -0.000035 0.001899 -0.003352 -0.005011 0.016084 0.012570 0.041567 0.056636 0.005069 0.008436 -0.004044 0.033287 -0.002542 -0.008869 -0.009001 0.000865 -0.021777 -0.005090 0.046432 0.009714 0.005776 -0.022823 -0.006812 0.006664 0.060981 0.009711 0.012468 0.025326 0.017155 0.000000 0.000000 0.000000 
0.007228 0.001506 -0.000385 -0.000685 0.005329 0.004080 -0.000540 -0.000910 -0.000035 0.003819 -0.003352 -0.020710 0.024203 -0.049161 -0.002844 0.034176 0.010900 0.008627 0.035774 0.018839 -0.018310 0.006825 -0.024688 -0.002677 -0.000688 0.006541 0.084711 0.009932 -0.001173 0.001270 0.002125 0.016388 -0.014620 -0.000922 -0.008250 -0.021860 0.000000 0.000000 0.000000 0.000000 
0.007228 0.001506 -0.000385 -0.000685 0.009168 0.004080 -0.004767 -0.000395 -0.001411 0.002409 0.002566 -0.043413 0.024673 -0.032609 0.011885 0.003723 0.027446 0.008259 0.008701 0.052766 0.073240 -0.000704 0.014313 -0.016580 -0.023778 0.023477 -0.003329 -0.001975 0.007191 0.021660 -0.020554 -0.012079 0.034853 0.004869 0.012025 0.000000 0.000000 0.000000 0.000000 0.000000 
0.007228 0.001506 -0.000049 -0.000685 0.009168 0.000345 0.000872 -0.000395 -0.000777 0.002763 -0.004379 -0.006683 0.020030 0.017795 0.023438 0.008715 0.020787 -0.012759 0.010036 -0.026739 0.042246 -0.001119 -0.001970 0.071595 -0.007713 0.006193 -0.006167 0.010625 0.008672 0.019064 0.013245 -0.002793 0.017659 0.000000 0.000000 0.000000 0.000000 0.000000 0.000000 0.000000 
0.007228 0.001506 -0.000049 0.000540 0.009168 0.000345 0.000872 0.003168 0.004633 0.023602 -0.004379 0.026719 0.011033 -0.003335 -0.001087 0.011002 0.011250 0.004217 -0.029357 -0.014343 -0.023444 -0.006373 -0.004432 -0.009781 -0.005227 0.001547 0.003160 0.021070 0.001371 0.008121 0.000358 -0.001658 0.000000 0.000000 0.000000 0.000000 0.000000 0.000000 0.000000 0.000000 
0.007228 0.001506 -0.000049 0.000540 -0.000284 0.002192 0.005643 0.004025 0.020784 -0.046070 -0.000917 -0.003666 0.020517 -0.007084 -0.012271 0.017543 0.045307 -0.000783 -0.009720 0.002617 -0.010739 -0.005116 0.016237 0.000865 -0.003265 -0.003970 0.004671 0.088967 0.004412 -0.015893 0.000000 0.000000 0.000000 0.000000 0.000000 0.000000 0.000000 0.000000 0.000000 0.000000 
0.007228 0.001506 -0.000049 0.000540 -0.000284 0.002192 0.005643 0.004025 0.005030 0.025271 -0.031529 0.017658 -0.015075 0.011200 -0.011356 -0.011318 0.104534 0.028526 -0.014875 0.002969 0.028336 -0.028346 0.001515 0.004819 -0.004902 0.007129 -0.007919 0.017859 0.017791 -0.007346 0.000000 0.000000 0.000000 0.000000 0.000000 0.000000 0.000000 0.000000 0.000000 0.000000 
0.007228 0.001506 -0.000049 0.000736 0.001183 -0.002969 0.006237 0.000542 0.001816 0.006282 -0.000941 0.019369 0.032673 0.005304 0.005218 0.003092 -0.021505 -0.027064 -0.020945 -0.032576 -0.022714 0.062440 0.037671 -0.008828 -0.003780 -0.006228 -0.034741 -0.002065 0.008757 0.007048 -0.035106 -0.008672 0.000000 0.000000 0.000000 0.000000 0.000000 0.000000 0.000000 0.000000 
0.007228 0.001506 0.000219 0.000736 0.001183 -0.000396 -0.003710 -0.000258 0.001816 -0.028965 0.019508 -0.008831 0.003738 0.020622 0.019884 0.022391 -0.002655 0.013989 -0.004495 0.004671 0.003164 0.001482 0.007705 0.006841 -0.005059 0.005197 0.048895 0.031527 0.001513 0.022552 0.021123 -0.008575 -0.001788 0.014465 0.000000 0.000000 0.000000 0.000000 0.000000 0.000000 
0.007228 0.001506 0.000219 0.000736 0.000215 -0.000396 -0.003710 0.000478 -0.001241 -0.028965 -0.027660 0.022954 -0.003225 0.026431 0.002819 0.011075 -0.005574 0.016098 -0.004531 0.002229 0.051158 0.003829 -0.012228 -0.052040 0.030797 0.011098 -0.006869 0.001553 -0.000418 -0.002292 -0.008708 -0.015744 0.000000 0.004455 0.013910 0.000000 0.000000 0.000000 0.000000 0.000000 
0.007228 0.001506 0.000219 0.000736 0.000215 -0.000396 -0.001982 0.000478 -0.000506 0.017227 0.027651 0.010407 -0.003225 0.004751 0.039809 0.025038 -0.001449 0.005952 -0.027613 -0.010552 0.041107 0.012749 0.047943 0.002258 0.028458 0.008621 0.004352 -0.021667 -0.009886 0.001413 0.023534 0.007449 0.012729 0.020500 0.011068 -0.005343 0.000000 0.000000 0.000000 0.000000 
0.007228 0.001199 0.000219 0.000606 0.000215 0.000551 -0.001982 0.003959 -0.000506 -0.000405 0.027651 0.006047 0.011963 0.025295 0.017133 0.018157 -0.008695 -0.028665 -0.008351 -0.035186 -0.023555 0.019733 0.049780 -0.003461 -0.009945 -0.000428 0.010294 0.005509 0.002565 -0.006549 0.007875 -0.017913 0.013680 -0.003335 -0.022670 0.004545 0.029166 0.000000 0.000000 0.000000 
0.007228 0.001199 0.000219 0.000606 0.000215 0.000551 0.000816 0.003959 0.003521 0.000959 0.003133 -0.020501 -0.062270 0.000985 0.000000 -0.015319 0.019936 0.034719 -0.001353 -0.001723 -0.010896 -0.011323 0.007337 -0.016351 0.002583 0.014179 0.008259 0.002962 0.000146 0.000891 -0.006941 -0.018882 0.049774 0.053774 -0.005634 -0.015805 -0.000423 0.017962 0.000000 0.000000 
0.007228 0.001199 0.000219 0.000606 0.001993 0.000551 0.000816 0.001930 0.003521 0.000959 0.005436 -0.001565 -0.010574 -0.014304 -0.019373 -0.017581 -0.056868 -0.076860 0.022539 0.021585 0.015664 -0.038005 -0.001658 0.034843 0.009971 0.005944 -0.005275 -0.006093 0.000123 0.003119 0.015843 0.016444 -0.014446 -0.035624 -0.003693 0.018367 -0.005152 0.016132 -0.001768 0.000000 
0.007228 0.001199 0.002426 0.000606 0.001993 0.001211 0.000393 0.001930 -0.003845 0.000237 0.006857 -0.001565 0.000000 -0.009811 -0.005784 -0.010414 0.041601 0.010947 -0.019144 -0.002660 -0.046041 0.002306 -0.023316 0.023507 0.019497 -0.004145 -0.039429 -0.003957 0.005971 -0.002552 -0.036579 0.002385 -0.005435 -0.003092 -0.000383 0.003697 0.001632 0.013505 0.003252 -0.010912 
0.007228 0.001199 0.002426 0.000606 0.001993 0.001211 0.000393 -0.000571 -0.003219 0.000237 0.006857 0.006072 -0.001767 -0.006497 -0.005784 -0.010414 0.006641 0.025185 -0.011323 0.012763 0.009144 0.010863 -0.020159 0.009574 0.026878 0.039617 0.000946 0.003385 0.010335 -0.001245 -0.002046 -0.008955 -0.009446 0.024935 0.034613 0.031368 0.019560 0.077222 0.040202 0.062502 
0.007228 0.001199 0.002426 0.002021 0.000841 0.001211 0.000393 -0.000571 -0.003219 0.004691 0.001488 0.014596 0.000625 -0.008873 -0.041864 -0.004893 -0.002143 0.026710 0.001352 0.000000 -0.001824 0.003637 -0.001339 0.000252 0.016901 0.000743 0.014930 0.015438 -0.006173 0.004870 0.004190 -0.001078 -0.019609 0.000000 -0.008483 -0.000464 0.006592 0.010446 0.011809 0.016940 
0.007228 0.001199 0.002426 0.002021 0.000841 0.000705 0.000180 0.000670 0.002744 0.008444 0.001488 0.014596 0.000625 -0.008873 -0.041864 -0.021404 0.027475 -0.015399 -0.005659 0.003647 0.002648 0.008026 0.007757 0.010091 -0.019761 -0.064730 0.000000 0.005943 0.016683 -0.024098 0.008925 0.007625 0.002590 -0.001930 0.031831 0.017670 0.007854 0.052586 0.113254 -0.025417 
0.007228 0.001199 0.002426 0.002021 0.000841 0.000705 0.000180 0.000670 0.002744 0.008444 0.008588 -0.002595 -0.008844 -0.000692 0.042874 0.110614 0.073764 -0.012016 -0.008360 -0.007329 0.011724 0.006774 0.002680 -0.023560 -0.019201 -0.009487 0.009428 0.005843 -0.005780 -0.014342 -0.005179 -0.009134 0.002137 0.043049 0.019958 0.007808 0.005336 0.010770 0.080858 0.065803 
0.007228 0.001199 0.002426 0.002021 0.000841 0.000705 0.000180 -0.001409 -0.002143 -0.001928 -0.001863 -0.006617 -0.008220 -0.002539 0.014107 0.028180 0.089915 0.049057 -0.000944 0.022835 0.008376 0.005308 0.062190 0.030966 -0.003789 -0.009992 0.005770 0.000403 0.003311 -0.023972 -0.032166 -0.034235 -0.002147 -0.005407 0.011382 0.000000 -0.010102 -0.004053 0.023257 0.053548 
0.007228 0.001199 0.002426 0.002021 -0.003488 -0.002689 0.000666 -0.001409 -0.002143 -0.001928 -0.001363 -0.005700 0.001474 0.005103 -0.008951 -0.000745 0.005058 0.041267 0.012156 0.006190 0.010398 -0.000185 -0.019898 -0.001891 -0.014008 0.017109 0.013040 0.003948 -0.005965 0.019699 0.011713 0.010987 0.000000 -0.017539 -0.002973 0.002262 -0.011106 0.028770 0.303504 0.438151 
0.007228 0.001199 0.002426 -0.001504 -0.003488 -0.002689 0.000666 -0.001409 0.002414 -0.000458 -0.001363 -0.005700 0.001474 0.016090 -0.002187 0.001200 0.019359 0.041267 0.009782 0.044634 0.008111 -0.001730 0.000000 -0.003170 -0.002586 -0.011532 0.012634 -0.001030 0.002310 -0.001747 0.009019 0.008808 0.020510 -0.027943 -0.003833 0.037044 0.017163 0.004364 0.047452 0.186491 
0.007228 0.001199 -0.000567 -0.001504 -0.003488 -0.002689 0.003136 0.001799 0.002414 0.001121 0.012578 0.059031 0.091807 -0.003397 -0.006216 0.007197 0.007628 -0.031099 -0.030607 -0.000590 -0.029085 -0.007143 0.014075 -0.027109 -0.002795 0.007395 0.011443 -0.023743 -0.000947 -0.002652 -0.017738 -0.040480 -0.016357 0.004388 0.027522 0.080928 0.009296 0.009939 0.006266 0.221513 
0.007228 0.001199 -0.000567 -0.001504 -0.003488 0.001787 0.003136 0.001799 0.001157 0.001121 0.012578 0.001699 0.000929 -0.003397 -0.004538 0.005714 0.007628 0.003484 -0.000274 0.000000 0.010692 0.006123 0.010879 -0.002496 0.002191 -0.006492 -0.022007 -0.014048 -0.003144 -0.012870 -0.019919 0.031402 0.085794 -0.008210 0.007566 0.009845 0.013142 0.008697 0.032379 0.000000 
0.007228 0.001199 -0.000567 -0.001504 0.002020 0.001787 0.003136 0.001292 0.001157 0.000811 0.001094 0.001699 0.000547 0.005377 0.014257 0.033255 0.012000 0.051685 0.047150 0.006875 0.006491 -0.007727 0.001882 -0.019151 -0.012138 0.011489 0.010687 -0.001966 0.004748 -0.018087 -0.011511 -0.002127 0.007384 0.006402 -0.007564 -0.010189 0.004866 0.009293 0.000000 0.000000 
0.007228 0.002719 -0.000567 0.000318 0.002020 -0.000720 0.000414 0.002765 0.000150 -0.001119 0.002535 0.005892 0.011166 -0.008738 0.004897 -0.007613 0.021369 0.017970 0.008930 -0.003701 0.002115 0.001383 0.007754 0.001071 0.000026 0.004495 0.007187 0.007177 0.010847 -0.002105 0.002110 0.010746 -0.014059 0.006103 0.008454 0.002725 0.016991 0.000000 0.000000 0.000000 
0.007228 0.002719 -0.000567 0.000318 0.002020 -0.000720 0.000414 0.002765 0.001180 -0.001119 0.001097 0.005892 0.002285 -0.008738 0.004330 -0.005251 0.003248 -0.013462 -0.016297 -0.009107 -0.018274 -0.014410 0.009043 0.002653 -0.001985 -0.006529 -0.003795 -0.002620 -0.010660 -0.000710 0.021435 0.053290 0.017599 0.052161 0.036061 0.009545 0.000000 0.000000 0.000000 0.000000 
0.007228 0.002719 -0.000567 0.000318 0.001730 -0.000720 0.004268 0.001443 0.001180 -0.001540 0.000672 0.003139 0.002683 0.006321 0.005041 0.004599 -0.002899 0.016082 0.011830 -0.004101 -0.032360 -0.014788 -0.016163 -0.007445 -0.011643 0.013044 0.008378 0.008865 0.042633 0.018643 -0.024995 -0.007452 -0.008803 -0.004458 0.000000 0.000000 0.000000 0.000000 0.000000 0.000000 
0.007228 0.002719 0.000595 0.000318 0.001730 0.001067 0.004973 0.001443 0.003732 0.001702 0.001907 0.001250 -0.001132 0.004202 -0.000304 0.001810 0.074910 0.000000 -0.007317 0.007781 -0.000375 0.028292 0.011537 0.000702 0.008777 0.033344 0.007074 0.024117 -0.016556 -0.025601 0.018703 -0.000166 -0.005725 0.000000 0.000000 0.000000 0.000000 0.000000 0.000000 0.000000 
0.007228 0.002719 0.000595 -0.000223 0.001730 0.001067 0.004973 0.002724 -0.000769 0.003158 -0.001426 0.001589 0.001057 0.005545 0.108145 0.003832 -0.002630 0.002345 0.004632 0.018622 -0.006652 0.029675 0.039502 -0.004169 -0.010221 -0.001296 -0.000589 0.000000 0.000510 0.006546 -0.006812 0.000000 0.000000 0.000000 0.000000 0.000000 0.000000 0.000000 0.000000 0.000000 
0.007228 0.002719 0.000595 -0.000223 0.000284 0.005193 -0.002769 0.001291 0.003639 -0.002506 0.015993 -0.000489 0.002600 0.018698 0.007219 -0.001747 -0.001040 0.006201 0.018237 0.004960 0.001686 0.031502 0.017978 -0.010984 -0.001545 -0.002387 0.002399 0.018348 -0.012807 -0.007320 0.000000 0.000000 0.000000 0.000000 0.000000 0.000000 0.000000 0.000000 0.000000 0.000000 
0.009524 0.009941 0.018840 -0.010896 0.005267 -0.007222 0.007708 -0.025871 -0.011141 -0.009448 0.006442 0.005566 0.001519 0.021408 0.000820 -0.000550 0.003106 0.004675 -0.000140 -0.002468 0.003306 0.000000 0.004245 -0.000522 0.003221 0.001114 0.000284 -0.000223 0.000595 0.002719 0.007228 0.000000 0.000000 0.000000 0.000000 0.000000 0.000000 0.000000 0.000000 0.000000 
-0.009965 0.009265 -0.007077 0.005334 0.004072 0.003784 0.018453 0.019083 0.018370 -0.002602 0.005520 -0.024156 -0.009116 -0.011377 0.000662 -0.002077 -0.007888 0.000990 -0.002016 0.000428 -0.000386 0.000285 -0.000306 -0.000361 -0.000522 0.003221 0.001114 -0.000885 0.001208 0.000595 0.002719 0.007228 0.000000 0.000000 0.000000 0.000000 0.000000 0.000000 0.000000 0.000000 
0.039525 -0.008090 -0.003255 -0.020750 -0.021739 -0.007797 -0.004045 -0.011162 -0.003694 0.000765 0.011386 0.001394 0.000343 -0.010082 0.009558 -0.038837 -0.002304 0.001604 0.001057 0.000467 0.001159 0.000567 0.002320 -0.000493 -0.000884 -0.000361 0.002863 0.003602 0.000359 -0.000885 0.001208 -0.000994 0.002719 0.007228 0.000000 0.000000 0.000000 0.000000 0.000000 0.000000 
-0.073745 -0.005722 0.013866 0.002136 -0.004116 -0.005978 -0.003126 -0.048660 0.003915 -0.000076 0.003404 0.000333 0.008125 0.010830 -0.004636 -0.013705 0.000000 -0.002583 0.000389 0.000884 -0.002187 0.000483 0.005679 -0.000881 -0.002074 -0.000884 -0.000602 0.001633 0.003602 0.000359 0.000371 0.001208 -0.000994 0.002719 0.007228 0.000000 0.000000 0.000000 0.000000 0.000000 
-0.012160 -0.023374 0.003277 -0.004592 0.003520 -0.002375 0.012167 0.014799 -0.002312 -0.004067 0.002617 0.025363 0.007336 0.005064 0.001134 0.017033 0.000791 0.005209 -0.002172 -0.001373 0.002054 -0.001301 -0.003073 -0.000795 0.004990 0.000592 -0.000120 0.002555 0.003001 0.004575 0.001080 -0.002527 0.000371 -0.000480 -0.000994 0.000624 0.007228 0.000000 0.000000 0.000000 
0.017458 -0.023953 0.006039 0.011232 -0.029767 -0.009139 0.011338 -0.009130 0.009197 0.003994 0.005406 0.022842 0.028591 -0.021056 0.003241 -0.019643 -0.004497 0.000059 0.002060 -0.000086 -0.001021 -0.000504 -0.000654 -0.003920 -0.000795 0.001070 0.000592 0.001474 0.002555 -0.000372 0.004575 0.001080 -0.002527 0.000371 -0.000480 -0.000994 0.000624 0.007228 0.000000 0.000000 
-0.001752 -0.025768 0.001284 -0.022569 -0.013118 0.066240 0.024212 0.021598 0.051930 -0.007857 -0.004934 -0.027193 0.022291 0.014615 0.000440 0.015399 -0.013897 -0.002935 0.003628 -0.000525 -0.001081 0.000814 0.000460 -0.000654 0.000819 -0.002697 0.000777 -0.001269 0.001474 -0.000299 -0.000372 0.004575 0.000642 -0.002527 -0.000729 -0.000480 -0.000994 0.000624 0.007228 0.000000 
0.005755 -0.032229 -0.002259 0.007074 0.003998 0.012944 0.026188 -0.011030 -0.001311 -0.001879 -0.002330 -0.001721 -0.003037 0.001617 0.015282 0.001454 -0.018558 0.002034 -0.001469 0.001819 -0.002254 0.000197 0.000089 0.001533 0.000000 -0.001194 0.000110 0.000809 0.003401 -0.000299 0.001575 0.002345 0.000642 -0.000615 -0.000729 -0.000480 -0.000994 0.000624 0.007228 0.000000 
-0.012338 -0.005254 -0.009711 -0.000387 0.001364 0.002040 -0.000394 0.001054 0.002475 -0.000577 -0.003039 0.001788 0.001338 -0.010034 0.000339 0.024342 0.012871 -0.003503 -0.001123 0.001505 -0.000390 0.000991 0.001063 -0.000809 0.000585 -0.001611 0.004049 0.000110 0.000809 0.004459 0.002949 0.001575 0.002345 -0.001355 -0.000615 -0.000729 -0.000480 0.000496 0.000624 0.007228 
-0.023495 0.010531 -0.001372 -0.000131 0.000049 0.002640 -0.004862 0.001080 -0.001014 -0.003315 0.003993 -0.000174 -0.007012 0.021612 0.028878 0.006647 0.039819 -0.005009 -0.000876 -0.005255 -0.001103 -0.000314 -0.000797 0.000049 0.001945 0.000048 0.002323 0.001163 -0.000586 0.004459 0.003532 0.000946 0.001473 -0.001355 -0.000615 -0.000729 0.000922 0.000496 0.000624 0.007228 
0.002747 0.015622 0.023403 0.003480 -0.007685 0.021241 0.005494 -0.021992 0.037803 -0.010525 0.006389 0.005255 0.008830 -0.004366 0.011830 -0.017828 0.004370 -0.020476 -0.003158 -0.001626 0.001882 -0.000876 -0.001324 -0.002571 0.000049 0.001450 0.009736 0.003527 -0.000977 -0.000744 0.000334 0.003532 0.000946 0.001473 -0.001355 0.000766 -0.000054 0.000922 0.000496 0.000624 
-0.002550 -0.011163 0.025989 -0.006158 0.019079 -0.057317 -0.001036 -0.003027 0.026971 0.006219 -0.008770 0.005735 0.006130 0.020507 0.008245 -0.013527 -0.006114 0.022451 0.011825 -0.015884 0.007894 0.001381 0.004456 0.003169 0.000988 -0.000401 0.010766 0.006889 0.000090 0.002597 0.003312 0.001838 -0.003059 0.030399 0.003117 0.000766 -0.000054 0.000922 0.000496 0.000624 
-0.008092 -0.000312 0.001443 -0.002745 0.009737 0.005973 0.007620 -0.000094 0.006743 0.001284 0.027197 -0.022517 -0.005262 -0.011901 -0.007249 -0.031793 0.011844 0.020176 0.032141 -0.008157 0.007894 0.001381 0.004456 0.003169 0.000988 -0.000401 0.010766 0.006889 0.000090 0.002597 0.003312 0.001838 -0.003059 0.030399 0.003117 0.000766 -0.000054 0.000922 0.000496 0.000624 
0.011690 0.010330 0.002014 0.001295 0.003303 0.001253 0.001155 -0.008705 -0.007745 0.000091 0.018843 0.035906 0.001509 -0.005475 -0.004799 0.010962 0.008372 0.009837 0.060518 -0.069142 -0.000459 0.006036 -0.000220 0.006042 0.000542 -0.000562 -0.001123 0.000799 0.000190 0.004706 0.004814 -0.000785 0.000243 0.022597 0.000500 0.000766 -0.000054 0.000922 0.000496 0.000624 
0.009465 0.027969 0.001459 0.047697 -0.001817 0.002360 -0.007855 0.003437 0.022435 -0.012513 0.036220 0.024509 0.000000 -0.005321 0.020907 -0.008563 -0.006158 0.011494 -0.060581 0.003676 -0.003268 0.007965 -0.000669 0.000542 0.000775 -0.000084 -0.003142 -0.000908 -0.000345 0.000505 -0.000785 0.000243 0.022597 0.000500 -0.000176 0.000608 0.000922 0.000496 0.000624 0.007228 
-0.010114 0.026315 0.012158 0.007571 0.001616 0.017816 0.000000 0.012092 0.006349 -0.014368 0.082597 -0.005585 0.023860 -0.015065 -0.001306 0.001289 -0.009094 0.008615 0.025099 -0.022476 -0.007311 0.015464 -0.002062 0.008036 0.002602 -0.000187 0.005763 0.000111 -0.000261 0.000505 -0.000191 -0.000289 0.001734 0.000500 -0.000176 0.000608 0.004006 0.000496 0.000624 0.007228 
0.003564 0.001208 0.019560 0.019320 -0.003798 -0.016444 0.011375 0.013484 0.007195 0.021672 -0.006875 -0.015179 -0.018118 -0.059502 -0.007612 -0.001440 -0.010633 -0.001626 0.019054 0.009422 0.018893 -0.005620 -0.020465 0.002793 -0.000713 -0.000189 0.000111 -0.000261 0.002024 -0.001735 -0.000289 0.001734 0.000594 -0.000176 0.000608 0.004006 0.002721 0.000624 0.007228 0.000000 
0.001414 -0.002396 0.001445 -0.002387 0.000189 0.011746 -0.020390 0.002268 0.003028 0.013194 -0.005381 -0.004839 -0.005284 0.020655 0.024037 -0.008483 0.003324 0.017682 0.023176 0.023918 0.025647 0.006853 0.010827 0.008392 -0.007704 -0.010816 0.000952 0.000411 0.013477 -0.001735 0.001563 0.000827 0.000594 0.000920 0.000608 0.004006 0.002721 0.000624 0.007228 0.000000 
-0.000593 -0.003523 0.002508 -0.000554 0.000923 -0.001602 0.019217 0.013024 0.053454 0.011052 -0.011877 0.000879 -0.036380 0.062649 0.079439 -0.018142 -0.012719 -0.005915 -0.011791 0.060827 -0.007359 0.000957 0.008392 0.006692 -0.017667 -0.005744 -0.000520 0.013477 0.002071 0.001563 0.000827 0.001007 0.000920 -0.002217 0.004006 0.002721 0.000624 0.007228 0.000000 0.000000 
0.005019 0.002590 0.003615 -0.001816 -0.000617 0.002834 0.003609 0.013389 0.003881 -0.001890 -0.030655 -0.008587 -0.004628 0.029696 0.007748 -0.038139 -0.005884 -0.010200 0.017906 -0.031316 0.015741 0.045859 0.047993 -0.017667 0.005426 -0.000520 0.006887 0.002071 0.006234 0.000827 0.001007 0.000920 -0.002217 0.004006 0.002721 0.000624 0.007228 0.000000 0.000000 0.000000 
-0.007104 0.003538 0.011389 0.006941 0.000229 0.001098 -0.001384 0.002276 0.003003 -0.003356 0.015610 0.003050 0.017105 0.016542 -0.006337 0.006646 -0.045649 0.007053 0.008921 0.204528 0.064308 0.000777 0.024995 0.012534 0.001652 0.001209 -0.002921 -0.001194 0.000035 0.002776 -0.002217 0.000915 0.002721 -0.001220 0.007228 0.000000 0.000000 0.000000 0.000000 0.000000 
0.011094 -0.001250 0.001132 0.009762 -0.003152 -0.007599 0.002806 -0.001340 0.009586 0.009102 -0.007841 0.021103 -0.011483 0.014038 0.015314 0.003956 -0.006205 -0.005036 0.046383 0.022703 0.006751 0.013081 0.004439 0.006674 0.001209 0.001292 -0.001583 0.000035 0.002776 0.000802 0.000915 0.002721 -0.001220 0.007228 0.000000 0.000000 0.000000 0.000000 0.000000 0.000000 
-0.004984 0.009140 -0.005251 -0.001241 0.011306 -0.004156 -0.005457 0.021227 0.021909 0.034179 -0.000380 -0.002627 0.018967 -0.002001 0.000481 -0.006934 -0.018301 0.013651 0.013746 0.004061 0.000250 0.009855 -0.003310 0.001292 0.002674 -0.000535 0.000758 0.000802 0.000915 0.000665 -0.001220 0.007228 0.000000 0.000000 0.000000 0.000000 0.000000 0.000000 0.000000 0.000000 
-0.013042 0.005203 0.019428 0.038158 -0.021342 -0.010559 -0.008985 -0.011192 0.012792 -0.002342 -0.004725 0.012290 -0.002061 -0.006070 0.004375 -0.012826 -0.018391 -0.004443 0.005330 0.005140 0.024055 -0.014612 -0.001550 0.002674 -0.000535 0.000758 -0.000335 -0.000753 0.000665 -0.001220 0.007228 0.000000 0.000000 0.000000 0.000000 0.000000 0.000000 0.000000 0.000000 0.000000 
-0.020258 -0.005486 -0.010652 0.009844 -0.005896 -0.007093 -0.013507 0.000529 -0.008183 0.005772 0.043729 -0.002199 0.005450 0.003941 0.012197 0.005345 0.000675 0.001898 0.018354 0.164447 -0.015464 -0.008795 0.003862 0.000969 0.002682 -0.000335 -0.000753 0.000665 -0.001220 0.007228 0.000000 0.000000 0.000000 0.000000 0.000000 0.000000 0.000000 0.000000 0.000000 0.000000 
-0.011943 -0.004684 0.017984 -0.010501 0.004619 0.001399 -0.004926 -0.031104 0.003547 0.005555 0.052648 -0.025471 -0.003886 -0.018735 0.019060 0.023739 0.004307 -0.006372 0.005318 0.139953 0.007200 -0.023567 0.009424 -0.003576 0.000590 0.001524 -0.001003 -0.000753 0.000665 -0.001220 0.007228 0.000000 0.000000 0.000000 0.000000 0.000000 0.000000 0.000000 0.000000 0.000000 
-0.001040 0.007249 0.003684 -0.002093 -0.004627 -0.000958 -0.011101 -0.013025 0.010191 0.006371 0.004403 -0.009467 -0.025052 0.000981 0.008394 0.002556 0.031450 -0.023297 0.005814 -0.003317 -0.013542 0.006571 0.003349 0.032855 0.009232 0.000122 -0.000800 0.001524 -0.001003 -0.003910 0.001246 -0.001220 0.007228 0.000000 0.000000 0.000000 0.000000 0.000000 0.000000 0.000000 
-0.000560 0.005140 -0.001335 0.022649 0.002792 0.000760 -0.002332 -0.019849 -0.002773 0.007296 -0.005953 -0.004292 0.023968 -0.010590 -0.000528 0.000169 -0.025806 -0.010920 0.006131 0.003668 0.005882 0.010052 0.002389 0.003349 0.006495 0.003178 0.000122 -0.000800 -0.000947 -0.001003 -0.003910 0.001246 -0.001220 0.007228 0.000000 0.000000 0.000000 0.000000 0.000000 0.000000 
0.006709 0.002955 0.001570 -0.000195 -0.002355 -0.000231 -0.001002 0.004096 -0.000491 0.001486 0.001637 -0.000842 0.001575 0.002237 0.026584 -0.028966 0.026443 0.001207 0.045695 0.001912 0.012129 0.012972 0.000592 -0.010632 -0.006684 -0.004781 -0.006643 0.003178 0.004668 0.003759 -0.000947 -0.000591 -0.003910 0.001246 -0.001220 0.007228 0.000000 0.000000 0.000000 0.000000 
-0.006481 0.001885 0.000054 0.003076 0.000371 0.001539 0.005417 0.001201 0.002100 0.001693 0.000506 0.002188 0.002342 0.008899 0.029124 -0.003245 0.008749 -0.011971 0.006175 0.000464 0.003153 0.008522 0.009923 0.014557 0.067781 -0.021530 -0.012268 -0.001918 -0.001410 0.003494 0.003759 0.002176 -0.000591 -0.001176 0.001246 0.000514 0.007228 0.000000 0.000000 0.000000 
0.015977 0.006974 0.004144 -0.001356 -0.000580 0.002771 0.008642 -0.001681 0.000972 0.001806 0.001671 0.002432 -0.006060 -0.001189 -0.076133 -0.021748 -0.012344 0.003671 0.009300 0.050095 0.012547 0.016188 0.025620 0.006000 0.070369 -0.015391 -0.031979 -0.002246 -0.001918 0.005538 0.003494 0.008302 0.002176 -0.000591 -0.001176 0.001246 0.000514 0.007228 0.000000 0.000000 
0.004114 -0.003773 -0.002165 0.003232 -0.001781 -0.000064 0.001628 0.001852 -0.000221 -0.005709 -0.001152 0.001723 -0.005207 -0.013349 -0.024721 0.010451 -0.008421 -0.037715 -0.001422 0.018774 0.001921 0.024184 -0.011621 0.007823 0.058033 0.024091 0.008743 -0.031979 0.044046 0.015875 0.005538 0.014323 0.008302 0.002176 0.001350 -0.001176 0.001246 0.000514 0.007228 0.000000 
0.026110 0.024608 0.008603 0.003488 0.000146 0.001117 -0.000466 0.001018 -0.000048 0.001688 0.000319 0.000486 -0.001854 0.009087 0.015490 -0.017281 -0.005168 0.013545 0.023476 0.005294 0.002570 0.005511 -0.006205 -0.011621 0.007936 0.026377 0.024091 0.046114 0.019262 0.044046 0.015875 0.010985 0.014323 0.008302 0.002889 0.001350 -0.001176 0.001246 0.000514 0.007228 
0.028673 -0.000642 0.007797 0.005089 -0.001610 0.003221 -0.001071 0.000302 0.001587 -0.000440 -0.003186 0.002354 0.000749 -0.006459 0.005796 -0.007563 0.001532 0.000000 0.010321 0.008297 -0.017048 -0.011335 -0.035982 -0.072029 -0.018329 0.044377 0.052207 0.022465 0.012386 0.010364 0.000801 0.010985 0.003971 -0.003422 0.002889 0.001350 -0.001176 -0.002698 0.000514 0.007228 
0.029285 0.002384 -0.021012 -0.006240 0.001312 -0.004043 -0.001457 0.004102 -0.000462 0.001463 -0.019138 0.003988 0.020213 0.000739 -0.007658 0.006011 0.001190 -0.002633 0.004801 0.003772 0.001337 -0.002952 -0.004319 -0.035982 -0.015705 0.034269 0.016014 0.022129 0.022465 0.012386 0.005935 0.002998 0.003607 0.003971 -0.003422 0.002889 0.001350 0.000260 -0.002698 0.000514 
-0.033889 0.000746 0.001608 0.020211 0.005358 -0.000462 0.004359 0.001970 0.002154 0.002803 0.014573 -0.002728 -0.022033 -0.013480 -0.001679 0.002872 0.007175 0.000000 -0.005458 0.004635 0.000599 -0.001422 -0.003717 -0.018656 -0.074843 -0.000479 0.016663 -0.013919 0.003184 0.019037 0.005935 0.002998 0.003607 0.003971 0.001860 0.004358 0.003009 0.000260 -0.002698 0.000514 
0.033568 -0.035843 -0.014254 0.001914 0.001683 0.001414 0.004939 0.003388 0.008262 -0.008751 -0.001066 0.010776 0.009176 0.014496 0.001113 -0.002676 0.000171 0.001540 0.002909 -0.001193 -0.000297 0.002412 -0.001675 -0.005977 0.015102 0.069356 0.006809 -0.008383 0.014009 0.006594 0.007040 0.000960 -0.002053 -0.000416 0.001860 0.004358 0.003009 0.000260 -0.002698 0.000514 
-0.019247 -0.002530 0.020430 0.009397 0.004999 0.039709 0.015184 -0.049045 -0.013893 -0.008715 -0.021186 -0.021850 0.008705 0.007080 0.012220 0.008098 -0.003598 0.000191 0.003901 0.001374 0.000219 -0.001006 -0.013453 -0.000291 -0.009155 0.082020 0.034795 0.001737 -0.003039 -0.019782 0.007040 0.000960 -0.002053 -0.000416 0.001860 0.004358 0.003009 0.000260 -0.002698 0.000514 
-0.005668 0.004099 0.000976 0.024564 0.009634 -0.019437 0.010087 -0.004698 -0.008790 0.004991 -0.007827 -0.010006 0.002547 0.012396 0.027828 0.006231 -0.003229 0.002371 0.002053 -0.000270 -0.003525 -0.000556 -0.004399 0.012337 -0.006748 0.082020 0.034795 0.001737 -0.003039 -0.019782 0.006217 0.002542 0.000219 0.002262 0.000669 0.004358 0.003009 0.000260 -0.002698 0.000514 
-0.000512 -0.020751 0.000293 0.020766 -0.011792 -0.014205 -0.011244 -0.015286 -0.012455 0.010509 0.002956 -0.002120 -0.002570 0.012587 -0.004730 -0.005238 -0.000792 -0.001427 0.000075 0.000071 0.001733 0.009415 0.028106 0.028755 0.085309 0.014569 0.014741 0.000655 0.007671 -0.001339 -0.002881 0.000219 0.002262 0.000669 -0.000202 0.001905 0.000067 -0.002698 0.000514 0.007228 
0.001835 -0.002485 -0.005096 -0.005423 -0.004606 -0.012739 -0.008746 0.010363 0.008502 -0.004872 -0.002327 -0.003043 -0.009297 0.012033 0.000852 -0.000238 0.004431 0.002843 -0.000948 0.000479 -0.003797 0.016231 -0.025004 -0.037661 0.085309 0.014569 -0.016296 -0.001152 -0.003630 -0.001339 -0.002881 -0.000130 0.002873 0.000669 -0.000202 0.001905 0.000067 -0.002698 0.000514 0.007228 
-0.013506 -0.012387 0.005631 0.013163 0.006516 -0.008039 0.005828 0.008348 0.003097 -0.004619 0.016581 0.009340 -0.005422 0.002890 -0.001936 -0.002267 -0.001703 -0.003032 -0.000587 0.001504 0.007707 0.014956 -0.008643 -0.002864 0.001567 0.000948 0.003621 -0.003630 -0.000660 -0.004299 0.001233 0.002873 0.000076 -0.000566 0.001905 0.000067 0.002785 0.000514 0.007228 0.000000 
0.012257 -0.008449 0.024427 0.001889 -0.003448 -0.007707 -0.000423 -0.008385 0.004921 0.015326 0.014294 -0.000780 0.001904 -0.000696 0.001750 -0.000037 -0.001863 -0.003900 0.002715 0.002904 0.012396 0.000947 -0.006692 -0.006338 -0.002976 0.005064 0.002242 -0.003341 -0.004299 0.001233 0.002932 0.000076 -0.000566 0.000000 0.000067 0.002785 0.000514 0.007228 0.000000 0.000000 
0.012621 0.007559 -0.001132 0.001289 -0.005419 0.007334 -0.020704 -0.012731 -0.001383 -0.002887 0.004554 0.001703 0.001374 -0.002131 0.005315 -0.005306 -0.007226 -0.017325 -0.007221 0.003763 0.008958 -0.017006 0.003217 -0.002023 -0.003717 0.009647 0.006750 -0.000464 -0.003579 0.002932 0.000351 -0.000566 0.000000 0.000067 0.002785 0.000514 0.007228 0.000000 0.000000 0.000000 
0.006499 0.003051 0.016409 -0.005742 -0.002202 -0.002324 0.005957 -0.006740 0.001832 0.007646 0.014919 0.013924 -0.009549 0.004164 0.028117 -0.021317 0.006287 0.035915 -0.013701 -0.001305 -0.008786 -0.001042 0.005311 0.000511 0.001824 0.006750 -0.000203 -0.003579 -0.003527 0.000351 0.002918 0.000000 0.003149 0.002785 -0.001090 0.007228 0.000000 0.000000 0.000000 0.000000 
0.002359 0.004327 -0.002938 0.009193 0.004220 0.008026 -0.000767 -0.001033 -0.004036 -0.018348 -0.002777 0.038327 0.013619 0.021098 -0.026127 -0.028526 -0.006751 0.021619 -0.006854 0.000554 -0.003436 -0.002698 0.000511 0.003379 0.005890 0.003424 0.001562 -0.003527 -0.000110 0.002918 0.000000 0.003149 0.002785 -0.001090 0.007228 0.000000 0.000000 0.000000 0.000000 0.000000 
0.014189 0.015251 0.023682 0.004891 0.009619 0.011927 0.007213 -0.000084 -0.009696 -0.005560 0.007625 -0.005569 -0.047685 0.001513 -0.044589 -0.007608 -0.005250 -0.001390 0.001456 0.001726 -0.005337 -0.007755 -0.003321 0.002088 0.003424 0.000563 -0.001287 -0.000110 0.002918 -0.000098 0.003149 0.002785 -0.001090 0.007228 0.000000 0.000000 0.000000 0.000000 0.000000 0.000000 
-0.013486 -0.006666 -0.002132 0.002432 0.000074 -0.001933 -0.001901 -0.002299 0.002841 -0.003416 0.011327 -0.013686 0.004260 -0.005825 -0.000525 -0.005922 -0.001683 -0.000890 0.002889 0.004083 -0.001442 0.006763 -0.006001 0.000563 -0.002323 0.001970 0.000241 -0.000098 0.003149 0.000802 -0.001090 0.007228 0.000000 0.000000 0.000000 0.000000 0.000000 0.000000 0.000000 0.000000 
0.005334 0.005869 0.005402 -0.003105 0.001759 0.002604 0.002761 0.004563 -0.014739 0.045953 -0.000708 0.009377 0.014254 -0.001462 0.000551 0.000997 0.022953 0.012485 0.003295 -0.001748 0.002036 0.002799 0.000301 -0.000326 0.006295 -0.001937 -0.000813 0.000802 -0.001090 0.007228 0.000000 0.000000 0.000000 0.000000 0.000000 0.000000 0.000000 0.000000 0.000000 0.000000 
0.007228 -0.001090 0.000802 -0.000813 -0.001937 0.006295 -0.000326 0.000301 0.000775 -0.001963 0.001667 0.002336 0.024595 -0.014039 0.001791 -0.001960 0.000677 0.036298 0.001465 0.007475 0.006781 -0.028567 0.013414 0.015871 0.003823 -0.005185 0.002434 0.003298 -0.001788 0.012213 0.000000 0.000000 0.000000 0.000000 0.000000 0.000000 0.000000 0.000000 0.000000 0.000000 
0.007228 -0.001090 0.000802 -0.000813 -0.000805 0.001965 0.000941 0.001997 0.003986 0.000899 -0.000068 0.001699 -0.001648 -0.000664 -0.004565 -0.000452 0.001151 -0.000354 -0.008952 0.006330 0.004998 0.006055 0.008876 0.001677 0.007933 -0.007079 -0.015001 0.008520 -0.001666 0.000798 -0.003386 0.012170 0.000000 0.000000 0.000000 0.000000 0.000000 0.000000 0.000000 0.000000 
0.007228 -0.001090 0.000802 0.000288 -0.000805 0.001965 0.000941 -0.000215 0.003546 -0.000789 -0.000068 0.001761 0.000172 -0.001229 0.001784 -0.000057 0.000732 0.002593 -0.004623 -0.002180 -0.020005 -0.002487 0.005003 0.006782 0.030484 -0.036783 -0.017235 0.002162 -0.018998 -0.010030 -0.012752 -0.004584 -0.002345 0.000000 0.000000 0.000000 0.000000 0.000000 0.000000 0.000000 
0.007228 -0.001090 0.000857 0.000288 -0.000805 0.002160 0.001092 -0.000215 0.000057 0.000534 -0.001516 0.001633 -0.000367 0.001749 0.003422 0.000597 0.002307 0.000733 0.007826 -0.002193 -0.001070 -0.010682 0.033004 -0.005094 0.005786 -0.007680 -0.006306 -0.011873 -0.000470 0.088041 0.075797 -0.012039 0.061929 -0.003724 0.015368 0.000000 0.000000 0.000000 0.000000 0.000000 
0.007228 -0.001090 0.000857 0.000288 0.000781 0.002160 0.000284 0.000252 0.000884 0.001983 -0.000616 0.000122 0.002526 0.000065 -0.000436 -0.001050 0.000951 0.002504 0.002992 0.000139 0.001226 0.003508 0.019354 -0.003731 -0.000746 0.001367 -0.005625 -0.001578 0.014054 -0.012533 0.002768 -0.007173 -0.002625 0.006828 0.071034 -0.004308 0.000000 0.000000 0.000000 0.000000 
0.007228 0.000335 0.000857 -0.000562 0.000781 0.011291 0.000284 -0.000316 0.000884 -0.002964 -0.000616 -0.000122 -0.002266 -0.002294 -0.002694 0.001073 0.001940 0.000935 0.002449 0.003273 0.000631 0.000225 -0.004641 -0.003788 -0.001096 -0.010383 0.024195 0.021622 -0.018609 0.011234 0.012248 0.006473 -0.003012 0.015114 0.021746 0.011299 0.007197 0.000000 0.000000 0.000000 
0.007228 0.000335 0.000857 -0.000562 0.000781 0.011291 -0.000165 -0.000316 0.002500 -0.002964 -0.000180 0.001012 -0.000486 -0.001885 -0.000548 0.002510 -0.001843 0.000107 0.003313 0.001138 0.003564 0.000313 0.001903 0.006609 0.003058 -0.018382 0.017413 0.016470 0.016108 -0.006078 0.016630 0.002206 -0.001983 -0.005198 0.005191 0.021533 0.002837 0.003177 0.000000 0.000000 
0.007228 0.000335 0.000857 -0.000562 0.000986 0.011291 -0.000165 -0.003562 0.002500 -0.000388 0.001506 -0.000538 0.000706 -0.003409 -0.002762 0.001480 0.003821 -0.001204 0.001878 0.001551 0.003285 0.001535 0.003226 0.012126 0.004154 -0.010050 0.011722 -0.006143 -0.000863 -0.021194 0.017292 -0.037047 0.000371 0.010178 0.006630 0.012625 -0.002290 -0.015461 0.009222 0.000000 
0.007228 0.000335 0.000857 -0.000562 0.000986 0.008305 -0.000165 -0.003562 0.000945 0.001634 0.001506 -0.000538 -0.001013 0.001005 -0.002762 -0.000182 0.001513 0.002090 -0.000530 0.001040 0.000242 0.000986 -0.001870 -0.002852 0.023077 0.006742 0.006038 0.008877 0.035503 0.011662 0.009653 0.001363 0.000195 0.001235 0.003446 -0.002548 0.002528 0.008171 -0.001111 0.000580 
0.007228 0.000335 -0.000256 -0.000562 0.000986 0.008305 -0.000325 0.000169 0.000945 0.001634 0.002815 0.001668 -0.000756 0.001005 -0.002938 -0.000760 0.005505 0.000020 0.000595 -0.000984 -0.000309 -0.000096 -0.001360 -0.003262 0.023058 -0.006307 0.013957 0.004457 0.024581 0.009674 -0.008475 -0.004702 -0.001152 -0.014288 0.002130 0.012691 -0.003045 -0.009193 0.017594 0.001740 
0.007228 0.000335 -0.000256 -0.001022 0.000986 0.008305 -0.000325 0.000169 -0.001564 0.002873 0.000073 0.000950 -0.000756 0.000293 -0.000089 -0.000033 0.002293 0.001935 -0.000473 -0.000192 -0.007794 -0.001217 0.001710 0.013742 0.023791 -0.013550 -0.007760 -0.006095 0.005598 0.007292 -0.000326 0.001451 -0.001041 0.001766 0.002409 0.001209 -0.002900 -0.006025 0.000504 0.001325 
0.007228 0.000335 -0.000256 -0.001022 -0.002008 0.002771 0.001794 0.000169 -0.001564 0.002873 0.000073 0.000950 0.001311 -0.001505 0.001744 0.001111 -0.001834 0.001139 0.001160 0.001442 -0.001067 -0.000167 -0.003173 0.027129 0.019393 0.003781 0.000137 -0.002013 -0.001730 0.000717 -0.003654 0.002265 0.004477 0.006292 0.003670 0.008182 -0.005463 0.003604 -0.014535 0.023155 
0.007228 0.000335 -0.000256 -0.001022 -0.002008 0.002771 0.001794 -0.000904 -0.001295 0.004116 0.000943 0.002930 0.000659 0.000432 -0.001293 0.002797 0.001863 -0.000305 -0.002561 0.002404 0.000212 0.008951 0.009025 -0.008838 0.010406 -0.007186 0.015707 0.044953 0.027740 0.006459 -0.023493 -0.026496 0.004816 -0.005728 0.025957 0.007439 0.001217 0.007895 -0.007255 0.001912 
