0.005155 0.004149 0.012869 0.006225 0.006551 0.002778 0.008828 0.008600 0.012691 0.016081 0.006893 0.009126 0.015867 0.009499 0.003929 0.009196 0.004537 0.009041 0.009618 0.006727 0.013264 0.010977 0.102903 0.070404 0.087302 0.016631 0.086141 0.080852 0.029295 0.045651 0.026349 0.201810 0.158100 0.187698 0.121830 0.233818 0.044439 0.032111 0.070235 0.027797 
0.005155 0.004149 0.012869 0.006225 0.006551 0.002778 0.008828 0.020768 0.010974 0.008040 0.007359 0.011712 0.008628 0.014870 0.007580 0.011060 0.004458 0.021936 0.017983 0.021668 0.034739 0.048050 0.045143 0.095139 0.037990 0.167234 0.235256 0.143348 0.166974 0.030648 0.053280 0.051042 0.190683 0.065434 0.044836 0.088327 0.094680 0.175422 0.128567 0.075466 
0.005155 0.004149 0.012869 0.006225 0.005951 0.005549 0.032394 0.020768 0.010974 0.008040 0.007359 0.011712 0.011250 0.005304 0.010111 0.011549 0.013765 0.026900 0.013673 0.009338 0.151319 0.057674 0.121046 0.231942 0.103988 0.064519 0.069733 0.102446 0.064817 0.015064 0.020010 0.036635 0.047469 0.019611 0.231175 0.092093 0.097452 0.056222 0.014241 0.024517 
0.005155 0.004149 0.012869 0.011202 0.005951 0.005549 0.032394 0.020768 0.026778 0.012313 0.008871 0.005857 0.011250 0.015780 0.050739 0.022228 0.012210 0.005762 0.069228 0.187295 0.114084 0.066077 0.037306 0.080547 0.062723 0.132153 0.066175 0.011574 0.009870 0.016792 0.041094 0.014184 0.018588 0.031474 0.073114 0.056883 0.017268 0.032782 0.133249 0.047743 
0.005155 0.004149 0.013545 0.011202 0.005951 0.005549 0.035526 0.085316 0.026778 0.012313 0.007750 0.016801 0.012977 0.015780 0.037580 0.015631 0.003874 0.014344 0.082616 0.198284 0.098983 0.073606 0.052654 0.038484 0.045865 0.055615 0.020319 0.016176 0.016263 0.023684 0.005150 0.055881 0.070483 0.018724 0.081985 0.048651 0.008345 0.116134 0.068355 0.028890 
0.005155 0.004149 0.013545 0.011202 0.005951 0.007736 0.035526 0.085316 0.039191 0.011721 0.007750 0.016801 0.015881 0.040653 0.037580 0.081287 0.054483 0.088570 0.068419 0.115634 0.069502 0.053682 0.022250 0.029993 0.018278 0.026623 0.006344 0.010119 0.010128 0.029007 0.014795 0.137824 0.092665 0.030573 0.071604 0.015031 0.031587 0.075347 0.148486 0.000000 
0.005155 0.004149 0.013545 0.011202 0.034272 0.007736 0.035526 0.024832 0.039191 0.010592 0.004874 0.048461 0.018296 0.085374 0.258802 0.331732 0.154985 0.070588 0.119862 0.119622 0.261668 0.048510 0.037771 0.039277 0.009905 0.036492 0.042935 0.115058 0.020405 0.049538 0.179319 0.028280 0.026370 0.024352 0.184140 0.041007 0.055066 0.035616 0.000000 0.000000 
0.005155 0.004149 0.013545 0.011202 0.034272 0.007736 0.005128 0.024832 0.020454 0.010592 0.011679 0.020001 0.089004 0.215115 0.088350 0.311489 0.049513 0.065953 0.084257 0.044884 0.033853 0.041705 0.106452 0.039135 0.017193 0.019705 0.120637 0.455902 0.142197 0.110641 0.042156 0.012398 0.075876 0.059102 0.116942 0.076795 0.029469 0.000000 0.000000 0.000000 
0.005155 0.007779 0.013545 0.013294 0.034272 0.006569 0.005128 0.003555 0.020454 0.040745 0.011679 0.040464 0.163738 0.135383 0.078585 0.035968 0.058827 0.089350 0.031063 0.034008 0.020507 0.090040 0.081782 0.018662 0.021936 0.257130 0.051214 0.078683 0.037960 0.048697 0.021623 0.020024 0.027847 0.043334 0.039897 0.034526 0.000000 0.000000 0.000000 0.000000 
0.005155 0.007779 0.013545 0.013294 0.065293 0.006569 0.006273 0.008416 0.020685 0.015005 0.005873 0.056144 0.059114 0.104656 0.082243 0.163225 0.074842 0.127852 0.112842 0.034736 0.114956 0.036199 0.086971 0.109775 0.253891 0.008717 0.080525 0.029218 0.022870 0.012152 0.003512 0.024552 0.025435 0.015547 0.051131 0.000000 0.000000 0.000000 0.000000 0.000000 
0.005155 0.007779 0.013064 0.013294 0.065293 0.011374 0.014194 0.008416 0.027164 0.002594 0.126387 0.033397 0.033205 0.098096 0.087816 0.075956 0.031180 0.060101 0.087552 0.082976 0.078812 0.006884 0.032374 0.045454 0.094157 0.030792 0.075566 0.021104 0.052894 0.078859 0.051495 0.103605 0.117926 0.000000 0.000000 0.000000 0.000000 0.000000 0.000000 0.000000 
0.005155 0.007779 0.013064 0.014259 0.065293 0.011374 0.014194 0.005444 0.022905 0.018511 0.126387 0.064984 0.069936 0.169032 0.039561 0.067678 0.032662 0.054835 0.054507 0.122479 0.088166 0.050434 0.014735 0.047301 0.036471 0.008020 0.028326 0.007921 0.031597 0.056521 0.028352 0.053362 0.000000 0.000000 0.000000 0.000000 0.000000 0.000000 0.000000 0.000000 
0.005155 0.007779 0.013064 0.014259 0.017196 0.007887 0.010384 0.015684 0.033443 0.076774 0.127556 0.116599 0.024142 0.063240 0.025261 0.186186 0.094907 0.032111 0.024890 0.055379 0.021891 0.017834 0.040504 0.029009 0.015036 0.039473 0.206286 0.180343 0.077122 0.074330 0.000000 0.000000 0.000000 0.000000 0.000000 0.000000 0.000000 0.000000 0.000000 0.000000 
0.005155 0.007779 0.013064 0.014259 0.017196 0.007887 0.010384 0.015684 0.036029 0.067654 0.086149 0.060276 0.020874 0.028980 0.042199 0.097453 0.262226 0.113518 0.055633 0.027138 0.053359 0.025085 0.035011 0.024844 0.014766 0.040552 0.070127 0.075536 0.057983 0.018291 0.000000 0.000000 0.000000 0.000000 0.000000 0.000000 0.000000 0.000000 0.000000 0.000000 
0.005155 0.007779 0.013064 0.011117 0.009484 0.002018 0.023813 0.021977 0.011166 0.066226 0.122298 0.053696 0.027939 0.060513 0.033126 0.128697 0.141602 0.164331 0.017433 0.101590 0.051768 0.078853 0.023419 0.060055 0.018670 0.036836 0.163060 0.018725 0.013299 0.040064 0.062833 0.196881 0.000000 0.000000 0.000000 0.000000 0.000000 0.000000 0.000000 0.000000 
0.005155 0.007779 0.006892 0.011117 0.009484 0.013503 0.005667 0.032147 0.011166 0.036626 0.063705 0.087383 0.069266 0.059587 0.030200 0.032116 0.072637 0.125411 0.094947 0.060383 0.105151 0.015296 0.029621 0.065234 0.054542 0.041698 0.108888 0.092442 0.099656 0.065439 0.059099 0.125533 0.030750 0.020226 0.000000 0.000000 0.000000 0.000000 0.000000 0.000000 
0.005155 0.007779 0.006892 0.011117 0.015792 0.013503 0.005667 0.016984 0.027427 0.036626 0.026450 0.087653 0.101897 0.093901 0.068115 0.018042 0.022970 0.018406 0.009688 0.206300 0.322129 0.016901 0.120528 0.118203 0.064389 0.056387 0.051466 0.154462 0.095108 0.050588 0.025546 0.058052 0.036630 0.042706 0.059699 0.000000 0.000000 0.000000 0.000000 0.000000 
0.005155 0.007779 0.006892 0.011117 0.015792 0.013503 0.009260 0.016984 0.012158 0.032794 0.093446 0.018019 0.101897 0.054144 0.076760 0.058784 0.030504 0.046221 0.040102 0.097098 0.094504 0.102726 0.057513 0.027569 0.071723 0.054196 0.050698 0.031240 0.034358 0.007067 0.086508 0.068539 0.069445 0.026728 0.034582 0.032480 0.000000 0.000000 0.000000 0.000000 
0.005155 0.007550 0.006892 0.014628 0.015792 0.006378 0.009260 0.006952 0.012158 0.015372 0.093446 0.082561 0.046965 0.016322 0.032248 0.055611 0.091010 0.076865 0.102528 0.130958 0.093082 0.131791 0.231336 0.029150 0.019954 0.028823 0.015804 0.005066 0.008010 0.019108 0.038035 0.065216 0.056105 0.068181 0.044156 0.027464 0.107345 0.000000 0.000000 0.000000 
0.005155 0.007550 0.006892 0.014628 0.015792 0.006378 0.012184 0.006952 0.038363 0.055072 0.055035 0.143625 0.027412 0.043075 0.043196 0.033596 0.123527 0.120652 0.032905 0.041310 0.073107 0.051460 0.036509 0.060299 0.054475 0.050123 0.052044 0.030646 0.019123 0.029481 0.032325 0.271471 0.143313 0.269704 0.043539 0.032883 0.032848 0.068618 0.000000 0.000000 
0.005155 0.007550 0.006892 0.014628 0.019734 0.006378 0.012184 0.009864 0.038363 0.055072 0.061694 0.056061 0.172232 0.157899 0.077151 0.100867 0.101041 0.058102 0.091586 0.055172 0.039019 0.024616 0.032058 0.034393 0.072591 0.132308 0.063056 0.042558 0.031051 0.022881 0.045788 0.062254 0.024866 0.113197 0.166843 0.134753 0.038483 0.026710 0.159601 0.000000 
0.005155 0.007550 0.007998 0.014628 0.019734 0.015478 0.003885 0.009864 0.033280 0.022058 0.024740 0.056061 0.038084 0.063134 0.017278 0.027988 0.109302 0.214084 0.142808 0.024994 0.131087 0.052045 0.109903 0.104593 0.053057 0.041601 0.070872 0.045832 0.017774 0.055539 0.109734 0.197742 0.115274 0.071058 0.024996 0.038310 0.027592 0.112054 0.290781 0.104214 
0.005155 0.007550 0.007998 0.014628 0.019734 0.015478 0.003885 0.025267 0.017547 0.022058 0.024740 0.046378 0.041874 0.062969 0.017278 0.027988 0.073319 0.268046 0.318545 0.148777 0.128588 0.346038 0.133544 0.026006 0.044256 0.073125 0.083270 0.005794 0.012517 0.027301 0.022221 0.109395 0.072502 0.011410 0.076990 0.061270 0.056131 0.146068 0.252775 0.392810 
0.005155 0.007550 0.007998 0.016497 0.007420 0.015478 0.003885 0.025267 0.017547 0.010642 0.006897 0.036030 0.037518 0.037154 0.010409 0.024955 0.096976 0.136943 0.130411 0.180432 0.059348 0.012080 0.059232 0.049720 0.110953 0.049053 0.034996 0.067423 0.053110 0.027941 0.011113 0.032113 0.256754 0.301400 0.211860 0.090706 0.019132 0.021719 0.042315 0.032521 
0.005155 0.007550 0.007998 0.016497 0.007420 0.005034 0.015301 0.027628 0.013385 0.026762 0.006897 0.036030 0.037518 0.037154 0.010409 0.062023 0.072722 0.252189 0.159846 0.034415 0.026756 0.015761 0.026359 0.127076 0.091791 0.086269 0.173796 0.126882 0.033732 0.034109 0.047155 0.140244 0.138043 0.123121 0.072641 0.048946 0.047992 0.416339 0.919756 0.396739 
0.005155 0.007550 0.007998 0.016497 0.007420 0.005034 0.015301 0.027628 0.013385 0.026762 0.015048 0.015809 0.026044 0.022285 0.128340 0.256239 0.097650 0.036563 0.057927 0.029063 0.086841 0.082619 0.273391 0.272086 0.067933 0.122731 0.032196 0.060450 0.056244 0.016161 0.035987 0.034747 0.056027 0.067518 0.038789 0.022276 0.031143 0.168757 0.835428 0.371350 
0.005155 0.007550 0.007998 0.016497 0.007420 0.005034 0.015301 0.018370 0.009039 0.021764 0.024887 0.007049 0.016430 0.016400 0.158895 0.252961 0.152334 0.323838 0.263882 0.087478 0.029753 0.127663 0.306986 0.398331 0.223698 0.160571 0.137646 0.077551 0.058141 0.124870 0.160697 0.041661 0.049402 0.011494 0.049408 0.039552 0.010212 0.080567 0.453616 0.320417 
0.005155 0.007550 0.007998 0.016497 0.006097 0.005152 0.022705 0.018370 0.009039 0.021764 0.044030 0.044908 0.030481 0.027288 0.016804 0.058708 0.078283 0.121631 0.046620 0.063524 0.048145 0.020620 0.031930 0.045106 0.056445 0.138507 0.115695 0.048662 0.043865 0.027057 0.049662 0.032000 0.063112 0.093767 0.063298 0.056861 0.057634 0.083049 0.524444 0.867025 
0.005155 0.007550 0.007998 0.007323 0.006097 0.005152 0.022705 0.018370 0.002404 0.012445 0.044030 0.044908 0.030481 0.040724 0.033728 0.128814 0.130383 0.121631 0.048554 0.029777 0.023340 0.045161 0.031217 0.113457 0.194510 0.125045 0.063938 0.048285 0.062019 0.120333 0.062301 0.077998 0.025250 0.046438 0.067062 0.062177 0.043980 0.049937 0.169594 0.839714 
0.005155 0.007550 0.007673 0.007323 0.006097 0.005152 0.009887 0.008138 0.002404 0.033434 0.053279 0.046356 0.030237 0.047291 0.013421 0.050743 0.049108 0.066646 0.040089 0.038480 0.079899 0.129921 0.046244 0.107880 0.036343 0.054214 0.062595 0.071919 0.019215 0.062803 0.057614 0.109958 0.137059 0.034953 0.127317 0.041441 0.047727 0.028005 0.157343 0.763904 
0.005155 0.007550 0.007673 0.007323 0.006097 0.004404 0.009887 0.008138 0.009534 0.033434 0.053279 0.035057 0.030701 0.047291 0.069691 0.020589 0.049108 0.079076 0.108438 0.029570 0.018201 0.026950 0.029555 0.056904 0.080848 0.039612 0.039928 0.028213 0.170526 0.145472 0.062957 0.192820 0.185307 0.107531 0.031645 0.008036 0.029988 0.014539 0.030254 0.000000 
0.005155 0.007550 0.007673 0.007323 0.004866 0.004404 0.009887 0.021992 0.009534 0.003671 0.013834 0.035057 0.006110 0.053434 0.039215 0.063520 0.062944 0.095209 0.049269 0.031363 0.015719 0.058863 0.021803 0.013488 0.061293 0.022751 0.049269 0.037055 0.024517 0.091364 0.117616 0.027398 0.035311 0.066524 0.042315 0.042342 0.057439 0.034890 0.000000 0.000000 
0.005155 0.008494 0.007673 0.002832 0.004866 0.018121 0.020707 0.054780 0.009998 0.017527 0.021065 0.004207 0.010351 0.003088 0.016633 0.028323 0.050400 0.015650 0.020109 0.032397 0.039391 0.062024 0.056188 0.012478 0.003612 0.004164 0.011434 0.072729 0.161570 0.140895 0.137478 0.159828 0.079481 0.022595 0.101021 0.098218 0.036837 0.000000 0.000000 0.000000 
0.005155 0.008494 0.007673 0.002832 0.004866 0.018121 0.020707 0.054780 0.015476 0.017527 0.005241 0.004207 0.012140 0.003088 0.010310 0.048373 0.073548 0.043726 0.038842 0.083634 0.016081 0.043611 0.040477 0.027869 0.031521 0.009161 0.012102 0.009320 0.181932 0.003679 0.053804 0.051731 0.055490 0.020295 0.039002 0.049871 0.000000 0.000000 0.000000 0.000000 
0.005155 0.008494 0.007673 0.002832 0.009277 0.018121 0.037134 0.010685 0.015476 0.016741 0.020229 0.016868 0.024423 0.023135 0.013755 0.031746 0.027295 0.070796 0.021781 0.014787 0.059496 0.050592 0.014363 0.054520 0.163233 0.036764 0.029305 0.015356 0.046196 0.053882 0.022421 0.053689 0.112763 0.046233 0.000000 0.000000 0.000000 0.000000 0.000000 0.000000 
0.005155 0.008494 0.002210 0.002832 0.009277 0.014246 0.006345 0.010685 0.018002 0.014718 0.026398 0.024075 0.025737 0.021274 0.011731 0.015993 0.067175 0.052807 0.065096 0.093657 0.102010 0.071374 0.082295 0.090123 0.107307 0.091900 0.010288 0.052406 0.080003 0.056798 0.035782 0.059411 0.057125 0.000000 0.000000 0.000000 0.000000 0.000000 0.000000 0.000000 
0.005155 0.008494 0.002210 0.013014 0.009277 0.014246 0.006345 0.012893 0.005289 0.022053 0.014928 0.055072 0.009114 0.013688 0.190844 0.014145 0.005530 0.046888 0.012319 0.046920 0.030603 0.027721 0.022128 0.031886 0.079452 0.032100 0.026427 0.056656 0.047291 0.011435 0.002470 0.000000 0.000000 0.000000 0.000000 0.000000 0.000000 0.000000 0.000000 0.000000 
0.005155 0.008494 0.002210 0.013014 0.011363 0.012407 0.006141 0.004993 0.012765 0.007473 0.081817 0.041501 0.015527 0.027832 0.010696 0.007537 0.102776 0.031370 0.062359 0.041042 0.087769 0.167772 0.097662 0.034808 0.021819 0.051144 0.110269 0.041858 0.093084 0.047353 0.000000 0.000000 0.000000 0.000000 0.000000 0.000000 0.000000 0.000000 0.000000 0.000000 
0.027046 0.034354 0.018939 0.039556 0.019579 0.052954 0.166033 0.111631 0.083322 0.006028 0.019469 0.163680 0.057810 0.026284 0.006942 0.029607 0.014245 0.003530 0.014811 0.032598 0.004962 0.009056 0.008416 0.003827 0.006722 0.004414 0.011363 0.013014 0.002210 0.008494 0.005155 0.000000 0.000000 0.000000 0.000000 0.000000 0.000000 0.000000 0.000000 0.000000 
0.019896 0.062861 0.060962 0.148355 0.065234 0.122264 0.092035 0.032248 0.031036 0.011981 0.058076 0.130384 0.044788 0.076586 0.015704 0.009443 0.009897 0.010331 0.008352 0.012716 0.005361 0.006400 0.007373 0.007716 0.003827 0.006722 0.004414 0.010542 0.009385 0.002210 0.008494 0.005155 0.000000 0.000000 0.000000 0.000000 0.000000 0.000000 0.000000 0.000000 
0.028070 0.100297 0.034982 0.071407 0.145964 0.015620 0.147033 0.207073 0.109543 0.131136 0.042776 0.010435 0.016813 0.098820 0.019522 0.046256 0.005526 0.014898 0.009798 0.007119 0.017996 0.010177 0.013082 0.009364 0.018849 0.007716 0.022682 0.026485 0.007732 0.010542 0.009385 0.009527 0.008494 0.005155 0.000000 0.000000 0.000000 0.000000 0.000000 0.000000 
0.253856 0.176514 0.254927 0.086219 0.096109 0.087312 0.168447 0.054560 0.042112 0.016460 0.058020 0.019759 0.025219 0.084588 0.020155 0.022128 0.046321 0.016307 0.017060 0.012953 0.011182 0.009916 0.017647 0.008212 0.006243 0.018849 0.011429 0.075454 0.026485 0.007732 0.015211 0.009385 0.009527 0.008494 0.005155 0.000000 0.000000 0.000000 0.000000 0.000000 
0.020187 0.038833 0.064015 0.012989 0.031543 0.014947 0.021253 0.005179 0.017982 0.217651 0.183179 0.188914 0.075734 0.086371 0.047240 0.018561 0.012298 0.005787 0.019021 0.015687 0.009444 0.002106 0.009828 0.017704 0.022612 0.013125 0.004818 0.007666 0.007735 0.071471 0.049159 0.018048 0.015211 0.005758 0.009527 0.008495 0.005155 0.000000 0.000000 0.000000 
0.120319 0.031438 0.032336 0.045221 0.069508 0.167683 0.160960 0.072679 0.035723 0.165436 0.206489 0.223104 0.316224 0.081939 0.101376 0.024799 0.011338 0.019682 0.002089 0.024630 0.002637 0.011014 0.009943 0.010068 0.017704 0.007069 0.013125 0.004882 0.007666 0.005318 0.071471 0.049159 0.018048 0.015211 0.005758 0.009527 0.008495 0.005155 0.000000 0.000000 
0.100020 0.019797 0.080370 0.019170 0.120561 0.081096 0.155562 0.095185 0.066251 0.086944 0.129993 0.081012 0.094926 0.036786 0.025213 0.025319 0.111151 0.009968 0.001872 0.011009 0.015044 0.017663 0.005774 0.009943 0.009890 0.029882 0.013142 0.003372 0.004882 0.007782 0.005318 0.071471 0.013186 0.018048 0.016443 0.005758 0.009527 0.008495 0.005155 0.000000 
0.097553 0.042856 0.090365 0.057505 0.052906 0.016133 0.063553 0.089375 0.012502 0.033155 0.017191 0.013206 0.038198 0.065926 0.038837 0.028670 0.010664 0.005756 0.004728 0.005414 0.004006 0.018833 0.011736 0.010038 0.011447 0.017341 0.012588 0.002407 0.021891 0.007782 0.007730 0.015805 0.013186 0.031822 0.016443 0.005758 0.009527 0.008495 0.005155 0.000000 
0.055952 0.014155 0.005813 0.007895 0.010838 0.007759 0.004050 0.011144 0.018782 0.005872 0.007614 0.006966 0.003899 0.112344 0.047382 0.009203 0.107500 0.062041 0.009445 0.008488 0.006875 0.007586 0.005815 0.004488 0.009835 0.026136 0.009642 0.012588 0.002407 0.007883 0.013554 0.007730 0.015805 0.006191 0.031822 0.016443 0.005758 0.013833 0.008495 0.005155 
0.018261 0.064560 0.005325 0.011673 0.023923 0.009209 0.018443 0.006268 0.003912 0.002563 0.014499 0.022519 0.039581 0.029789 0.045715 0.066372 0.130497 0.008317 0.009830 0.014728 0.008882 0.008618 0.010757 0.010686 0.018049 0.027971 0.016934 0.007142 0.004356 0.007883 0.004193 0.010651 0.021845 0.006191 0.031822 0.016443 0.015316 0.013833 0.008495 0.005155 
0.010844 0.062618 0.018879 0.013764 0.006124 0.028598 0.128042 0.208413 0.050917 0.015753 0.034051 0.017207 0.034526 0.111979 0.270336 0.051662 0.033688 0.046897 0.017642 0.006634 0.005795 0.011610 0.008040 0.010041 0.010686 0.005067 0.040134 0.033887 0.002078 0.008152 0.007445 0.004193 0.010651 0.021845 0.006191 0.009492 0.009356 0.015316 0.013833 0.008495 
0.084660 0.082708 0.179047 0.079786 0.098290 0.084774 0.076293 0.077144 0.164575 0.041378 0.078120 0.166513 0.122086 0.038208 0.056891 0.039886 0.070779 0.041438 0.009612 0.004964 0.019999 0.018153 0.008082 0.004169 0.014335 0.005311 0.041106 0.048832 0.003422 0.009918 0.004665 0.005564 0.006018 0.135490 0.006471 0.009492 0.009356 0.015316 0.013833 0.008495 
0.050956 0.031180 0.027989 0.008597 0.084979 0.031730 0.036456 0.039297 0.032643 0.064345 0.047400 0.048946 0.037479 0.056949 0.219420 0.056611 0.082321 0.104664 0.027404 0.036762 0.019999 0.018153 0.008082 0.004169 0.014335 0.005311 0.041106 0.048832 0.003422 0.009918 0.004665 0.005564 0.006018 0.135490 0.006471 0.009492 0.009356 0.015316 0.013833 0.008495 
0.175639 0.085289 0.136880 0.117645 0.017210 0.015475 0.009303 0.046493 0.138280 0.062992 0.154097 0.063279 0.211537 0.126306 0.030865 0.041228 0.109621 0.075177 0.091880 0.040523 0.023732 0.008490 0.008161 0.003024 0.020849 0.013244 0.005916 0.008909 0.009999 0.010258 0.012754 0.010966 0.001344 0.080928 0.007446 0.009492 0.009356 0.015316 0.013833 0.008495 
0.101998 0.253158 0.150666 0.080862 0.021576 0.107090 0.130973 0.105482 0.061729 0.113197 0.039467 0.120847 0.216841 0.042916 0.046109 0.043371 0.040010 0.085136 0.161867 0.054957 0.056982 0.032787 0.012601 0.020849 0.025531 0.008870 0.001744 0.009155 0.008171 0.012849 0.010966 0.001344 0.080928 0.007446 0.008242 0.010121 0.015316 0.013833 0.008495 0.005155 
0.096883 0.242498 0.023841 0.063744 0.139405 0.097061 0.189197 0.106255 0.040502 0.112437 0.045671 0.073674 0.080867 0.154859 0.196771 0.035619 0.043700 0.042990 0.083504 0.029834 0.068435 0.076913 0.034381 0.008853 0.019242 0.010269 0.010637 0.017198 0.021790 0.012849 0.006344 0.013379 0.009184 0.007446 0.008242 0.010121 0.014987 0.013833 0.008495 0.005155 
0.008524 0.011257 0.091431 0.034422 0.049985 0.054607 0.015068 0.036758 0.080805 0.040349 0.077934 0.164703 0.100158 0.064475 0.073848 0.036866 0.046749 0.012676 0.102085 0.030754 0.196463 0.102105 0.026071 0.010626 0.003948 0.035429 0.017198 0.021790 0.005765 0.024340 0.013379 0.009184 0.010326 0.008242 0.010121 0.014987 0.011534 0.008495 0.005155 0.000000 
0.018910 0.017994 0.009798 0.018782 0.020150 0.027830 0.105843 0.057459 0.034356 0.025234 0.041868 0.022115 0.044906 0.054614 0.049286 0.059036 0.023364 0.004455 0.091714 0.098165 0.062435 0.102878 0.165177 0.050317 0.004763 0.024336 0.008489 0.036803 0.008606 0.024340 0.025600 0.016713 0.010326 0.022797 0.010121 0.014987 0.011534 0.008495 0.005155 0.000000 
0.013600 0.013967 0.003292 0.015544 0.009022 0.013241 0.025019 0.033248 0.092690 0.021187 0.022595 0.014633 0.043719 0.011501 0.138053 0.072860 0.013702 0.063778 0.040788 0.089646 0.122630 0.224459 0.050317 0.042305 0.016295 0.006971 0.014750 0.008606 0.012728 0.025600 0.016713 0.025149 0.022797 0.010001 0.014987 0.011534 0.008495 0.005155 0.000000 0.000000 
0.016773 0.015301 0.007924 0.014583 0.010399 0.013654 0.011215 0.020495 0.031031 0.065507 0.027482 0.024483 0.015970 0.120598 0.108331 0.028102 0.112644 0.019722 0.054344 0.191987 0.081448 0.044330 0.112763 0.016295 0.050769 0.014750 0.007331 0.012728 0.014388 0.016713 0.025149 0.022797 0.010001 0.014987 0.011534 0.008495 0.005155 0.000000 0.000000 0.000000 
0.045174 0.038229 0.038066 0.009990 0.011359 0.015961 0.003224 0.006531 0.067847 0.069410 0.028932 0.015841 0.026345 0.020978 0.084193 0.061700 0.214900 0.101777 0.012186 0.118835 0.073772 0.013235 0.038983 0.026907 0.011265 0.011907 0.014183 0.007988 0.009518 0.021824 0.010001 0.008556 0.011534 0.010083 0.005155 0.000000 0.000000 0.000000 0.000000 0.000000 
0.036936 0.030923 0.034605 0.037309 0.024632 0.031497 0.073246 0.056550 0.112827 0.054747 0.048469 0.067788 0.100138 0.054877 0.026257 0.052987 0.087390 0.021936 0.036887 0.109587 0.031373 0.006312 0.011435 0.006742 0.011907 0.018072 0.026350 0.009518 0.021824 0.019472 0.008556 0.011534 0.010083 0.005155 0.000000 0.000000 0.000000 0.000000 0.000000 0.000000 
0.124945 0.042082 0.078837 0.018290 0.066702 0.028038 0.107643 0.025932 0.168970 0.024840 0.013105 0.093796 0.055809 0.011937 0.023105 0.050817 0.063976 0.158275 0.087614 0.008448 0.024680 0.008762 0.007077 0.018072 0.018205 0.008661 0.003456 0.019472 0.008556 0.010858 0.010083 0.005155 0.000000 0.000000 0.000000 0.000000 0.000000 0.000000 0.000000 0.000000 
0.055243 0.015197 0.040092 0.066088 0.077365 0.109216 0.121894 0.218407 0.059009 0.030865 0.062339 0.056516 0.017055 0.015204 0.023661 0.031039 0.032649 0.012286 0.014447 0.074193 0.054004 0.014042 0.009519 0.018205 0.008661 0.003456 0.012277 0.009398 0.010858 0.010083 0.005155 0.000000 0.000000 0.000000 0.000000 0.000000 0.000000 0.000000 0.000000 0.000000 
0.200840 0.173441 0.091041 0.025064 0.043222 0.024204 0.050232 0.019191 0.040905 0.042284 0.267600 0.040552 0.038339 0.020446 0.104346 0.082022 0.021158 0.011302 0.034867 0.104641 0.046850 0.005991 0.005717 0.013653 0.016224 0.012277 0.009398 0.010858 0.010083 0.005155 0.000000 0.000000 0.000000 0.000000 0.000000 0.000000 0.000000 0.000000 0.000000 0.000000 
0.120005 0.072191 0.022744 0.008438 0.036444 0.053366 0.019104 0.044519 0.058997 0.025615 0.052036 0.175296 0.117413 0.012642 0.038235 0.073063 0.083421 0.016056 0.041850 0.061508 0.059384 0.031538 0.018444 0.006800 0.013785 0.005702 0.025600 0.009398 0.010858 0.010083 0.005155 0.000000 0.000000 0.000000 0.000000 0.000000 0.000000 0.000000 0.000000 0.000000 
0.047849 0.032938 0.116773 0.047748 0.002876 0.017974 0.033056 0.035009 0.087472 0.158541 0.014836 0.038107 0.021245 0.046324 0.010765 0.027127 0.157852 0.026955 0.084298 0.037229 0.038877 0.039285 0.113212 0.076719 0.009303 0.002455 0.017201 0.005702 0.025600 0.018682 0.009023 0.010083 0.005155 0.000000 0.000000 0.000000 0.000000 0.000000 0.000000 0.000000 
0.014831 0.015054 0.015665 0.073918 0.017252 0.012230 0.060390 0.020103 0.101378 0.049639 0.076216 0.055094 0.181147 0.093221 0.029808 0.029768 0.178985 0.126139 0.047314 0.082658 0.100989 0.050011 0.205862 0.113212 0.022072 0.003900 0.002455 0.017201 0.009314 0.025600 0.018682 0.009023 0.010083 0.005155 0.000000 0.000000 0.000000 0.000000 0.000000 0.000000 
0.053653 0.009399 0.010461 0.011350 0.005714 0.002545 0.004734 0.010094 0.002726 0.010323 0.007724 0.006028 0.018952 0.041837 0.112387 0.048023 0.096389 0.063273 0.044367 0.036074 0.038409 0.028962 0.011127 0.094022 0.050633 0.055800 0.005929 0.003900 0.006534 0.004743 0.009314 0.028030 0.018682 0.009023 0.010083 0.005155 0.000000 0.000000 0.000000 0.000000 
0.006143 0.006857 0.011896 0.005968 0.003398 0.003055 0.007025 0.006551 0.005734 0.008410 0.012624 0.008681 0.041267 0.020939 0.236191 0.006980 0.036710 0.054928 0.057710 0.069584 0.040708 0.040830 0.049462 0.021361 0.029135 0.123876 0.042372 0.031999 0.019709 0.005503 0.004743 0.011193 0.028030 0.019949 0.009023 0.007193 0.005155 0.000000 0.000000 0.000000 
0.053708 0.007337 0.008731 0.005011 0.010404 0.008355 0.006973 0.004817 0.005506 0.013796 0.009173 0.004200 0.011871 0.073530 0.433846 0.139392 0.073853 0.156729 0.180804 0.193034 0.101049 0.044309 0.025672 0.021012 0.073214 0.090307 0.016551 0.030893 0.031999 0.008501 0.005503 0.017183 0.011193 0.028030 0.019949 0.009023 0.007193 0.005155 0.000000 0.000000 
0.015040 0.014706 0.023985 0.024752 0.006431 0.004944 0.009154 0.007138 0.012881 0.004329 0.003377 0.007435 0.011156 0.005301 0.539901 0.359019 0.060869 0.028458 0.071730 0.056521 0.055239 0.025191 0.107032 0.118392 0.093581 0.089248 0.126238 0.016551 0.051877 0.038543 0.008501 0.049629 0.017183 0.011193 0.019761 0.019949 0.009023 0.007193 0.005155 0.000000 
0.060468 0.064472 0.026036 0.017438 0.030251 0.016570 0.012338 0.016936 0.012484 0.004790 0.005263 0.003606 0.008683 0.024684 0.045045 0.013866 0.059942 0.090082 0.072075 0.076760 0.064522 0.018260 0.017457 0.107032 0.065783 0.040590 0.089248 0.080881 0.025244 0.051877 0.038543 0.031940 0.049629 0.017183 0.018002 0.019761 0.019949 0.009023 0.007193 0.005155 
0.079447 0.023971 0.017764 0.023231 0.009262 0.005874 0.005422 0.010225 0.001827 0.004850 0.001796 0.027504 0.092533 0.037665 0.078835 0.115762 0.090265 0.052721 0.134486 0.129383 0.050743 0.010664 0.156295 0.171363 0.135123 0.101626 0.059846 0.075648 0.048930 0.022192 0.032550 0.031940 0.004790 0.007235 0.018002 0.019761 0.019949 0.008322 0.007193 0.005155 
0.044125 0.052042 0.056169 0.026968 0.009801 0.007405 0.005157 0.003688 0.005275 0.002221 0.059520 0.113219 0.029281 0.006068 0.036841 0.022616 0.015890 0.028475 0.057529 0.038663 0.029441 0.020164 0.038963 0.156295 0.248117 0.232493 0.055442 0.028288 0.075648 0.048930 0.019672 0.012288 0.003350 0.004790 0.007235 0.018002 0.019761 0.016407 0.008322 0.007193 
0.147467 0.121295 0.071657 0.011860 0.009145 0.012137 0.012404 0.006752 0.005722 0.049863 0.114565 0.105594 0.066906 0.021710 0.057171 0.027321 0.029490 0.034046 0.117878 0.032940 0.003896 0.013264 0.033872 0.044256 0.043733 0.046523 0.037595 0.029818 0.025778 0.011007 0.019672 0.012288 0.003350 0.004790 0.005813 0.008082 0.011334 0.016407 0.008322 0.007193 
0.055064 0.032469 0.025543 0.009190 0.018933 0.020198 0.004738 0.012013 0.011972 0.011858 0.026751 0.063372 0.078068 0.042519 0.035782 0.030088 0.028882 0.045669 0.016037 0.005967 0.003135 0.010789 0.040683 0.081724 0.071145 0.037572 0.074472 0.077118 0.057350 0.012123 0.025975 0.007309 0.002848 0.006652 0.005813 0.008082 0.011334 0.016407 0.008322 0.007193 
0.075446 0.035622 0.022044 0.021624 0.019239 0.050900 0.049444 0.150490 0.178564 0.116665 0.043414 0.037684 0.075732 0.034224 0.034192 0.031056 0.019042 0.006753 0.017248 0.009350 0.016710 0.029920 0.052035 0.063852 0.282209 0.413037 0.186686 0.051809 0.037161 0.017994 0.025975 0.007309 0.002848 0.006652 0.005813 0.008082 0.011334 0.016407 0.008322 0.007193 
0.102347 0.073036 0.062268 0.019262 0.031291 0.069021 0.050665 0.075016 0.129922 0.054297 0.042551 0.022390 0.010383 0.018595 0.041517 0.019559 0.009829 0.005138 0.009858 0.011712 0.001762 0.017725 0.028292 0.072125 0.226486 0.413037 0.186686 0.051809 0.037161 0.017994 0.020632 0.005408 0.005025 0.010327 0.011488 0.008082 0.011334 0.016407 0.008322 0.007193 
0.079794 0.029135 0.057169 0.036413 0.114440 0.120240 0.033652 0.022553 0.042984 0.040001 0.048477 0.008719 0.056151 0.133467 0.025174 0.015986 0.011411 0.017394 0.006254 0.005127 0.000956 0.022904 0.102935 0.058482 0.093725 0.112860 0.030349 0.030080 0.018997 0.015079 0.023301 0.005025 0.010327 0.011488 0.011190 0.019859 0.015951 0.008322 0.007193 0.005155 
0.025481 0.032502 0.083491 0.034677 0.045514 0.029557 0.020222 0.039574 0.070557 0.030981 0.010040 0.017662 0.026976 0.032386 0.033785 0.032464 0.006234 0.007838 0.006229 0.002799 0.011570 0.022434 0.054667 0.123231 0.093725 0.112860 0.031157 0.015803 0.012052 0.015079 0.023301 0.009327 0.005535 0.011488 0.011190 0.019859 0.015951 0.008322 0.007193 0.005155 
0.046411 0.028785 0.037404 0.020281 0.014680 0.026137 0.088387 0.055823 0.019191 0.077527 0.085426 0.028776 0.011772 0.006985 0.004819 0.008481 0.003394 0.003742 0.008789 0.032954 0.106226 0.039553 0.088033 0.106861 0.037026 0.033502 0.012685 0.012052 0.007856 0.012588 0.007290 0.005535 0.007671 0.013523 0.019859 0.015951 0.011397 0.007193 0.005155 0.000000 
0.024265 0.061235 0.026970 0.042094 0.079951 0.014467 0.016324 0.064859 0.011745 0.007550 0.007342 0.029485 0.005510 0.006081 0.006207 0.010723 0.009088 0.008766 0.012627 0.041076 0.125861 0.025014 0.045559 0.083187 0.006396 0.026233 0.017868 0.018928 0.012588 0.007290 0.007303 0.007671 0.013523 0.062079 0.015951 0.011397 0.007193 0.005155 0.000000 0.000000 
0.048825 0.037700 0.103269 0.090877 0.074321 0.042749 0.069518 0.034924 0.028194 0.016889 0.025751 0.017734 0.005987 0.014479 0.008264 0.032452 0.017898 0.082320 0.097703 0.195153 0.139192 0.051199 0.014890 0.026247 0.015399 0.017095 0.001091 0.026544 0.012907 0.007303 0.011858 0.013523 0.062079 0.015951 0.011397 0.007193 0.005155 0.000000 0.000000 0.000000 
0.072257 0.010886 0.006134 0.011051 0.017996 0.020158 0.049726 0.010850 0.050666 0.042795 0.019640 0.010753 0.054103 0.093833 0.021127 0.068251 0.146956 0.197773 0.066185 0.037021 0.046806 0.019259 0.021564 0.008879 0.004838 0.001091 0.013886 0.012907 0.001776 0.011858 0.007690 0.062079 0.028063 0.011397 0.004827 0.005155 0.000000 0.000000 0.000000 0.000000 
0.040571 0.006829 0.019611 0.039191 0.016181 0.036638 0.018443 0.010552 0.014873 0.048461 0.083421 0.172936 0.177381 0.058496 0.117742 0.046513 0.108592 0.093988 0.023855 0.017253 0.005905 0.014925 0.008879 0.011591 0.009212 0.010936 0.011515 0.001776 0.011864 0.007690 0.062079 0.028063 0.011397 0.004827 0.005155 0.000000 0.000000 0.000000 0.000000 0.000000 
0.042701 0.059082 0.025585 0.009595 0.045285 0.043713 0.033940 0.008569 0.039750 0.075884 0.122208 0.071562 0.026921 0.055408 0.048445 0.041689 0.024067 0.026308 0.001685 0.008755 0.005257 0.007001 0.006667 0.037855 0.010936 0.021951 0.007427 0.011864 0.007690 0.006328 0.028063 0.011397 0.004827 0.005155 0.000000 0.000000 0.000000 0.000000 0.000000 0.000000 
0.067379 0.028016 0.024042 0.039879 0.038073 0.011881 0.008166 0.039034 0.031896 0.015631 0.073819 0.167335 0.056242 0.031329 0.023834 0.012503 0.013834 0.011474 0.013109 0.019639 0.017656 0.004035 0.011413 0.021951 0.012652 0.012199 0.008710 0.006328 0.028063 0.005275 0.004827 0.005155 0.000000 0.000000 0.000000 0.000000 0.000000 0.000000 0.000000 0.000000 
0.006789 0.014026 0.053478 0.018162 0.007055 0.004975 0.086356 0.019021 0.075591 0.093047 0.022766 0.029112 0.021041 0.010565 0.005702 0.008262 0.031112 0.012281 0.019356 0.025175 0.006486 0.001046 0.002252 0.005429 0.047186 0.007984 0.004842 0.005275 0.004827 0.005155 0.000000 0.000000 0.000000 0.000000 0.000000 0.000000 0.000000 0.000000 0.000000 0.000000 
0.005155 0.004827 0.005275 0.004842 0.007984 0.047186 0.005429 0.002252 0.007940 0.007688 0.013406 0.019716 0.049166 0.046603 0.006949 0.007901 0.010491 0.048513 0.063223 0.041488 0.034798 0.074051 0.055064 0.058695 0.032133 0.017596 0.005656 0.017178 0.036008 0.065344 0.000000 0.000000 0.000000 0.000000 0.000000 0.000000 0.000000 0.000000 0.000000 0.000000 
0.005155 0.004827 0.005275 0.004842 0.012223 0.016345 0.016842 0.006801 0.009885 0.030160 0.009542 0.013131 0.007194 0.012500 0.005041 0.002937 0.008887 0.012509 0.009672 0.020782 0.050179 0.020281 0.041276 0.085642 0.072397 0.017577 0.068521 0.019968 0.025395 0.008646 0.012715 0.030864 0.000000 0.000000 0.000000 0.000000 0.000000 0.000000 0.000000 0.000000 
0.005155 0.004827 0.005275 0.014978 0.012223 0.016345 0.016842 0.009958 0.006999 0.028844 0.009542 0.014499 0.009208 0.013572 0.002431 0.007776 0.030484 0.006442 0.026307 0.040563 0.050792 0.025406 0.018939 0.039461 0.098401 0.160627 0.112894 0.272599 0.104994 0.018600 0.029853 0.055882 0.005689 0.000000 0.000000 0.000000 0.000000 0.000000 0.000000 0.000000 
0.005155 0.004827 0.014865 0.014978 0.012223 0.006488 0.009045 0.009958 0.008779 0.004477 0.001532 0.005180 0.015225 0.011639 0.015928 0.001918 0.006434 0.004686 0.016364 0.005411 0.030632 0.067030 0.040118 0.050525 0.021344 0.016906 0.090326 0.072819 0.066852 0.262183 0.108709 0.098813 0.285123 0.093378 0.039432 0.000000 0.000000 0.000000 0.000000 0.000000 
0.005155 0.004827 0.014865 0.014978 0.004985 0.006488 0.022921 0.003179 0.016445 0.003705 0.008141 0.006067 0.014594 0.012253 0.017661 0.004117 0.003722 0.008775 0.011485 0.002140 0.021148 0.045216 0.050180 0.075749 0.048670 0.057352 0.062147 0.077004 0.110604 0.014008 0.016474 0.034001 0.040262 0.070756 0.030603 0.185380 0.000000 0.000000 0.000000 0.000000 
0.005155 0.004149 0.014865 0.018603 0.004985 0.015719 0.022921 0.002534 0.016445 0.011311 0.008141 0.009591 0.005906 0.006492 0.009164 0.011563 0.004606 0.018596 0.014073 0.011314 0.008150 0.011206 0.010993 0.014497 0.014655 0.010769 0.027280 0.081300 0.026284 0.023111 0.042373 0.010695 0.019565 0.034825 0.046334 0.045095 0.116082 0.000000 0.000000 0.000000 
0.005155 0.004149 0.014865 0.018603 0.004985 0.015719 0.016861 0.002534 0.013400 0.011311 0.007813 0.008003 0.007978 0.004184 0.006946 0.015956 0.005429 0.009597 0.002156 0.010742 0.015585 0.006267 0.010219 0.038192 0.024467 0.048673 0.013223 0.059241 0.049607 0.093622 0.086231 0.125943 0.023285 0.091079 0.068019 0.078382 0.041292 0.033603 0.000000 0.000000 
0.005155 0.004149 0.014865 0.018603 0.003403 0.015719 0.016861 0.012681 0.013400 0.025485 0.006022 0.017298 0.015237 0.006297 0.001160 0.017160 0.003314 0.007541 0.011863 0.003174 0.008424 0.002579 0.008672 0.019308 0.008831 0.023599 0.026404 0.132911 0.044771 0.111013 0.022988 0.088154 0.085517 0.020162 0.073339 0.052924 0.035798 0.035340 0.057865 0.000000 
0.005155 0.004149 0.014865 0.018603 0.003403 0.011086 0.016861 0.012681 0.008125 0.020319 0.006022 0.017298 0.025556 0.010321 0.001160 0.006029 0.001713 0.008807 0.013924 0.004250 0.007866 0.003272 0.006723 0.022960 0.036985 0.139921 0.111467 0.016083 0.050830 0.025544 0.063749 0.041176 0.004728 0.029957 0.061454 0.013715 0.026418 0.010396 0.006380 0.011712 
0.005155 0.004149 0.012869 0.018603 0.003403 0.011086 0.009601 0.015872 0.008125 0.020319 0.005212 0.006804 0.006615 0.010321 0.006130 0.006548 0.026856 0.004059 0.006007 0.004904 0.006968 0.004668 0.013299 0.013278 0.033445 0.095514 0.174197 0.036353 0.034962 0.038980 0.067440 0.040969 0.017244 0.021717 0.016731 0.051863 0.052080 0.015541 0.025856 0.007411 
0.005155 0.004149 0.012869 0.006225 0.003403 0.011086 0.009601 0.015872 0.017175 0.033056 0.014702 0.012754 0.006615 0.016823 0.012397 0.008151 0.063134 0.014340 0.009602 0.009798 0.025526 0.003224 0.014135 0.027989 0.099115 0.022879 0.011844 0.006943 0.003782 0.008422 0.008460 0.006818 0.024296 0.006921 0.007475 0.007946 0.022073 0.004731 0.006329 0.020362 
0.005155 0.004149 0.012869 0.006225 0.006551 0.002778 0.008828 0.015872 0.017175 0.033056 0.014702 0.012754 0.017980 0.007405 0.002702 0.005860 0.022593 0.012522 0.003430 0.012183 0.008651 0.009044 0.006690 0.074757 0.071553 0.015811 0.018870 0.017019 0.012617 0.015921 0.011123 0.010936 0.030446 0.085335 0.043227 0.018462 0.045678 0.100801 0.103172 0.186837 
0.005155 0.004149 0.012869 0.006225 0.006551 0.002778 0.008828 0.008600 0.012691 0.016081 0.006893 0.009126 0.015867 0.009499 0.003929 0.009196 0.004537 0.009041 0.009618 0.006727 0.013264 0.010977 0.102903 0.070404 0.087302 0.016631 0.086141 0.080852 0.029295 0.045651 0.026349 0.201810 0.158100 0.187698 0.121830 0.233818 0.044439 0.032111 0.070235 0.027797 
